img_0 -2.5881818146444857e-06 1.1154916137456894e-06 -0.0008033514604903758
img_1 -2.5881818146444857e-06 1.1154916137456894e-06 -0.0008033514604903758
img_2 -2.5881818146444857e-06 1.1154916137456894e-06 -0.0008033514604903758
img_3 -2.5881818146444857e-06 1.1154916137456894e-06 -0.0008033514604903758
img_4 0.001835938892327249 0.0008566621690988541 -0.009103616699576376
img_5 0.001835938892327249 0.0008566621690988541 -0.009103616699576376
img_6 0.00953904539346695 0.0006641001091338694 -0.007229423616081477
img_7 0.01646762527525425 0.0008588708005845547 -0.0066939424723386765
img_8 0.023997578769922256 0.001114551560021937 -0.005890689324587584
img_9 0.03127884492278099 0.0011940929107367992 -0.004819686524569988
img_10 0.03127884492278099 0.0011940929107367992 -0.004819686524569988
img_11 0.03848932310938835 0.0011593404924497008 -0.006426318548619747
img_12 0.04570172727108002 0.0016026884550228715 -0.0056231296621263045
img_13 0.05294904485344887 0.0017456132918596268 -0.004284178838133812
img_14 0.06012151390314102 0.0015312681207433343 -0.004016476683318616
img_15 0.0675453469157219 0.0019911734852939844 -0.002409999957308174
img_16 0.0675453469157219 0.0019911734852939844 -0.002409999957308174
img_17 0.08210738748311996 0.0019560649525374174 -0.0026777794118970637
img_18 0.08977700769901276 0.002241583541035652 -0.0013391348766162992
img_19 0.08977700769901276 0.002241583541035652 -0.0013391348766162992
img_20 0.10440856963396072 0.0022179344668984413 -0.001339123118668795
img_21 0.11176082491874695 0.0025754054076969624 -2.9546208679676066e-07
img_22 0.1189710944890976 0.002697839867323637 -2.9359935638240136e-07
img_23 0.1189710944890976 0.002697839867323637 -2.9359935638240136e-07
img_24 0.1189710944890976 0.002697839867323637 -2.9359935638240136e-07
img_25 0.12649883329868317 0.0025141972582787275 0.0008029240998439493
img_26 0.1339208334684372 0.0026425891555845737 0.001606181729584932
img_27 0.1339208334684372 0.0026425891555845737 0.001606181729584932
img_28 0.1413065642118454 0.002960512414574623 0.0002675165887922049
img_29 0.14851681888103485 0.0027175701688975096 0.0010707903420552614
img_30 0.15604455769062042 0.002664417726919055 0.0010707912733778362
img_31 0.15604455769062042 0.002664417726919055 0.0010707912733778362
img_32 0.1633608341217041 0.002855911385267973 0.0010707912733778362
img_33 0.17088863253593445 0.0025579158682376146 0.0018739791121333842
img_34 0.17813441157341003 0.002510274760425091 0.0016062154900282624
img_35 0.18562647700309753 0.0026447330601513386 0.0010707471519708633
img_36 0.18562647700309753 0.0026447330601513386 0.0010707471519708633
img_37 0.19308458268642426 0.0025914970319718122 0.001606296631507576
img_38 0.20040079951286316 0.0024196028243750334 0.0008030568715184928
img_39 0.20782242715358734 0.0024255625903606415 0.0008030578028410672
img_40 0.2153148353099823 0.0023091540206223726 -0.000535618979483843
img_41 0.2153148353099823 0.0023091540206223726 -0.000535618979483843
img_42 0.22252508997917175 0.001937972498126328 -0.0013389226514846089
img_43 0.2299821376800537 0.001989200245589018 -0.0016066546086221933
img_44 0.23747535049915314 0.0018547173822298646 -0.0021422035060822964
img_45 0.2445778101682663 0.0015334570780396461 -0.003748519578948618
img_46 0.2445778101682663 0.0015334570780396461 -0.003748519578948618
img_47 0.25221240520477295 0.001504837884567678 -0.00455183070152998
img_48 0.25931552052497864 0.0014112924691289663 -0.005355026572942735
img_49 0.26652398705482483 0.0011278270976617932 -0.006961503066122532
img_50 0.274192750453949 0.0010132227325811982 -0.006426007021218539
img_51 0.28175511956214905 0.0008421930251643062 -0.007496997248381378
img_52 0.28175511956214905 0.0008421930251643062 -0.007496997248381378
img_53 0.28906965255737305 0.0006036995910108089 -0.008300256915390493
img_54 0.29652562737464905 0.00035814850707538426 -0.009371306747198107
img_55 0.3040175437927246 0.0002879370586015284 -0.009906772524118423
img_56 0.3114742338657379 0.00015284122491721064 -0.010174531489610672
img_57 0.3114742338657379 0.00015284122491721064 -0.010174531489610672
img_58 0.3188229501247406 -0.00016681601118762046 -0.010442291386425497
img_59 0.3262799382209778 -0.00018347325385548174 -0.012316389009356499
img_60 0.33386778831481934 -0.00027693359879776835 -0.010973206721246244
img_61 0.34137076139450073 -0.0004202938871458173 -0.012574593536555767
img_62 0.34137076139450073 -0.0004202938871458173 -0.012574593536555767
img_63 0.34861841797828674 -0.0003277578216511756 -0.012842362746596338
img_64 0.35620999336242676 -0.0008537446847185493 -0.012574651278555395
img_65 0.36359667778015137 -0.0008854158804751933 -0.013913363218307499
img_66 0.3710196912288666 -0.000866258516907692 -0.013913362286984922
img_67 0.3710196912288666 -0.000866258516907692 -0.013913362286984922
img_68 0.3785479664802551 -0.0009097869042307138 -0.013110100291669369
img_69 0.38589799404144287 -0.001006152480840683 -0.014180996455252172
img_70 0.38589799404144287 -0.001006152480840683 -0.014180996455252172
img_71 0.40081292390823364 -0.0010952232405543327 -0.013913263566792013
img_72 0.40081292390823364 -0.0010952232405543327 -0.013913263566792013
img_73 0.4083409011363983 -0.0011387491831555963 -0.014716492034494877
img_74 0.415835440158844 -0.0011265916982665658 -0.013645373284816742
img_75 0.4229412376880646 -0.0010398940648883581 -0.013645373284816742
img_76 0.4303980767726898 -0.0010804360499605536 -0.01391310151666403
img_77 0.4303980767726898 -0.0010804360499605536 -0.01391310151666403
img_78 0.43806734681129456 -0.0011259271996095777 -0.013377617113292217
img_79 0.44510385394096375 -0.0009139673784375191 -0.01364535838365555
img_80 0.45252934098243713 -0.0007703844457864761 -0.013645360246300699
img_81 0.4601278603076935 -0.0008128571789711714 -0.013377624563872816
img_82 0.4601278603076935 -0.0008128571789711714 -0.013377624563872816
img_83 0.46716418862342834 -0.0006009028875268996 -0.013645359314978124
img_84 0.47441214323043823 -0.0005161251174286008 -0.012306464836001396
img_85 0.4817298650741577 -0.0004225235607009381 -0.013109713792800905
img_86 0.4889402985572815 -0.0003946226788684726 -0.013109711930155754
img_87 0.4889402985572815 -0.0003946226788684726 -0.013109711930155754
img_88 0.4964028298854828 -6.390170892700553e-05 -0.011770926415920261
img_89 0.5035104751586914 0.00015855638775974512 -0.012574239633977413
img_90 0.5105790495872498 0.00019209350284654647 -0.012306527234613899
img_91 0.5180040001869202 0.0002231868274975568 -0.009896134957671167
img_92 0.5180040001869202 0.0002231868274975568 -0.009896134957671167
img_93 0.5252170562744141 0.0006414563395082951 -0.011502316221594809
img_94 0.5326067209243774 0.0008625508053228259 -0.010431325994431974
img_95 0.539818525314331 0.0010321845766156912 -0.008824897930026056
img_96 0.5469600558280945 0.0012140447506681085 -0.010699240490794184
img_97 0.5542070269584656 0.001320165116339922 -0.010163734667003156
img_98 0.5542070269584656 0.001320165116339922 -0.010163734667003156
img_99 0.5614193081855774 0.0014917415101081133 -0.007753911428153516
img_100 0.5686286687850952 0.0015582517953589559 -0.008557010442018509
img_101 0.5762649178504944 0.001737789367325604 -0.007753723300993444
img_102 0.583370566368103 0.001866358914412558 -0.006147104315459729
img_103 0.583370566368103 0.001866358914412558 -0.006147104315459729
img_104 0.5907584428787231 0.0020045998971909285 -0.006682619452476503
img_105 0.5983936786651611 0.0021984342020004988 -0.005879399366676807
img_106 0.6053566336631775 0.002218713518232107 -0.0056116431951522844
img_107 0.6127429008483887 0.0022384750191122293 -0.0045407386496663085
img_108 0.6127429008483887 0.0022384750191122293 -0.0045407386496663085
img_109 0.6203070878982544 0.002448985818773508 -0.004808478988707065
img_110 0.6349760890007019 0.002694473834708333 -0.0034695984795689587
img_111 0.6424680948257446 0.0026684787590056658 -0.004005048889666797
img_112 0.6424680948257446 0.0026684787590056658 -0.004005048889666797
img_113 0.6496083736419678 0.002639880869537592 -0.0026661006268113856
img_114 0.6645575761795044 0.002663218416273594 -0.0026661416050046687
img_115 0.6719082593917847 0.0025211921893060207 -0.0013274424709379675
img_116 0.6719082593917847 0.0025211921893060207 -0.0013274424709379675
img_117 0.6794010400772095 0.002633675467222929 -0.0010596951469779015
img_118 0.6867532730102539 0.002625884022563696 -0.002934163901954889
img_119 0.6888715624809265 0.0018851265776902437 0.004294579382985832
img_120 0.689014196395874 0.001885739155113697 0.004024400841444731
img_121 0.689014196395874 0.001885739155113697 0.004024400841444731
img_122 0.689014196395874 0.001885739155113697 0.004024400841444731
img_123 0.6891896724700928 0.0021925338078290224 0.0026856218464672574
img_124 0.6895595192909241 0.009233417920768261 0.0005436141509562733
img_125 0.6898383498191833 0.016457460820674896 -0.0007952135056257249
img_126 0.6898383498191833 0.016457460820674896 -0.0007952135056257249
img_127 0.6897736191749573 0.023925086483359337 -0.0010629363823682074
img_128 0.6896752119064331 0.03108757920563221 -0.0010629345197230577
img_129 0.6896830201148987 0.03843287378549576 -0.001062932657077909
img_130 0.6896200180053711 0.04565691947937012 -0.0005273929564282298
img_131 0.6899064779281616 0.05275725573301315 -0.001866037491708994
img_132 0.6899064779281616 0.05275725573301315 -0.001866037491708994
img_133 0.6899194717407227 0.05973578244447708 -0.002669279929250479
img_134 0.690044641494751 0.06689825654029846 -0.004275898914784193
img_135 0.690181314945221 0.07405994832515717 -0.004275897052139044
img_136 0.6905645728111267 0.08103655278682709 -0.006150026805698873
img_137 0.6905645728111267 0.08103655278682709 -0.006150026805698873
img_138 0.6906089782714844 0.0882604792714119 -0.006953339558094741
img_139 0.690834641456604 0.09529835730791092 -0.008291983976960182
img_140 0.6909283399581909 0.10233797132968903 -0.008559744805097582
img_141 0.691166341304779 0.10949788987636566 -0.009898388758301737
img_142 0.6916260123252869 0.11665656417608261 -0.011237250640988352
img_143 0.6914604902267456 0.12394306063652039 -0.010969518683850769
img_144 0.6917157769203186 0.13110321760177612 -0.012308316305279732
img_145 0.691770076751709 0.13838733732700348 -0.012040582485497
img_146 0.691770076751709 0.13838733732700348 -0.012040582485497
img_147 0.6921743750572205 0.1455451399087906 -0.013647057116031648
img_148 0.6921743750572205 0.1455451399087906 -0.013647057116031648
img_149 0.6920264363288879 0.15283247828483582 -0.013379307463765146
img_150 0.6921986937522888 0.1604221761226654 -0.013914845883846286
img_151 0.6921233534812927 0.1677083671092987 -0.01257613953202963
img_152 0.6921233534812927 0.1677083671092987 -0.01257613953202963
img_153 0.6922894716262817 0.1752978414297104 -0.011505109257996084
img_154 0.6922354698181152 0.18288959562778473 -0.011237362399697306
img_155 0.6922140717506409 0.19042006134986877 -0.010434091091156008
img_156 0.6921506524085999 0.19788920879364014 -0.010166347958147528
img_157 0.6922290921211243 0.20560213923454285 -0.008559811860322952
img_158 0.6922290921211243 0.20560213923454285 -0.008559811860322952
img_159 0.6920472383499146 0.2132553607225418 -0.008292080834507942
img_160 0.6920036673545837 0.22078551352024078 -0.0058823367580771455
img_161 0.6919426321983337 0.2284383624792099 -0.005079045891761781
img_162 0.6917703747749329 0.23627524077892303 -0.0034724902361631398
img_163 0.6917703747749329 0.23627524077892303 -0.0034724902361631398
img_164 0.6915847063064575 0.2438659518957138 -0.0026693164836615333
img_165 0.6914984583854675 0.25127387046813965 -0.001866004662588239
img_166 0.6911948919296265 0.2590486705303192 0.0005436844658106567
img_167 0.6910848021507263 0.2665777802467346 0.0013468966353684666
img_168 0.6910848021507263 0.2665777802467346 0.0013468966353684666
img_169 0.6907567381858826 0.27398473024368286 0.0029534597415477037
img_170 0.690911591053009 0.2813921868801117 0.0024179730098694567
img_171 0.6908935308456421 0.28885984420776367 0.0024179748725146055
img_172 0.6909810900688171 0.2965128421783447 0.002417976735159755
img_173 0.6907870769500732 0.3036745488643646 0.002953470451757312
img_174 0.6907870769500732 0.3036745488643646 0.002953470451757312
img_175 0.6909770965576172 0.3111439645290375 0.0037567759864032264
img_176 0.69049072265625 0.3183042109012604 0.003221293911337853
img_177 0.6905373334884644 0.32577234506607056 0.004292238503694534
img_178 0.6906483173370361 0.3328797519207001 0.0024164502974599604
img_179 0.6906483173370361 0.3328797519207001 0.0024164502974599604
img_180 0.6909133791923523 0.34009745717048645 0.0018814284121617677
img_181 0.6910061836242676 0.34713760018348694 0.0002749030245468021
img_182 0.69100421667099 0.35423919558525085 0.0002749030245468021
img_183 0.6911082863807678 0.3614007532596588 -0.001331432373262942
img_184 0.6911082863807678 0.3614007532596588 -0.001331432373262942
img_185 0.6913299560546875 0.3686246871948242 -0.001331432373262942
img_186 0.6915158629417419 0.3755415976047516 -0.0034733591601252565
img_187 0.6915760636329651 0.3827035129070282 -0.0037411004304885864
img_188 0.6918147206306458 0.38980424404144287 -0.005347718484699727
img_189 0.6918147206306458 0.38980424404144287 -0.005347718484699727
img_190 0.6919927597045898 0.396659255027771 -0.0064186700619757175
img_191 0.6922169923782349 0.4040643870830536 -0.007757291197776795
img_192 0.6924841403961182 0.4111640751361847 -0.008560596965253355
img_193 0.692368745803833 0.41832712292671204 -0.00882833264768124
img_194 0.692368745803833 0.41832712292671204 -0.00882833264768124
img_195 0.6926087141036987 0.42548826336860657 -0.009363882243633272
img_196 0.6927470564842224 0.4327106773853302 -0.009899375028908254
img_197 0.6930317878723145 0.44005393981933594 -0.010702606290578844
img_198 0.692969024181366 0.4474002420902252 -0.011238056235015394
img_199 0.692969024181366 0.4474002420902252 -0.011238056235015394
img_200 0.6930890083312988 0.4549294114112854 -0.01070252060890198
img_201 0.6930262446403503 0.46227627992630005 -0.009631539694964887
img_202 0.6930634379386902 0.46980607509613037 -0.00856050103902817
img_203 0.6930556297302246 0.4771516025066376 -0.008828222751617433
img_204 0.6928768754005432 0.4849277138710022 -0.007757243700325488
img_205 0.6930413246154785 0.4924566447734833 -0.007757243700325488
img_206 0.6931350827217102 0.4999867379665375 -0.007221669424325229
img_207 0.6929438710212708 0.5077612400054932 -0.006150871980935334
img_208 0.6929438710212708 0.5077612400054932 -0.006150871980935334
img_209 0.6925656795501709 0.5152324438095093 -0.0037409930955618624
img_210 0.6926305890083313 0.5231285691261292 -0.0024023377336561676
img_211 0.6923303008079529 0.5305362939834595 -0.0007958710193634033
img_212 0.6921951770782471 0.5383720397949219 0.0002751318970695138
img_213 0.6921951770782471 0.5383720397949219 0.0002751318970695138
img_214 0.6920871138572693 0.5457797050476074 0.0010784469777718186
img_215 0.6919727325439453 0.5535534024238586 0.0026848330162465572
img_216 0.6917761564254761 0.5609601140022278 0.003220340935513377
img_217 0.6915750503540039 0.5684934854507446 0.004559878259897233
img_218 0.6915760636329651 0.5760189890861511 0.00429227715358138
img_219 0.6915760636329651 0.5760189890861511 0.00429227715358138
img_220 0.6915439963340759 0.5834873914718628 0.005095545202493668
img_221 0.6913996338844299 0.5910161733627319 0.004292307887226344
img_222 0.6914047598838806 0.5980560779571533 0.004827810451388361
img_223 0.6915802359580994 0.6056499481201172 0.004827810451388361
img_224 0.6915802359580994 0.6056499481201172 0.004827810451388361
img_225 0.6912276744842529 0.6128080487251282 0.0056307800114154824
img_226 0.6910799741744995 0.62021404504776 0.005630778148770332
img_227 0.6912877559661865 0.6272556185722351 0.004559703171253205
img_228 0.69139564037323 0.6346017122268677 0.004291968420147896
img_229 0.69139564037323 0.6346017122268677 0.004291968420147896
img_230 0.6915416121482849 0.6417645215988159 0.002150011016055942
img_231 0.6914913654327393 0.6486824750900269 0.0024177911691367626
img_232 0.6916859149932861 0.6559057235717773 8.280156180262566e-06
img_233 0.6918979287147522 0.6630071997642517 8.280156180262566e-06
img_234 0.6918979287147522 0.6630071997642517 8.280156180262566e-06
img_235 0.6920392513275146 0.6701083183288574 -0.001865988015197218
img_236 0.6920524835586548 0.6772093772888184 -0.001865988015197218
img_237 0.6922073364257812 0.6844322681427002 -0.002936938544735313
img_238 0.6914030909538269 0.6874347925186157 0.0032224308233708143
img_239 0.6914030909538269 0.6874347925186157 0.0032224308233708143
img_240 0.6913323998451233 0.6874345541000366 0.0037578546907752752
img_241 0.6913323998451233 0.6874345541000366 0.0037578546907752752
img_242 0.6913323998451233 0.6874345541000366 0.0037578546907752752
img_243 0.685505747795105 0.6862496733665466 -0.003470743773505092
img_244 0.685505747795105 0.6862496733665466 -0.003470743773505092
img_245 0.6781198382377625 0.6865814328193665 -0.0037385080941021434
img_246 0.670767605304718 0.6866089105606079 -0.0034707242157310247
img_247 0.6633099317550659 0.6863287687301636 -0.006415694020688533
img_248 0.6558510065078735 0.6860705614089966 -0.006147954612970352
img_249 0.6558510065078735 0.6860705614089966 -0.006147954612970352
img_250 0.6485713720321655 0.6862377524375916 -0.00641570193693042
img_251 0.6411120295524597 0.6859795451164246 -0.007754482328891754
img_252 0.633901834487915 0.6859130263328552 -0.007754485122859479
img_253 0.6264786720275879 0.6858481764793396 -0.007754486054182054
img_254 0.6191274523735046 0.6859051585197449 -0.009093250147998335
img_255 0.6191274523735046 0.6859051585197449 -0.009093250147998335
img_256 0.6118695735931396 0.6857872009277344 -0.009629578329622747
img_257 0.6043184995651245 0.6858599185943604 -0.009362252429127695
img_258 0.5970383882522583 0.6859281063079834 -0.010433216579258444
img_259 0.5894729495048523 0.6857621669769287 -0.010165471583604814
img_260 0.5894729495048523 0.6857621669769287 -0.010165471583604814
img_261 0.5820147395133972 0.6857767701148987 -0.009897702373564243
img_262 0.574841320514679 0.6859089732170105 -0.010165441781282427
img_263 0.5674188137054443 0.6858620047569275 -0.010165443643927574
img_264 0.5597133636474609 0.6858178973197937 -0.009629957377910617
img_265 0.5597133636474609 0.6858178973197937 -0.009629957377910617
img_266 0.5527881383895874 0.6861295104026794 -0.00936218071728945
img_267 0.5452947020530701 0.6860772371292114 -0.008826687932014467
img_268 0.5377315282821655 0.6861439943313599 -0.007755686528980732
img_269 0.5303828120231628 0.6864458322525024 -0.007487957831472159
img_270 0.5231005549430847 0.6862555146217346 -0.007755709346383811
img_271 0.5231005549430847 0.6862555146217346 -0.007755709346383811
img_272 0.5156803727149963 0.686557948589325 -0.00614915182814002
img_273 0.5084016919136047 0.6868475675582886 -0.005613679066300394
img_274 0.5009792447090149 0.6867668032646179 -0.005613680928945541
img_275 0.4936283528804779 0.6869305372238159 -0.0037393388338387025
img_276 0.4936283528804779 0.6869305372238159 -0.0037393388338387025
img_277 0.48613783717155457 0.6873258352279663 -0.0024007235188037157
img_278 0.4786089360713959 0.6874051094055176 -0.003204081673175097
img_279 0.4712223708629608 0.6873675584793091 -0.0018653825391083958
img_280 0.4638630747795105 0.6876264214515686 -0.0007931553991511465
img_281 0.4638630747795105 0.6876264214515686 -0.0007931553991511465
img_282 0.4564148187637329 0.6876934766769409 -0.0005257311859168112
img_283 0.44895684719085693 0.6877586245536804 0.0005453588091768325
img_284 0.44132211804389954 0.6878768801689148 0.0013486706884577868
img_285 0.434183269739151 0.6882345080375671 0.0016163859982043505
img_286 0.434183269739151 0.6882345080375671 0.0016163859982043505
img_287 0.42679697275161743 0.6882838010787964 0.003758243285119534
img_288 0.4191266894340515 0.6883161664009094 0.004026017617434263
img_289 0.41163209080696106 0.688653290271759 0.0037582507357001305
img_290 0.40438756346702576 0.6885648369789124 0.00482917670160532
img_291 0.40438756346702576 0.6885648369789124 0.00482917670160532
img_292 0.39664673805236816 0.6887111067771912 0.00563241634517908
img_293 0.38936540484428406 0.6887925267219543 0.005364661570638418
img_294 0.3818728029727936 0.6888747811317444 0.005096934735774995
img_295 0.37430912256240845 0.6889586448669434 0.0053646741434931755
img_296 0.35935893654823303 0.6889376044273376 0.005364669952541589
img_297 0.35935893654823303 0.6889376044273376 0.005364669952541589
img_298 0.35935893654823303 0.6889376044273376 0.005364669952541589
img_299 0.35182976722717285 0.688958466053009 0.006168012507259844
img_300 0.3446539342403412 0.6892202496528625 0.00670347223058343
img_301 0.33723169565200806 0.6891704797744751 0.005900183226913214
img_302 0.33723169565200806 0.6891704797744751 0.005900183226913214
img_303 0.32231661677360535 0.6892029047012329 0.006435676943510772
img_304 0.32231661677360535 0.6892029047012329 0.006435676943510772
img_305 0.31478941440582275 0.6890932321548462 0.005632460117340089
img_306 0.30768704414367676 0.6888695955276489 0.006435663904994727
img_307 0.30768704414367676 0.6888695955276489 0.006435663904994727
img_308 0.30022871494293213 0.6888828277587891 0.005900110118091107
img_309 0.292842835187912 0.6887780427932739 0.004829154349863529
img_310 0.2857356071472168 0.688682496547699 0.005632820073515177
img_311 0.27828139066696167 0.6885793209075928 0.005900473333895209
img_312 0.27828139066696167 0.6885793209075928 0.005900473333895209
img_313 0.27117806673049927 0.6885986328125 0.005900474265217783
img_314 0.2639703154563904 0.6883112788200378 0.005097297951579095
img_315 0.25661930441856384 0.6881513595581055 0.0053650615736842155
img_316 0.2492685616016388 0.6879894733428955 0.004829549230635166
img_317 0.2492685616016388 0.6879894733428955 0.004829549230635166
img_318 0.2423419952392578 0.6878336071968079 0.004294046666473151
img_319 0.23477940261363983 0.6878011226654053 0.004561766982078553
img_320 0.22763928771018982 0.6877685785293579 0.004026195500046016
img_321 0.22050146758556366 0.6874949932098389 0.003490725299343466
img_322 0.22050146758556366 0.6874949932098389 0.003490725299343466
img_323 0.2129736840724945 0.6872850656509399 0.0026874295435845856
img_324 0.20583467185497284 0.6872658729553223 0.0029551687184721236
img_325 0.19862604141235352 0.6868773102760315 0.0021519442088902
img_326 0.19120469689369202 0.686738908290863 0.0013487350661307578
img_327 0.19120469689369202 0.686738908290863 0.0013487350661307578
img_328 0.18410062789916992 0.6866680979728699 0.0013487350661307578
img_329 0.17699690163135529 0.6864748597145081 -0.0002577728591859341
img_330 0.16957470774650574 0.6863543391227722 -0.00025777379050850874
img_331 0.16215290129184723 0.6862338185310364 -0.0010609971359372141
img_332 0.15480151772499084 0.686241626739502 -0.0032030104193836455
img_333 0.15480151772499084 0.686241626739502 -0.0032030104193836455
img_334 0.14744935929775238 0.6860203146934509 -0.002132002729922533
img_335 0.13999226689338684 0.6860974431037903 -0.0026674924883991484
img_336 0.13271202147006989 0.6859944462776184 -0.003738388419151307
img_337 0.12550151348114014 0.6858989596366882 -0.00373839121311903
img_338 0.12550151348114014 0.6858989596366882 -0.00373839121311903
img_339 0.11800801753997803 0.685804545879364 -0.004006155766546727
img_340 0.11093912273645401 0.6858328580856323 -0.005077212117612364
img_341 0.10355158895254135 0.6856867074966431 -0.005344964563846589
img_342 0.10355158895254135 0.6856867074966431 -0.005344964563846589
img_343 0.09577640891075134 0.6857282519340515 -0.005880451295524836
img_344 0.08838965743780136 0.6857104897499084 -0.006951426621526481
img_345 0.08125019073486328 0.6856377124786377 -0.006683695130050183
img_346 0.07361577451229095 0.6856887340545654 -0.005880394484847783
img_347 0.0661589652299881 0.6857938170433044 -0.006415890529751778
img_348 0.0661589652299881 0.6857938170433044 -0.006415890529751778
img_349 0.05894927307963371 0.6858400702476501 -0.006415891461074352
img_350 0.0513506755232811 0.6858276128768921 -0.0058804196305573
img_351 0.04428388178348541 0.6861140131950378 -0.0053449384868145
img_352 0.036896247416734695 0.6859698295593262 -0.004809433594346047
img_353 0.036896247416734695 0.6859698295593262 -0.004809433594346047
img_354 0.02929864265024662 0.6861900091171265 -0.004273945931345225
img_355 0.022089136764407158 0.6864657402038574 -0.003470625961199403
img_356 0.014666208066046238 0.6863690614700317 -0.0034706250298768286
img_357 0.007422575727105141 0.6865777969360352 -0.0015966333448886874
img_358 0.007422575727105141 0.6865777969360352 -0.0015966333448886874
img_359 0.00010768603533506393 0.6871404051780701 -0.004809535108506679
img_360 -0.0006674876203760505 0.6876338720321655 -0.0045417877845466146
img_361 -0.0006674876203760505 0.6876338720321655 -0.0045417877845466146
img_362 -0.0006674876203760505 0.6876338720321655 -0.0045417877845466146
img_363 -0.0014149819035083055 0.6864741444587708 0.00027781724929809576
img_364 -0.0014149819035083055 0.6864741444587708 0.00027781724929809576
img_365 -0.001660356530919671 0.6791895031929016 0.002152037573978304
img_366 -0.001503173029050231 0.6718437075614929 0.0018842786084860568
img_367 -0.0013824993511661887 0.6640697121620178 -0.0005254105199128389
img_368 -0.0013824993511661887 0.6640697121620178 -0.0005254105199128389
img_369 -0.0012096201535314322 0.656785249710083 -0.0010608893353492024
img_370 -0.0011822638334706426 0.649255096912384 -0.0021319736260920763
img_371 -0.0012336602667346597 0.6417256593704224 -0.0018642258364707232
img_372 -0.0013175883796066046 0.6346244812011719 -0.00052542588673532
img_373 -0.0013921967474743724 0.6271564960479736 1.005042577162385e-05
img_374 -0.0013921967474743724 0.6271564960479736 1.005042577162385e-05
img_375 -0.0014981464482843876 0.6199948191642761 1.0044837836176159e-05
img_376 -0.0014980726409703493 0.6125266551971436 1.0041112545877697e-05
img_377 -0.0014273114502429962 0.6054251194000244 -0.000525498588103801
img_378 -0.0016785600455477834 0.5981400012969971 0.0005455767386592926
img_379 -0.0016785600455477834 0.5981400012969971 0.0005455767386592926
img_380 -0.0018161152256652713 0.591161847114563 0.0016164935659617188
img_381 -0.0018042416777461767 0.5838159322738647 0.003223000559955836
img_382 -0.0020996378734707832 0.5767751336097717 0.004829496610909701
img_383 -0.0023831098806113005 0.5696119666099548 0.007239056751132011
img_384 -0.0023831098806113005 0.5696119666099548 0.007239056751132011
img_385 -0.0022976889740675688 0.5626946091651917 0.007774586323648693
img_386 -0.0023480295203626156 0.5555322170257568 0.009380985982716085
img_387 -0.0025629973970353603 0.5483064651489258 0.009916478767991066
img_388 -0.0027046252507716417 0.5412038564682007 0.011522927321493629
img_389 -0.0027046252507716417 0.5412038564682007 0.011522927321493629
img_390 -0.0028666735161095858 0.5337938070297241 0.012594009749591354
img_391 -0.00285101099871099 0.5269376635551453 0.013932682573795317
img_392 -0.0028900280594825745 0.5195899605751038 0.014200448989868166
img_393 -0.0028563986998051405 0.5122444033622742 0.01553908828645945
img_394 -0.002849222393706441 0.5049585103988647 0.016342384740710255
img_395 -0.002849222393706441 0.5049585103988647 0.016342384740710255
img_396 -0.0026605066377669573 0.4977372884750366 0.016610130667686462
img_397 -0.0025728230830281973 0.4903309643268585 0.016074659302830693
img_398 -0.0026284856721758842 0.4827996492385864 0.018216624855995178
img_399 -0.0023213159292936325 0.4756413400173187 0.016877785325050357
img_400 -0.00215476774610579 0.46786847710609436 0.016610030084848404
img_401 -0.00215476774610579 0.46786847710609436 0.016610030084848404
img_402 -0.0020711494144052267 0.46070680022239685 0.016877770423889164
img_403 -0.0018702996894717216 0.4529958963394165 0.014735775068402294
img_404 -0.0017946915468201041 0.4454668164253235 0.014200286939740183
img_405 -0.0017946915468201041 0.4454668164253235 0.014200286939740183
img_406 -0.001616220222786069 0.4378775656223297 0.015271323733031751
img_407 -0.0011125595774501562 0.4303555488586426 0.013129525817930702
img_408 -0.0009060697630047798 0.42270535230636597 0.011522968299686909
img_409 -0.0009239217615686357 0.41505229473114014 0.011522964574396614
img_410 -0.0009239217615686357 0.41505229473114014 0.011522964574396614
img_411 -0.0005911901826038957 0.40764856338500977 0.009648723527789118
img_412 -0.0003406238683965057 0.399997740983963 0.009916501119732858
img_413 -0.00015875804820097983 0.3923487365245819 0.008310324512422087
img_414 -0.00015875804820097983 0.3923487365245819 0.008310324512422087
img_415 4.671988426707685e-05 0.38463646173477173 0.007239251397550107
img_416 0.0004262014990672469 0.36957883834838867 0.005900641903281213
img_417 0.000540211156476289 0.36223477125167847 0.004562122747302055
img_418 0.000540211156476289 0.36223477125167847 0.004562122747302055
img_419 0.0005041546537540853 0.35464364290237427 0.0050976285710930816
img_420 0.0004002227506134659 0.3472965955734253 0.005365393590182068
img_421 0.0004002227506134659 0.3472965955734253 0.005365393590182068
img_422 0.0006160233751870692 0.3400128185749054 0.005633144639432432
img_423 0.0004103713436052203 0.33260518312454224 0.00590086542069912
img_424 0.0004180180258117616 0.3253166079521179 0.0061687552370131024
img_425 0.0004180180258117616 0.3253166079521179 0.0061687552370131024
img_426 0.0006038717110641301 0.3180970549583435 0.005901113618165255
img_427 0.0005050912732258439 0.3108702003955841 0.007776054553687573
img_428 0.0003850793873425573 0.30358755588531494 0.008311314508318901
img_429 0.0002668876841198653 0.296546995639801 0.009649969637393955
img_430 0.00037252833135426044 0.28926271200180054 0.010185488499701023
img_431 0.00037252833135426044 0.28926271200180054 0.010185488499701023
img_432 -4.9933179980143905e-05 0.2821568250656128 0.013130813837051395
img_433 8.764076483203098e-06 0.2749953866004944 0.013398533686995506
img_434 -0.00021508234203793108 0.26794853806495667 0.015809440985322
img_435 -0.0003128776734229177 0.26072579622268677 0.017415232956409458
img_436 -0.0003128776734229177 0.26072579622268677 0.017415232956409458
img_437 -0.00047192678903229535 0.25362059473991394 0.019557330757379535
img_438 -0.000369601184502244 0.24658203125 0.019825054332613952
img_439 -0.0002239710884168744 0.2392372041940689 0.019825050607323647
img_440 -0.0002239710884168744 0.2392372041940689 0.019825050607323647
img_441 -0.00033177033765241504 0.2321937382221222 0.021699329838156704
img_442 -0.00031637767096981406 0.22496891021728516 0.022770324721932408
img_443 -0.0002932484494522214 0.21774445474147797 0.024644481018185616
img_444 -0.00018289053696207702 0.21039867401123047 0.024376716464757923
img_445 -0.0003233197203371674 0.20310865342617035 0.026786381378769878
img_446 -0.0003233197203371674 0.20310865342617035 0.026786381378769878
img_447 -0.0001972407626453787 0.19576385617256165 0.026518644765019417
img_448 -6.983762432355434e-05 0.18829402327537537 0.027857799082994465
img_449 0.00038025074172765017 0.1810210794210434 0.025984069332480434
img_450 0.0006112133269198239 0.17349478602409363 0.02571631036698819
img_451 0.0006112133269198239 0.17349478602409363 0.02571631036698819
img_452 0.0007663441356271505 0.16608919203281403 0.025984061881899837
img_453 0.001135410857386887 0.15868982672691345 0.024645429104566574
img_454 0.0011871774913743138 0.1508524864912033 0.025716511532664306
img_455 0.0015880202408879995 0.14351509511470795 0.024913331493735317
img_456 0.0015880202408879995 0.14351509511470795 0.024913331493735317
img_457 0.001706506940536201 0.13592112064361572 0.023841790854930878
img_458 0.0020992588251829147 0.12834152579307556 0.023841788992285735
img_459 0.002105012768879533 0.1206870973110199 0.024377318099141117
img_460 0.0026403372175991535 0.1132301539182663 0.020896824076771736
img_461 0.0026403372175991535 0.1132301539182663 0.020896824076771736
img_462 0.002940321806818247 0.10564316809177399 0.02143238112330437
img_463 0.00317364395596087 0.09805640578269958 0.019290590658783913
img_464 0.0034955793526023626 0.0905313491821289 0.02036163397133351
img_465 0.0035844394005835056 0.08269613981246948 0.01848743855953217
img_466 0.0035844394005835056 0.08269613981246948 0.01848743855953217
img_467 0.003686035517603159 0.07528938353061676 0.019558474421501163
img_468 0.003832087852060795 0.06782282143831253 0.01875526085495949
img_469 0.004254868254065514 0.06036067008972168 0.018219726160168648
img_470 0.004035318270325661 0.05300918221473694 0.018487483263015747
img_471 0.0043876259587705135 0.04542446881532669 0.017684323713183403
img_472 0.0043876259587705135 0.04542446881532669 0.017684323713183403
img_473 0.004301166627556086 0.03832046315073967 0.01929089613258839
img_474 0.0043380381539464 0.030912544578313828 0.02009415812790393
img_475 0.004519728012382984 0.02363063581287861 0.019826427102088928
img_476 0.004382675979286432 0.0162807609885931 0.021968372166156772
img_477 0.004382675979286432 0.0162807609885931 0.021968372166156772
img_478 0.004535981919616461 0.009303348138928413 0.02437828853726387
img_479 0.00443238252773881 0.0019526337273418903 0.024913793429732326
