img_0 0.0 0.0 0.0
img_1 0.0 0.0 0.0
img_2 0.0 0.0 0.0
img_3 0.0 0.0 0.0
img_4 0.0 0.0 0.0
img_5 0.0 0.0 0.0
img_6 0.0 0.0 0.0
img_7 0.0 0.0 0.0
img_8 0.0 0.0 0.0
img_9 0.0 0.0 0.0
img_10 0.0 0.0 0.0
img_11 0.0 0.0 0.0
img_12 0.0 0.0 0.0
img_13 0.0 0.0 0.0
img_14 0.0 0.0 0.0
img_15 0.0 0.0 0.0
img_16 -6.980917532928288e-05 0.00048365278053097427 -0.00026644745958037674
img_17 -0.0004532128223218024 0.0025998286437243223 0.001065849093720317
img_18 -5.82478241994977e-06 0.008585606701672077 -0.021582555025815967
img_19 -0.0012071235105395317 0.012784548103809357 -0.012522179633378984
img_20 -0.0024509867653250694 0.022171858698129654 -0.0037291962653398522
img_21 -0.0005313524743542075 0.031475454568862915 -0.02451293729245663
img_22 0.0016498774057254195 0.03783316910266876 -0.035971734672784805
img_23 0.0014615531545132399 0.046189457178115845 -0.033040426671504974
img_24 -0.0008362180087715387 0.05485431104898453 -0.00852901488542557
img_25 -0.0008475977811031044 0.06579801440238953 -0.013325325213372707
img_26 0.0006822884897701442 0.07581495493650436 -0.023184509947896007
img_27 0.0012781235855072737 0.08795759081840515 -0.02638225071132183
img_28 0.003103580791503191 0.0989159494638443 -0.0301123782992363
img_29 0.0031818426214158535 0.10846998542547226 -0.02691503241658211
img_30 0.0030943125020712614 0.12208142131567001 -0.02265142276883126
img_31 0.0023410338908433914 0.13352932035923004 -0.022118452936410904
img_32 0.0027349181473255157 0.14186538755893707 -0.021319132298231125
img_33 0.0018474406097084284 0.15428197383880615 0.001064710319042206
img_34 0.0037929825484752655 0.16286899149417877 0.010124037042260172
img_35 0.010291201062500477 0.165897935628891 0.03943948447704315
img_36 0.01846984401345253 0.16755174100399017 0.04210395738482477
img_37 0.030618194490671158 0.1693945974111557 0.028783179819583903
img_38 0.04708366096019745 0.17125993967056274 0.017057755962014202
img_39 0.06417474150657654 0.1721561849117279 0.029581237584352493
img_40 0.0775604248046875 0.1753346174955368 0.001869356259703636
img_41 0.09078419208526611 0.17832182347774506 0.019988439977169037
img_42 0.10527921468019485 0.1815749555826187 0.011194514110684397
img_43 0.1178530678153038 0.18086931109428406 0.03117728233337403
img_44 0.12929515540599823 0.18467436730861664 0.018119417130947117
img_45 0.1423206329345703 0.1864827424287796 0.008792486973106861
img_46 0.15560182929039001 0.1884736716747284 0.021581511944532394
img_47 0.16974864900112152 0.191500723361969 0.013053588569164278
img_48 0.1839866042137146 0.194407120347023 -0.008793100714683534
img_49 0.19614188373088837 0.19538843631744385 -0.008793100714683534
img_50 0.2065982073545456 0.1974128782749176 0.005064334720373154
img_51 0.21657796204090118 0.19794705510139465 0.020784109830856323
img_52 0.2227570116519928 0.20303449034690857 0.06635102629661561
img_53 0.22713369131088257 0.21192970871925354 0.13563239574432373
img_54 0.23074576258659363 0.2210877537727356 0.19878551363945013
img_55 0.2338760495185852 0.2317098081111908 0.2672677338123322
img_56 0.23624736070632935 0.24194954335689545 0.3314821124076844
img_57 0.23716653883457184 0.25300800800323486 0.41728338599205017
img_58 0.2372588962316513 0.2664080858230591 0.5150743126869202
img_59 0.23671916127204895 0.2811080813407898 0.6184559464454651
img_60 0.23543496429920197 0.2933289408683777 0.7090564370155334
img_61 0.23547379672527313 0.3016470968723297 0.7770062685012818
img_62 0.24214400351047516 0.3082062900066376 0.812712073326111
img_63 0.24657510221004486 0.31578829884529114 0.8561459779739382
img_64 0.24706749618053436 0.32936227321624756 0.9560574293136598
img_65 0.2469058483839035 0.34255337715148926 1.0663883686065674
img_66 0.2454548478126526 0.35631173849105835 1.1604413986206055
img_67 0.24551518261432648 0.3672114312648773 1.2318582534790041
img_68 0.24911880493164062 0.37852421402931213 1.2779527902603152
img_69 0.25198882818222046 0.39118441939353943 1.328578233718872
img_70 0.25361064076423645 0.40531131625175476 1.3696171045303345
img_71 0.2557733654975891 0.41833674907684326 1.4175810813903809
img_72 0.2549978792667389 0.42718079686164856 1.437299728393555
img_73 0.2553669214248657 0.43628740310668945 1.4711366891860964
img_74 0.2543008029460907 0.44628751277923584 1.4879250526428225
img_75 0.24674442410469055 0.4561675488948822 1.471928119659424
img_76 0.24207718670368195 0.46665671467781067 1.4756563901901245
img_77 0.242647185921669 0.48154008388519287 1.5196226835250854
img_78 0.2422609031200409 0.49763819575309753 1.548933982849121
img_79 0.24106203019618988 0.509186327457428 1.5353443622589111
img_80 0.2379583865404129 0.5206133723258972 1.5513323545455933
img_81 0.23729556798934937 0.5331599116325378 1.5627900362014775
img_82 0.23250612616539001 0.5466375350952148 1.560125470161438
img_83 0.2324763536453247 0.5608456134796143 1.5515986680984497
img_84 0.23348934948444366 0.5726616978645325 1.5563949346542358
img_85 0.23147200047969818 0.5837216377258301 1.5465364456176758
img_86 0.23076367378234863 0.5969030857086182 1.5515995025634766
img_87 0.2255057841539383 0.6096780896186829 1.5611926317214968
img_88 0.21928080916404724 0.6224780082702637 1.5622583627700806
img_89 0.21518883109092712 0.6318332552909851 1.5718508958816528
img_90 0.2140311747789383 0.6402449011802673 1.5939682722091677
img_91 0.2095692902803421 0.6422714591026306 1.5769140720367432
img_92 0.19891443848609924 0.6445101499557495 1.5489355325698855
img_93 0.1835360825061798 0.6464174389839172 1.5425407886505127
img_94 0.16739977896213531 0.6490386724472046 1.5372112989425661
img_95 0.15077802538871765 0.6512736082077026 1.532414793968201
img_96 0.14016343653202057 0.653742253780365 1.5406751632690432
img_97 0.12884095311164856 0.655480682849884 1.5444066524505615
img_98 0.1176256388425827 0.656684398651123 1.5422754287719729
img_99 0.1057417169213295 0.6578266620635986 1.539344072341919
img_100 0.09941382706165314 0.6604700684547424 1.512701392173767
img_101 0.09660529345273972 0.6600740551948547 1.492186427116394
img_102 0.09026513248682022 0.6612038016319275 1.5073760747909548
img_103 0.0797174945473671 0.661104142665863 1.5140377283096316
img_104 0.06705163419246674 0.6598659753799438 1.5289590358734133
img_105 0.05630488693714142 0.660455584526062 1.5302913188934328
img_106 0.055360931903123856 0.6610528230667114 1.5268273353576662
img_107 0.055360931903123856 0.6610528230667114 1.5268273353576662
img_108 0.0551874041557312 0.6612351536750793 1.5230969190597534
img_109 0.05294222757220268 0.6623908281326294 1.4871206283569338
img_110 0.05331536754965782 0.6624996662139893 1.3845382928848269
img_111 0.05440950393676758 0.6627553105354309 1.3235149383544922
img_112 0.05303794890642166 0.6634975671768188 1.21586275100708
img_113 0.05325182527303696 0.6649443507194519 1.1090301275253296
img_114 0.05312619358301163 0.6641491055488586 0.9773992300033569
img_115 0.053762707859277725 0.6617406606674194 0.8939877748489381
img_116 0.052747029811143875 0.6638551950454712 0.8015230894088745
img_117 0.05027586221694946 0.6630412340164185 0.6880155205726626
img_118 0.05050719156861305 0.6586915850639343 0.643778145313263
img_119 0.04939039424061775 0.6563418507575989 0.6046116352081299
img_120 0.04919736832380295 0.6534894704818726 0.5462563633918762
img_121 0.04843562841415405 0.6550784111022949 0.4633835554122925
img_122 0.04524907469749451 0.6504449248313904 0.3962382376194
img_123 0.04286572337150574 0.651348352432251 0.3647964000701905
img_124 0.04423227161169052 0.6507052779197693 0.2704682946205139
img_125 0.046218618750572205 0.6482444405555725 0.1921280026435852
img_126 0.047014228999614716 0.6503702998161316 0.12950505316257477
img_127 0.045294541865587234 0.6484392285346985 0.07168570160865786
img_128 0.046889033168554306 0.6535236835479736 0.05916326865553857
img_129 0.046188291162252426 0.6653540730476379 0.05916327610611916
img_130 0.044385891407728195 0.6798438429832458 0.06156146153807641
img_131 0.04462900385260582 0.6934869289398193 0.058097757399082205
img_132 0.04477624595165253 0.7077890634536743 0.04583969712257386
img_133 0.04271559417247772 0.7191939353942871 0.0607614815235138
img_134 0.040125418454408646 0.7318778038024902 0.07221959531307222
img_135 0.04109865427017212 0.7406765818595886 0.04637449234724044
img_136 0.04297586902976036 0.7544429302215576 0.02638900838792324
img_137 0.04201231524348259 0.7697803378105164 0.024257218465209014
img_138 0.03961817920207977 0.7878656387329102 0.03837979212403298
img_139 0.037531472742557526 0.8040006160736084 0.031185373663902283
img_140 0.03649450093507767 0.8238081336021423 0.02239239774644375
img_141 0.030552910640835762 0.8271827697753906 -0.037564069032669074
img_142 0.030872028321027756 0.8291674256324768 -0.05861552804708482
img_143 0.03441851586103439 0.8359836339950562 -0.17690595984458923
img_144 0.03336634114384651 0.8360489010810852 -0.3543770909309388
img_145 0.03585592284798622 0.8383511900901794 -0.4636323750019074
img_146 0.03642437234520912 0.8440152406692505 -0.5944623351097107
img_147 0.03866005316376686 0.8507499694824219 -0.7356778383255005
img_148 0.04155391827225685 0.8587324023246765 -0.8678474426269532
img_149 0.04875945299863815 0.8612680435180664 -0.9941920638084415
img_150 0.05538026988506317 0.8616192936897278 -1.1345728635787966
img_151 0.056297022849321365 0.8620851635932922 -1.2973697185516357
img_152 0.057695358991622925 0.8613533973693848 -1.3959655761718752
img_153 0.05608908832073212 0.8624522089958191 -1.49589467048645
img_154 0.054532382637262344 0.8638055920600891 -1.5518527030944824
img_155 0.055013321340084076 0.8639543652534485 -1.549987554550171
img_156 0.05507449060678482 0.8639207482337952 -1.5510534048080444
img_157 0.057200342416763306 0.8634390830993652 -1.555849313735962
img_158 0.0644906759262085 0.8611739873886108 -1.5739699602127077
img_159 0.07016343623399734 0.8577348589897156 -1.5984863042831425
img_160 0.07966621220111847 0.8536658883094788 -1.6251288652420044
img_161 0.0989626869559288 0.8499594330787659 -1.6126043796539309
img_162 0.12137144058942795 0.8460522294044495 -1.6000801324844363
img_163 0.14022254943847656 0.8453603386878967 -1.589954614639282
img_164 0.15657691657543182 0.8467925786972046 -1.572634816169739
img_165 0.1724199801683426 0.8486483097076416 -1.5566478967666628
img_166 0.1875123381614685 0.8503979444503784 -1.5353300571441653
img_167 0.20409320294857025 0.8485761284828186 -1.5569138526916506
img_168 0.21706530451774597 0.8463123440742493 -1.573169231414795
img_169 0.22818458080291748 0.8444709777832031 -1.5878232717514038
img_170 0.23922212421894073 0.8427817225456238 -1.5848920345306399
img_171 0.24983277916908264 0.836313784122467 -1.532402038574219
img_172 0.26314806938171387 0.8283364772796631 -1.4372723102569582
img_173 0.27582114934921265 0.8229953050613403 -1.3794546127319336
img_174 0.28133392333984375 0.8145684003829956 -1.3610658645629883
img_175 0.2859891653060913 0.8046038746833801 -1.337352752685547
img_176 0.29117026925086975 0.795359194278717 -1.3248293399810793
img_177 0.29674553871154785 0.7830832004547119 -1.3037794828414917
img_178 0.30266091227531433 0.7658187747001648 -1.2907034158706667
img_179 0.30946865677833557 0.7469572424888611 -1.265424728393555
img_180 0.3143545985221863 0.7280392050743103 -1.2576977014541628
img_181 0.3221597671508789 0.7117816805839539 -1.2302535772323608
img_182 0.3274959921836853 0.6972655057907104 -1.1724265813827515
img_183 0.33821427822113037 0.6887867450714111 -1.1047470569610596
img_184 0.3485853672027588 0.6843135356903076 -1.0381338596343996
img_185 0.35837575793266296 0.6827090382575989 -0.9619131088256836
img_186 0.3666897118091583 0.6809321641921997 -0.8910414576530457
img_187 0.37561100721359253 0.6763386130332947 -0.8060395717620852
img_188 0.3818926215171814 0.6684823632240295 -0.7386269569396973
img_189 0.3926489055156708 0.665311336517334 -0.6565558314323426
img_190 0.40767621994018555 0.6618223190307617 -0.5598276257514955
img_191 0.4241369068622589 0.6569997072219849 -0.46284651756286627
img_192 0.4378453493118286 0.6557002067565918 -0.3818373680114747
img_193 0.4481257200241089 0.6546993255615234 -0.32721540331840526
img_194 0.459454745054245 0.6535360217094421 -0.27125066518783575
img_195 0.47064900398254395 0.6507993340492249 -0.22728805243968966
img_196 0.4833686649799347 0.6484780311584473 -0.18518647551536563
img_197 0.4926702678203583 0.6482732892036438 -0.163336992263794
img_198 0.505473256111145 0.6499626636505127 -0.18172429502010348
img_199 0.5170029401779175 0.6538061499595642 -0.23900662362575537
img_200 0.5235867500305176 0.6564959287643433 -0.2877717912197113
img_201 0.5272319912910461 0.6599565744400024 -0.33573311567306524
img_202 0.5330730676651001 0.663554847240448 -0.3887718915939332
img_203 0.5378137826919556 0.6623314619064331 -0.43618932366371166
img_204 0.5426238775253296 0.6621572971343994 -0.4844207763671875
img_205 0.5463466644287109 0.6644342541694641 -0.5662280321121218
img_206 0.5492684245109558 0.6690957546234131 -0.6394987702369691
img_207 0.5504910349845886 0.6743671894073486 -0.7005396485328675
img_208 0.5518164038658142 0.6749102473258972 -0.7679487466812134
img_209 0.5573232173919678 0.6792561411857605 -0.8262925744056703
img_210 0.5607020854949951 0.6846000552177429 -0.8641272187232973
img_211 0.5709444880485535 0.6948593258857727 -0.9264841675758363
img_212 0.5774067044258118 0.7047787308692932 -1.0186805725097656
img_213 0.5867013931274414 0.708249568939209 -1.0781017541885376
img_214 0.596867561340332 0.7139846682548523 -1.156981229782105
img_215 0.604539692401886 0.7189170718193054 -1.2227927446365356
img_216 0.6126843094825745 0.7230599522590637 -1.2862120866775513
img_217 0.6224841475486755 0.7250901460647583 -1.351493835449219
img_218 0.6271366477012634 0.7325647473335266 -1.4138485193252563
img_219 0.6330105662345886 0.7333528995513916 -1.4620769023895264
img_220 0.6399784088134766 0.7386079430580139 -1.5390833616256714
img_221 0.6488324999809265 0.7436033487319946 -1.6134222745895388
img_222 0.6597577333450317 0.7471904158592224 -1.7064225673675535
img_223 0.6723594069480896 0.75234055519104 -1.8151383399963377
img_224 0.6783320307731628 0.7540531754493713 -1.9209226369857788
img_225 0.6760609745979309 0.7562946081161499 -2.034703493118286
img_226 0.6794998645782471 0.7531689405441284 -2.145817518234253
img_227 0.6811765432357788 0.7558672428131104 -2.3110084533691406
img_228 0.6825390458106995 0.7589724659919739 -2.439182996749878
img_229 0.6847910284996033 0.7597696781158447 -2.4860787391662598
img_230 0.6900438070297241 0.7541983723640442 -2.5385756492614746
img_231 0.6993619799613953 0.7476211786270142 -2.627577066421509
img_232 0.7117534279823303 0.7410097718238831 -2.7378880977630615
img_233 0.7222316861152649 0.7415406703948975 -2.8042428493499756
img_234 0.7288733124732971 0.7434858679771423 -2.916950225830078
img_235 0.7354560494422913 0.7488347291946411 -2.9675726890563965
img_236 0.7433452606201172 0.7561764717102051 -3.0168707370758057
img_237 0.7533473372459412 0.7602941989898682 -3.0571048259735107
img_238 0.7689993381500244 0.7756977081298828 -3.1207940578460693
img_239 0.7885343432426453 0.7882591485977173 -3.139979362487793
img_240 0.8123952150344849 0.7974874377250671 3.1136291662799285
img_241 0.8353346586227417 0.8060401678085327 3.0925768057452605
img_242 0.8570361137390137 0.8129094243049622 3.05232030550112
img_243 0.8741086721420288 0.8161747455596924 3.0105026404010222
img_244 0.8831318616867065 0.8191925287246704 2.916716877614157
img_245 0.8897439241409302 0.822580099105835 2.8146544138537806
img_246 0.8867256045341492 0.8219431042671204 2.6792410055743616
img_247 0.8872827887535095 0.8247036337852478 2.546613756810324
img_248 0.8871652483940125 0.8239071369171143 2.4973192850696013
img_249 0.882495105266571 0.8250712156295776 2.3899353186236785
img_250 0.8784890174865723 0.8284019231796265 2.21353799501528
img_251 0.8746743202209473 0.8317814469337463 2.0563243071185515
img_252 0.8695529103279114 0.834880530834198 1.9556081930743623
img_253 0.8613063097000122 0.8381691575050354 1.833564106618063
img_254 0.8535643815994263 0.8378577828407288 1.7349789778338833
img_255 0.8483161330223083 0.8395713567733765 1.6667597929583953
img_256 0.841934084892273 0.8370985388755798 1.6185339132892058
img_257 0.8308109045028687 0.8380698561668396 1.6078756491290498
img_258 0.8096087574958801 0.8387505412101746 1.5974829832660122
img_259 0.7888360619544983 0.8398371338844299 1.5817626158343718
img_260 0.7697036862373352 0.8420711159706116 1.5727022329913543
img_261 0.7502453923225403 0.836937665939331 1.6211980024920865
img_262 0.7310118675231934 0.824572741985321 1.7088692823993132
img_263 0.7144627571105957 0.8114545941352844 1.7914665381061003
img_264 0.7017059326171875 0.7995418310165405 1.8596833387957976
img_265 0.6947609782218933 0.7925617098808289 1.9044488112079068
img_266 0.6888437867164612 0.7856342792510986 1.9428184668170378
img_267 0.6818657517433167 0.7774031758308411 1.987586323414938
img_268 0.6765905022621155 0.7694562673568726 2.0259550253497527
img_269 0.6722798943519592 0.7591461539268494 2.081380669270651
img_270 0.6728142499923706 0.7546043992042542 2.138402287160055
img_271 0.6729478240013123 0.7531577944755554 2.223408047352926
img_272 0.6731372475624084 0.752511739730835 2.3265245596515105
img_273 0.6717771887779236 0.7511341571807861 2.4245749155627654
img_274 0.6699341535568237 0.7483295798301697 2.507973972951071
img_275 0.6655210256576538 0.7353647947311401 2.573798720036642
img_276 0.6636914610862732 0.7131535410881042 2.659599606190817
img_277 0.6618138551712036 0.6898995041847229 2.7475808302508757
img_278 0.6536425352096558 0.6712448000907898 2.8333278338061736
img_279 0.6427708268165588 0.6564313173294067 2.934857432042257
img_280 0.634803831577301 0.6473535299301147 3.0358446280108855
img_281 0.6279824376106262 0.6379849314689636 3.1402969996081755
img_282 0.6212962865829468 0.6233019232749939 -3.0235140323638916
img_283 0.6160045266151428 0.612201988697052 -2.9409096240997314
img_284 0.6128075122833252 0.6011237502098083 -2.848172903060913
img_285 0.6110265254974365 0.5919337272644043 -2.75199031829834
img_286 0.6043288111686707 0.5775496363639832 -2.638740062713623
img_287 0.6028183102607727 0.5659547448158264 -2.546812057495117
img_288 0.5977733135223389 0.5550957322120667 -2.4572746753692627
img_289 0.5883542895317078 0.5440561771392822 -2.368009090423584
img_290 0.5803565979003906 0.5370059013366699 -2.279000759124756
img_291 0.5798121690750122 0.5280055999755859 -2.1940066814422607
img_292 0.5768753886222839 0.5203956961631775 -2.1430835723876953
img_293 0.5700997114181519 0.5082042813301086 -2.08157229423523
img_294 0.5645827651023865 0.4946485459804535 -1.9965626001358032
img_295 0.5638525485992432 0.4827919602394104 -1.8670691251754763
img_296 0.5626120567321777 0.46878188848495483 -1.8009449243545534
img_297 0.5597823858261108 0.4564400613307953 -1.756211638450623
img_298 0.5576281547546387 0.4400320053100586 -1.7215439081192019
img_299 0.5544428825378418 0.4250973165035248 -1.690122961997986
img_300 0.555635392665863 0.4080950617790222 -1.6962586641311646
img_301 0.5581279993057251 0.39407479763031006 -1.6898708343505864
img_302 0.5605949759483337 0.3805971145629883 -1.6778807640075684
img_303 0.5620278716087341 0.3633812367916107 -1.6842757463455198
img_304 0.5598080158233643 0.34283551573753357 -1.7005301713943484
img_305 0.5571463704109192 0.3247714638710022 -1.7119883298873904
img_306 0.5575024485588074 0.30536121129989624 -1.7311769723892216
img_307 0.5566312670707703 0.284077525138855 -1.7503589391708376
img_308 0.5571592450141907 0.26532065868377686 -1.82257080078125
img_309 0.5575454235076904 0.25444331765174866 -1.8902596235275269
img_310 0.5592212080955505 0.24738158285617828 -1.9390196800231936
img_311 0.5599727630615234 0.23874954879283905 -2.0032265186309814
img_312 0.5640693306922913 0.23189906775951385 -2.090362787246704
img_313 0.5716270804405212 0.2275761216878891 -2.1623120307922363
img_314 0.5818838477134705 0.22560589015483856 -2.23984956741333
img_315 0.5904875993728638 0.2260565161705017 -2.304334878921509
img_316 0.5998015403747559 0.22203199565410614 -2.3754787445068364
img_317 0.6104165315628052 0.21940767765045166 -2.452491044998169
img_318 0.6208438873291016 0.21679650247097015 -2.5292298793792725
img_319 0.6310158967971802 0.21367168426513672 -2.5849204063415527
img_320 0.6417457461357117 0.20567934215068817 -2.62835431098938
img_321 0.6541693806648254 0.2026183307170868 -2.733873128890991
img_322 0.6636124849319458 0.19589656591415405 -2.8095459938049316
img_323 0.6697790622711182 0.1902204006910324 -2.8870885372161865
img_324 0.67612624168396 0.18731127679347992 -2.9553005695343018
img_325 0.6844783425331116 0.18445608019828796 -3.038163185119629
img_326 0.6981181502342224 0.1859326809644699 3.1394944826709197
img_327 0.7063931226730347 0.1871849000453949 3.1011262575732634
img_328 0.7064530849456787 0.18694041669368744 3.1016591230975554
img_329 0.7064530849456787 0.18694041669368744 3.1016591230975554
img_330 0.7064530849456787 0.18694041669368744 3.1016591230975554
img_331 0.7064530849456787 0.18694041669368744 3.1016591230975554
img_332 0.7063785195350647 0.18682238459587097 3.1011262575732634
img_333 0.7053402066230774 0.1861988604068756 3.0989947954760955
img_334 0.703372597694397 0.17938372492790222 3.0630207697497767
img_335 0.7053009271621704 0.1687389463186264 2.986538712178366
img_336 0.7093759179115295 0.15751595795154572 2.89381462732424
img_337 0.7176735401153564 0.15017814934253693 2.8178716341601775
img_338 0.7243461012840271 0.14373070001602173 2.7171569506274627
img_339 0.7371691465377808 0.14125314354896545 2.6430829207049773
img_340 0.7484449148178101 0.13539031147956848 2.5945845285998748
img_341 0.7536529302597046 0.13051964342594147 2.552748743687765
img_342 0.7600364685058594 0.1271287500858307 2.495717827473776
img_343 0.7680655717849731 0.1235751211643219 2.429912153874533
img_344 0.7786912322044373 0.1147303506731987 2.36276370683779
img_345 0.7887067198753357 0.10450583696365356 2.3017485777484343
img_346 0.7973441481590271 0.09532549977302551 2.210884873067038
img_347 0.8086361885070801 0.08623635768890381 2.0957582632647918
img_348 0.8167110085487366 0.07711910456418991 2.040607754384176
img_349 0.8230016827583313 0.06606457382440567 1.993715111409323
img_350 0.8314788937568665 0.054449599236249924 1.916421715413229
img_351 0.8432639837265015 0.04010383412241936 1.7909048239337373
img_352 0.8498939871788025 0.027637943625450134 1.713369194661276
img_353 0.8543874621391296 0.022712059319019318 1.6068008581744597
img_354 0.8539531826972961 0.02301078476011753 1.4613102118121546
img_355 0.8543376922607422 0.021528692916035652 1.3235457579242156
img_356 0.8551672101020813 0.019627323374152184 1.2361500898944304
img_357 0.8574117422103882 0.023873087018728256 1.128763024006979
img_358 0.8617055416107178 0.02361745946109295 1.0261724630938933
img_359 0.8692921996116638 0.023881500586867332 0.9056566397296356
img_360 0.8796008825302124 0.023022949695587158 0.8015263716327115
img_361 0.8911641836166382 0.024361994117498398 0.7024062315570281
img_362 0.898422122001648 0.033831752836704254 0.5982273260699674
img_363 0.9054863452911377 0.03667052835226059 0.4623120466815397
img_364 0.9108997583389282 0.03801709786057472 0.3655813376056119
img_365 0.91224205493927 0.04183164983987808 0.2840665022479459
img_366 0.9110349416732788 0.04173117130994797 0.189999882374899
img_367 0.908338725566864 0.045030031353235245 0.14709741273988924
img_368 0.9026318788528442 0.049012959003448486 0.09060699144472323
img_369 0.9000640511512756 0.05181502178311348 0.0226610342608853
img_370 0.896746814250946 0.050288449972867966 0.0010779539691372585
img_371 0.8960843682289124 0.049501657485961914 0.008539978657857963
img_372 0.8945277333259583 0.04785607382655144 0.04690629640688141
img_373 0.8935874700546265 0.046298883855342865 0.09939557710756501
img_374 0.8907991051673889 0.045413192361593246 0.1923950354205533
img_375 0.890365719795227 0.04508239030838013 0.2864511648761197
img_376 0.8890905380249023 0.045211032032966614 0.3834493795977995
img_377 0.8885920643806458 0.0451403371989727 0.487109486256735
img_378 0.8871783018112183 0.04452832415699959 0.5923555533038541
img_379 0.883541464805603 0.04805677384138107 0.7106669584857388
img_380 0.8797996044158936 0.04539456218481064 0.8247125784503385
img_381 0.8746662735939026 0.04785766825079918 0.9590137640582488
img_382 0.870971143245697 0.044906776398420334 1.045614544545309
img_383 0.8713854551315308 0.0420040488243103 1.1567290464984343
img_384 0.8700472116470337 0.03565312922000885 1.3003442923175261
img_385 0.8688117861747742 0.033459991216659546 1.4397056738482876
img_386 0.8661872148513794 0.031130168586969376 1.5271051565753386
img_387 0.8661231994628906 0.029665620997548103 1.5974448362933564
img_388 0.8654890060424805 0.03076619654893875 1.6488755385028289
img_389 0.8634902834892273 0.033060599118471146 1.6613987127887178
img_390 0.863775372505188 0.03259575739502907 1.6563356558429168
img_391 0.8603484034538269 0.03293250873684883 1.6531379858600064
img_392 0.844744861125946 0.03234529495239258 1.6661947409259243
img_393 0.8256975412368774 0.032731831073760986 1.6502068678485318
img_394 0.8104126453399658 0.033511385321617126 1.6326211134540007
img_395 0.79307621717453 0.03173871710896492 1.6379502455340789
img_396 0.7773524522781372 0.030366338789463043 1.6355522314654753
img_397 0.7661978602409363 0.029538068920373917 1.63715106645693
img_398 0.7545710802078247 0.029325516894459724 1.635284725819723
img_399 0.7422298789024353 0.02821391448378563 1.6312902609454558
img_400 0.730132520198822 0.02992924116551876 1.6430152098285122
img_401 0.7145888209342957 0.035314176231622696 1.723751370106833
img_402 0.7000610828399658 0.042256928980350494 1.8095467726336882
img_403 0.6882062554359436 0.055682118982076645 1.8796280066119595
img_404 0.6816539168357849 0.07363384962081909 1.9529054800616665
img_405 0.6750829219818115 0.08690478652715683 2.0216458479510715
img_406 0.6660835146903992 0.09453237056732178 2.0967925230609343
img_407 0.6532277464866638 0.09873377531766891 2.1932523886310027
img_408 0.6423949003219604 0.09796314686536789 2.2705271879779265
img_409 0.6282064914703369 0.1079646497964859 2.362982575093405
img_410 0.6146230101585388 0.1174580454826355 2.4509194532977503
img_411 0.6018628478050232 0.1265135109424591 2.5308652559863494
img_412 0.5892020463943481 0.13441674411296844 2.5873523394214075
img_413 0.5773581862449646 0.1386905312538147 2.596410576497213
img_414 0.5668966174125671 0.14157018065452576 2.53431755701174
img_415 0.5611583590507507 0.14622017741203308 2.448511425648825
img_416 0.5587100982666016 0.14911802113056183 2.3768358866321013
img_417 0.555954098701477 0.15335454046726227 2.3024933973895476
img_418 0.5518794655799866 0.15879696607589722 2.2180259863482874
img_419 0.5480058193206787 0.1656264066696167 2.1266320387469695
img_420 0.545336127281189 0.16935141384601593 2.010983292256491
img_421 0.5414154529571533 0.1739865243434906 1.8950803915606902
img_422 0.5429291129112244 0.1770728975534439 1.7845094839679165
img_423 0.5439255237579346 0.17903979122638702 1.71388036409487
img_424 0.5431129932403564 0.1800159513950348 1.6416724363910127
img_425 0.541068971157074 0.1789259910583496 1.5401499907123017
img_426 0.5407529473304749 0.17848169803619385 1.4380973021136687
img_427 0.5375354886054993 0.17905202507972717 1.3147333304034639
img_428 0.533469557762146 0.17975567281246185 1.1607068220721648
img_429 0.5339343547821045 0.18461598455905914 1.0445278326617644
img_430 0.5338041186332703 0.18812298774719238 0.963524166737692
img_431 0.5288694500923157 0.1919344663619995 0.8572066465960904
img_432 0.5236360430717468 0.19484950602054596 0.7042577902423306
img_433 0.5258424282073975 0.19656535983085632 0.5550449530230924
img_434 0.5238955020904541 0.19500242173671722 0.4460642973529264
img_435 0.5159149765968323 0.19219131767749786 0.35280353227724287
img_436 0.499377965927124 0.19770045578479767 0.23128492036928378
img_437 0.49261724948883057 0.2102687507867813 0.12684280077089508
img_438 0.49361661076545715 0.22423264384269714 0.0890029112445279
img_439 0.4907892346382141 0.23824442923069 0.08340722719301422
img_440 0.4842420518398285 0.24406798183918 0.03037721315492828
img_441 0.4774181544780731 0.2422274351119995 -0.015454943980081492
img_442 0.4645339548587799 0.24200335144996643 -0.09938209852109708
img_443 0.45541808009147644 0.23501372337341309 -0.17372339567075532
img_444 0.45003780722618103 0.22859123349189758 -0.2440754731548862
img_445 0.44521576166152954 0.22150586545467377 -0.3053581078899936
img_446 0.43704521656036377 0.21869267523288727 -0.365049060191019
img_447 0.424649178981781 0.21197368204593658 -0.450051959360941
img_448 0.4136695861816406 0.20136412978172302 -0.5497114022625523
img_449 0.4010232388973236 0.1895432472229004 -0.5944754441631869
img_450 0.3876907229423523 0.1801673024892807 -0.5798212846172885
img_451 0.37331798672676086 0.1723041981458664 -0.5289179643047885
img_452 0.3593134880065918 0.1648048609495163 -0.5022751649273473
img_453 0.3463498055934906 0.15171563625335693 -0.4556471665752964
img_454 0.3336184620857239 0.141997292637825 -0.3906294663799839
img_455 0.32637694478034973 0.13046272099018097 -0.3074876626385288
img_456 0.3236154019832611 0.1199212372303009 -0.2246171792400913
img_457 0.32245323061943054 0.1107596680521965 -0.1452080567730503
img_458 0.3188355267047882 0.10676715523004532 -0.07433002790342134
img_459 0.31750670075416565 0.10255976021289825 -0.00422113736997407
img_460 0.3157814145088196 0.09888039529323578 0.08394319215883454
img_461 0.3109945058822632 0.10120914876461029 0.14125806490053378
img_462 0.3120548725128174 0.1004442647099495 0.22755891481508453
img_463 0.30146360397338867 0.10655854642391205 0.340573612843649
img_464 0.29132208228111267 0.10822277516126633 0.433274094258444
img_465 0.28663119673728943 0.10938369482755661 0.5587819258319303
img_466 0.280690997838974 0.10802219808101654 0.6866601149188444
img_467 0.282841295003891 0.10798684507608414 0.8164237181292937
img_468 0.282826691865921 0.1059408113360405 0.9813602606402799
img_469 0.2810811996459961 0.10387452691793442 1.1169951597796843
img_470 0.2794497609138489 0.10218467563390732 1.222780529652731
img_471 0.275442510843277 0.09379808604717255 1.2830022017108367
img_472 0.2735143303871155 0.0864320695400238 1.3962596098529263
img_473 0.2721475064754486 0.08355431258678436 1.5667737166034148
img_474 0.26953911781311035 0.081435427069664 1.7077363173114226
img_475 0.2687843143939972 0.08115523308515549 1.856156651173727
img_476 0.26691386103630066 0.0793696865439415 1.989119354878561
img_477 0.26628315448760986 0.08004428446292877 2.1239455381976526
img_478 0.2602192163467407 0.07962309569120407 2.26863414445986
img_479 0.25379255414009094 0.0754193440079689 2.3993297258960173
img_480 0.24242164194583893 0.07158702611923218 2.4869158903705046
img_481 0.22800517082214355 0.06352484226226807 2.5418000856982634
img_482 0.2083766609430313 0.05424007028341293 2.522080485020773
img_483 0.18959255516529083 0.04713969677686691 2.504759852086203
img_484 0.17070245742797852 0.03780046105384827 2.466391150151388
img_485 0.15244369208812714 0.029573388397693634 2.405641380940573
img_486 0.13855256140232086 0.02453291043639183 2.34488040605654
img_487 0.12545742094516754 0.020371118560433388 2.288124863301413
img_488 0.11048482358455658 0.015462110750377178 2.208455387745993
img_489 0.0940718948841095 0.00968739204108715 2.115732494984762
img_490 0.08221055567264557 0.0010279789566993713 2.008609120045797
img_491 0.07378783077001572 -0.0027991626411676407 1.859115902577536
img_492 0.07104731351137161 -0.0027017469983547926 1.6997764746295378
img_493 0.06862844526767731 -0.003789665875956416 1.5737698713885708
img_494 0.06343956291675568 -0.008065367117524147 1.394370857869284
img_495 0.06183086708188057 -0.008133109658956528 1.17482310930361
img_496 0.0617462620139122 -0.009119204245507717 1.002964321766989
img_497 0.06236850470304489 -0.008481032215058804 0.8556101957904265
img_498 0.055720213800668716 -0.00719148525968194 0.7623437086688444
img_499 0.04625643789768219 -0.004609313793480396 0.6714866797076626
img_500 0.043624669313430786 -0.0037661921232938766 0.515343014393942
img_501 0.04350029677152634 -0.004184061661362648 0.35066873231996737
img_502 0.04150883108377457 -0.0011784960515797138 0.21237069765199867
img_503 0.037761226296424866 0.004940581042319536 0.07860643068422514
img_504 0.039370112121105194 0.0045214127749204636 -0.05730741819272799
img_505 0.03982288017868996 0.00510095851495862 -0.15562027295957367
img_506 0.04025913402438164 0.009683104231953621 -0.30215662320981784
img_507 0.03934430703520775 0.014021895825862885 -0.4743162949932651
img_508 0.0394725538790226 0.017557816579937935 -0.6986615022076207
img_509 0.0409710556268692 0.011798711493611336 -0.84920090040098
img_510 0.04196823015809059 0.012862106785178185 -0.9592539628399447
img_511 0.04281819984316826 0.011965904384851456 -1.0629112084759311
img_512 0.043006960302591324 0.012869942933321 -1.1822854836834507
img_513 0.0420321486890316 0.010622655972838402 -1.2952734788311557
img_514 0.043339308351278305 0.010665753856301308 -1.3879968484295444
img_515 0.04607043415307999 0.00886324793100357 -1.4908520539654333
img_516 0.05392610654234886 0.013764562085270882 -1.5942322572125034
img_517 0.053987376391887665 0.013798044994473457 -1.7346712907208044
img_518 0.053160130977630615 0.01213050540536642 -1.845781024302347
img_519 0.05336576700210571 0.011746065691113472 -1.9465042909039099
img_520 0.05555519834160805 0.012683468870818615 -2.041623767222269
img_521 0.05435739457607269 0.012196357361972332 -2.1490170319927766
img_522 0.051491279155015945 0.011565915308892727 -2.2209612687481477
img_523 0.053452614694833755 0.012047665193676949 -2.269720729197367
img_524 0.05882260948419571 0.012140343897044659 -2.3875109513653356
img_525 0.0605253204703331 0.01150015089660883 -2.567631419504984
img_526 0.05543782189488411 0.012746639549732208 -2.688607867564066
img_527 0.05412694066762924 0.010494786314666271 -2.7762734254253942
img_528 0.05492487549781799 0.007822356186807156 -2.833828624094828
img_529 0.05970453470945358 0.0053450558334589005 -2.926286395396097
img_530 0.05590123310685158 0.011135457083582878 -2.969986613596781
img_531 0.05638187378644943 0.019809439778327942 -2.9654566605938513
img_532 0.05340886488556862 0.03272873908281326 -2.9777132829083044
img_533 0.046095483005046844 0.051067251712083817 -2.9987627824200227
img_534 0.04129631817340851 0.07389411330223083 -3.0262085755718786
img_535 0.05009511485695839 0.09530379623174667 -3.0294062455547888
img_536 0.06253842264413834 0.11051782220602036 -3.023544009531839
img_537 0.07449909299612045 0.12228571623563766 -3.016616519297464
img_538 0.08771615475416183 0.136377215385437 -3.023811038340433
img_539 0.10398296266794205 0.14743439853191376 -3.038466151560648
img_540 0.12072700262069702 0.15925726294517517 -3.0419298966778356
img_541 0.1363573968410492 0.17066507041454315 -3.0400645097149446
img_542 0.1488242745399475 0.18499904870986938 -3.018218692149027
img_543 0.15982717275619507 0.19781707227230072 -3.0163533051861364
img_544 0.1662895679473877 0.21551015973091125 -3.0352722962750036
img_545 0.17115439474582672 0.23110869526863098 -3.0392691453350618
img_546 0.17626430094242096 0.24798257648944855 -3.037670787180765
img_547 0.18033970892429352 0.2640899121761322 -3.0379368623150427
img_548 0.18705041706562042 0.2785261571407318 -3.0427328904522497
img_549 0.19283908605575562 0.29513996839523315 -3.046196635569437
img_550 0.19664743542671204 0.31251123547554016 -3.0509936173809606
img_551 0.20428641140460968 0.3310539424419403 -3.037669833506449
img_552 0.21387822926044464 0.3467646837234497 -3.037935908640726
img_553 0.2174241691827774 0.3622690439224243 -3.030741389597757
img_554 0.22386470437049866 0.37351009249687195 -3.026744540537699
img_555 0.22403256595134735 0.3860669434070587 -3.021681483591898
img_556 0.22367608547210693 0.39923858642578125 -3.0195500214947297
img_557 0.22237928211688995 0.4178396165370941 -3.018483813608988
img_558 0.2196049988269806 0.43485966324806213 -3.0195500214947297
img_559 0.2101064920425415 0.4520900249481201 -3.0731083711041047
img_560 0.2032623440027237 0.4733160138130188 -3.0781714280499055
img_561 0.19685529172420502 0.48938730359077454 -3.051258738840921
img_562 0.18970440328121185 0.5010027885437012 -3.044863398875101
img_563 0.17328301072120667 0.521700918674469 -3.060849841441019
img_564 0.1559280902147293 0.5409814119338989 -3.0363346894634797
img_565 0.1359231024980545 0.5535808205604553 -3.0206133683575227
img_566 0.11376428604125977 0.5594136118888855 -3.012086566294535
img_567 0.09206829220056534 0.5651847124099731 -2.984374698008402
img_568 0.07301531732082367 0.5705511569976807 -2.9609248002422888
img_569 0.05878698453307152 0.5787075161933899 -2.949467357004984
img_570 0.045809149742126465 0.5894864797592163 -2.9726483186138704
img_571 0.023719757795333862 0.6010542511940002 -2.98650616010557
img_572 0.0021290481090545654 0.6119357943534851 -2.9854399522198274
img_573 -0.011007701978087425 0.6237638592720032 -3.006495173777445
img_574 -0.019806083291769028 0.6384884715080261 -2.9979712327374055
img_575 -0.02815481461584568 0.6557311415672302 -2.9950396378887727
img_576 -0.03579869121313095 0.6745268106460571 -3.008629496897562
img_577 -0.040852997452020645 0.6909897327423096 -3.0022351106060583
img_578 -0.039035528898239136 0.709195077419281 -2.9987704118145544
img_579 -0.030793476849794388 0.730109453201294 -3.000901873911722
img_580 -0.0220605731010437 0.7498486638069153 -3.037674601878031
img_581 -0.012361730448901653 0.7652056217193604 -3.0613886674297883
img_582 -0.0033016400411725044 0.7770946025848389 -3.0835053285015657
img_583 0.0047136712819337845 0.7865851521492004 -3.0861698945416047
img_584 0.017657950520515442 0.7946306467056274 -3.090433772410257
img_585 0.03130117803812027 0.8032594323158264 -3.0933644135845735
img_586 0.0452401228249073 0.8106521964073181 -3.106690104807718
img_587 0.06196901574730873 0.8176482915878296 -3.122676547373636
img_588 0.08235643059015274 0.8232950568199158 3.1298652966711846
img_589 0.10149583220481873 0.8271215558052063 3.118940957376751
img_590 0.12518362700939178 0.8277943730354309 3.138925202677044
img_591 0.14913009107112885 0.8276095986366272 3.1386591275427667
img_592 0.17006660997867584 0.8251298069953918 3.1338630994055596
img_593 0.190385639667511 0.8209217190742493 3.130931504556927
img_594 0.20937572419643402 0.8081452250480652 3.1218735058997003
img_595 0.22059446573257446 0.7893000245094299 -3.1248089631451204
img_596 0.22796319425106049 0.7725516557693481 -3.0994927247418
img_597 0.2324366420507431 0.7584010362625122 -3.073117907847269
img_598 0.23481738567352295 0.7400161027908325 -3.0725848039043977
img_599 0.23523199558258057 0.7203509211540222 -3.086172755564554
img_600 0.2382960319519043 0.7067140340805054 -3.0717827638043
img_601 0.24861083924770355 0.6913134455680847 -3.0741812547100618
img_602 0.2644873261451721 0.6753572821617126 -3.072582896555765
img_603 0.2851124703884125 0.6685407757759094 -3.0965639909161164
img_604 0.308865487575531 0.6656165719032288 -3.1370674928082063
img_605 0.3270303010940552 0.6623132824897766 3.12160552341679
img_606 0.344868540763855 0.6586304903030396 3.1224047024939385
img_607 0.3651597499847412 0.6516494154930115 3.127201684305462
img_608 0.38896119594573975 0.6464700698852539 -3.1336027940167024
img_609 0.4146786332130432 0.6434105038642883 -3.1269413789166047
img_610 0.43860626220703125 0.6424912810325623 -3.1074892838848664
img_611 0.45975586771965027 0.6439992785453796 -3.095231707896097
img_612 0.4784407913684845 0.6472265720367432 -3.0819088776959016
img_613 0.49211403727531433 0.6565837264060974 -3.0645891984356477
img_614 0.5076808929443359 0.6680935621261597 -3.055263217295511
img_615 0.5205814838409424 0.680557906627655 -3.0392758210552766
img_616 0.5321774482727051 0.6892849206924438 -3.03314750989805
img_617 0.5470952987670898 0.7009440064430237 -3.0422074159039094
img_618 0.5674592852592468 0.715187132358551 -3.051000293101175
img_619 0.585599958896637 0.7307986617088318 -3.054997142161234
img_620 0.6019495725631714 0.7422304153442383 -3.0629898866070344
img_621 0.6157525181770325 0.7519299983978271 -3.08883827527891
img_622 0.6267138719558716 0.7621352672576904 -3.1274754365337922
img_623 0.6341060996055603 0.7701604962348938 3.0954901059363213
img_624 0.6383178234100342 0.7766236662864685 3.039801247904095
img_625 0.6495971083641052 0.7808815240859985 3.022211678812298
img_626 0.6701849699020386 0.7887014746665955 3.067237504312786
img_627 0.689558744430542 0.7912600040435791 -3.0763117631329133
img_628 0.7035466432571411 0.7907809615135193 -2.9340302308453157
img_629 0.7123497724533081 0.7918316721916199 -2.7722994645489294
img_630 0.7219654321670532 0.7950347065925598 -2.6118790467632844
img_631 0.7369813919067383 0.8014448881149292 -2.485039409006937
img_632 0.7436911463737488 0.8064627647399902 -2.3771216233624055
img_633 0.7449648976325989 0.8060927391052246 -2.2065903504742224
img_634 0.7506077885627747 0.806917130947113 -2.0624377091778356
img_635 0.7536342144012451 0.8116721510887146 -1.9755617936504921
img_636 0.7574551701545715 0.8170599341392517 -1.9022909959209995
img_637 0.7619455456733704 0.8226756453514099 -1.8226239045513706
img_638 0.770391583442688 0.8256569504737854 -1.7333561738384804
img_639 0.7770616412162781 0.8293389081954956 -1.6550070603741247
img_640 0.7793359160423279 0.8332804441452026 -1.5660106500042514
img_641 0.7862704992294312 0.8370484709739685 -1.5087243874920446
img_642 0.7881543636322021 0.8359764814376831 -1.4354492982281284
img_643 0.7865064740180969 0.8350827097892761 -1.2942172845257363
img_644 0.7890588641166687 0.8364965915679932 -1.1508671601666054
img_645 0.7925896644592285 0.8370409607887268 -1.0477530320538122
img_646 0.7930780649185181 0.8364360332489014 -0.9424917062176305
img_647 0.7935010194778442 0.8357509970664978 -0.8271152337444859
img_648 0.7943296432495117 0.8355646133422852 -0.7293245156658726
img_649 0.7949364185333252 0.8364006876945496 -0.65258806547056
img_650 0.796136200428009 0.8334289789199829 -0.5585219224346715
img_651 0.7963747382164001 0.8350623250007629 -0.4847075303448276
img_652 0.7970128655433655 0.8373229503631592 -0.4617907365215855
img_653 0.7973080277442932 0.8394044637680054 -0.4879018624676304
img_654 0.7979975938796997 0.8421185612678528 -0.5875579675091345
img_655 0.7987931370735168 0.8422424793243408 -0.6944109757793979
img_656 0.7983530759811401 0.8411140441894531 -0.7652885278118686
img_657 0.8006647229194641 0.8439236879348755 -0.8726736863506872
img_658 0.8011279106140137 0.844312310218811 -0.9670039971722203
img_659 0.8021605014801025 0.8436672687530518 -1.066685374583109
img_660 0.8043811321258545 0.8447726964950562 -1.1593963464153845
img_661 0.8059935569763184 0.8434959053993225 -1.285158809031351
img_662 0.8084182143211365 0.8425345420837402 -1.4213144143475132
img_663 0.8103859424591064 0.8412423729896545 -1.582791980112894
img_664 0.8130759000778198 0.8386617302894592 -1.742138560618265
img_665 0.8138388991355896 0.8352708220481873 -1.8985401948345737
img_666 0.8120636940002441 0.8339939713478088 -2.010459597910746
img_667 0.8144895434379578 0.8276450634002686 -2.13277023633848
img_668 0.8103601336479187 0.8219950795173645 -2.2396227677715856
img_669 0.811165988445282 0.8142400979995728 -2.387760814036234
img_670 0.8099766969680786 0.81163090467453 -2.565490420664652
img_671 0.8140133619308472 0.8085569739341736 -2.6939369996441442
img_672 0.8143196105957031 0.8046128153800964 -2.8431574662579133
img_673 0.813475489616394 0.800115168094635 -2.9513365586651403
img_674 0.8135904669761658 0.7945346832275391 -3.114401515330179
img_675 0.8094307780265808 0.7869819402694702 3.001971848795208
img_676 0.8010493516921997 0.7785128951072693 2.8189045270178643
img_677 0.7885863184928894 0.7682088017463684 2.652097352335247
img_678 0.772749125957489 0.7607530355453491 2.502612717935833
img_679 0.7606304883956909 0.7549186944961548 2.4309345563147393
img_680 0.7434225678443909 0.7475534081459045 2.3408714612219663
img_681 0.7227060794830322 0.7423413395881653 2.251343377420697
img_682 0.7071055769920349 0.7366282343864441 2.1863247235510674
img_683 0.6924805045127869 0.7275683879852295 2.136758454630169
img_684 0.6788526773452759 0.7111361622810364 2.169266351053509
img_685 0.662039577960968 0.6847172379493713 2.2012373288367124
img_686 0.6417109370231628 0.6532856822013855 2.1380783398840753
img_687 0.6250184774398804 0.6275014877319336 2.0549417813513604
img_688 0.6136454939842224 0.6076704859733582 1.967765458414349
img_689 0.6076442003250122 0.5947886109352112 1.9113022168372003
img_690 0.6046431064605713 0.5826092958450317 1.8785091717932552
img_691 0.6033672094345093 0.5676712393760681 1.859601624796185
img_692 0.6036431193351746 0.5533593893051147 1.82653773624638
img_693 0.6048876047134399 0.5390456318855286 1.7868601163122984
img_694 0.6029891967773438 0.5288025140762329 1.7770019849036067
img_695 0.5971830487251282 0.5181737542152405 1.7722059567663997
img_696 0.5938431024551392 0.5030969977378845 1.751152642557415
img_697 0.5906413197517395 0.4819003939628601 1.7213121731970638
img_698 0.5898860692977905 0.46550917625427246 1.6930662472937432
img_699 0.5910114049911499 0.45288172364234924 1.6642900784705008
img_700 0.594685971736908 0.43636149168014526 1.65736163456181
img_701 0.5964396595954895 0.4154544472694397 1.636043198892864
img_702 0.5961236953735352 0.39152905344963074 1.558994897196087
img_703 0.5983296036720276 0.3685116767883301 1.4724460919592708
img_704 0.60116046667099 0.352868914604187 1.3989015897009702
img_705 0.6093083620071411 0.3489035367965698 1.376518853494915
img_706 0.6076518893241882 0.3407980501651764 1.3421455701086848
img_707 0.6046880483627319 0.3239377737045288 1.268251069376263
img_708 0.6044957041740417 0.3036569356918335 1.203436501810345
img_709 0.6153985261917114 0.28670796751976013 1.154410966226849
img_710 0.6312105059623718 0.2703937590122223 1.1186720212195247
img_711 0.6431493163108826 0.2511404752731323 1.068084367105755
img_712 0.6607083082199097 0.22506338357925415 1.0147577603552669
img_713 0.6764969229698181 0.20182202756404877 0.9748159726355402
img_714 0.6885836720466614 0.18395604193210602 0.9462772687170832
img_715 0.7038847804069519 0.1661354899406433 0.8845154126379816
img_716 0.7164839506149292 0.1480039805173874 0.8114544232580987
img_717 0.737994372844696 0.13196295499801636 0.7329021771643487
img_718 0.7646186351776123 0.12311731278896332 0.6366249402258723
img_719 0.7900881767272949 0.11242537945508957 0.5543648083899348
img_720 0.813019335269928 0.10237521678209305 0.4762941678259699
img_721 0.8329228758811951 0.09196335077285767 0.3873020489905207
img_722 0.8475943803787231 0.0827985480427742 0.3108240445349542
img_723 0.8597716093063354 0.07616747170686722 0.24020255405643856
img_724 0.8690997362136841 0.0666896402835846 0.19064963657596984
img_725 0.880071759223938 0.06030983477830887 0.1632047970984308
img_726 0.8949599266052246 0.05540799722075462 0.20824015934208318
img_727 0.9042834043502808 0.05045690760016441 0.28311789829471995
img_728 0.9103937745094299 0.047197453677654266 0.38836634952763005
img_729 0.9142414927482605 0.04498303681612015 0.5530334790442317
img_730 0.9169866442680359 0.04625124856829643 0.7523552258704036
img_731 0.915908932685852 0.0471472293138504 0.8999773343298763
img_732 0.9186177849769592 0.04637882485985756 0.996429093668255
img_733 0.9230146408081055 0.04760844260454178 1.1302048047278257
img_734 0.9239087700843811 0.04822884500026703 1.2828861554358333
img_735 0.9238697290420532 0.0495874285697937 1.4129225095007745
img_736 0.9226859211921692 0.04945778101682663 1.5136438687537044
img_737 0.9246148467063904 0.050361327826976776 1.6306167920325125
img_738 0.9230664968490601 0.04991888999938965 1.7451998074744075
img_739 0.9255428910255432 0.05049697682261467 1.8784204800818294
img_740 0.9233810901641846 0.049114227294921875 2.044169076273236
img_741 0.921705961227417 0.047079578042030334 2.1472946484778253
img_742 0.9226566553115845 0.04694828763604164 2.238422044107708
img_743 0.9207401871681213 0.045570679008960724 2.310366280863079
img_744 0.9228882193565369 0.049136850982904434 2.4396015485022398
img_745 0.9233766794204712 0.049119725823402405 2.6048380215857354
img_746 0.9230591654777527 0.04797152429819107 2.755969651529583
img_747 0.9221141338348389 0.045550763607025146 2.856907494852337
img_748 0.9207795858383179 0.04745319113135338 2.9701544125769463
img_749 0.9187712669372559 0.04485585540533066 3.072735436746868
img_750 0.9166291356086731 0.04373082518577576 -3.0918661912334993
img_751 0.915048360824585 0.04038355126976967 -3.000477488840921
img_752 0.9140523076057434 0.039203792810440063 -2.925326045359476
img_753 0.914145827293396 0.03650076687335968 -2.9226614793194368
img_754 0.9143789410591125 0.03079177811741829 -2.983154948557718
img_755 0.9133628606796265 0.025425046682357788 -3.09000843366514
img_756 0.9128788113594055 0.022615427151322365 3.086866982767376
img_757 0.9135300517082214 0.019189324229955673 2.982959397623333
img_758 0.9137352108955383 0.01848292164504528 2.8934198697302667
img_759 0.9149990081787109 0.014233265072107315 2.814812310526165
img_760 0.9149880409240723 0.00995953194797039 2.706887849161419
img_761 0.9148387908935547 0.008229302242398262 2.6003195126746026
img_762 0.9154371619224548 0.00786957610398531 2.491327889749798
img_763 0.9151831269264221 0.008746480569243431 2.429772980997357
img_764 0.9143470525741577 0.004357086028903723 2.347697861978802
img_765 0.9136761426925659 0.0019356557168066502 2.308537133524212
img_766 0.9125792980194092 -0.0018919722642749548 2.2341848691199155
img_767 0.9129052758216858 -0.004960398189723492 2.1918112118933526
img_768 0.9105076193809509 -0.008778942748904228 2.131322511026654
img_769 0.9121389389038086 -0.009444660507142544 2.0543180783484307
img_770 0.9101981520652771 -0.013420198112726212 1.964003213236126
img_771 0.9101826548576355 -0.016223257407546043 1.9173704465124932
img_772 0.9063845872879028 -0.01763204298913479 1.8768688519690366
img_773 0.9033594131469727 -0.019584018737077713 1.7842317898962825
img_774 0.8991082310676575 -0.019229494035243988 1.6930109341833919
img_775 0.8958591818809509 -0.019558224827051163 1.557379372904095
img_776 0.8916059732437134 -0.021106937900185585 1.4313474972937432
img_777 0.8789675235748291 -0.024585386738181114 1.3031717618201106
img_778 0.8712416887283325 -0.020983032882213593 1.1859356244299741
img_779 0.8643441200256348 -0.010958713479340076 1.0732313473913997
img_780 0.8552509546279907 0.0002966197207570076 0.9852920850012629
img_781 0.8456874489784241 0.00567459175363183 0.873119004556927
img_782 0.8373879790306091 0.007256906013935804 0.7726541836951105
img_783 0.8240467309951782 0.01139142271131277 0.66686976749638
img_784 0.809954047203064 0.01930469274520874 0.5541483243201105
img_785 0.7945271134376526 0.027387894690036774 0.4299980481360284
img_786 0.7754769325256348 0.03601384535431862 0.26850093204716124
img_787 0.759417712688446 0.04463918134570122 0.12859786350468078
img_788 0.7512366771697998 0.054554909467697144 0.0073553403113213916
img_789 0.7491035461425781 0.059859052300453186 -0.15329777400752628
img_790 0.7505866289138794 0.06305623054504395 -0.32545220058223334
img_791 0.7523683905601501 0.06953709572553635 -0.4528077761437568
img_792 0.7515436410903931 0.0811682716012001 -0.5650037447716866
img_793 0.7510302662849426 0.08922448754310608 -0.6494678179528388
img_794 0.7488165497779846 0.09917976707220078 -0.784287802388874
img_795 0.7386164665222168 0.09987781196832657 -0.913243643453327
img_796 0.7327619791030884 0.10281017422676086 -1.01529633205196
img_797 0.726871907711029 0.10679632425308228 -1.0992368380334052
img_798 0.7189843654632568 0.11374600231647491 -1.1885064760949287
img_799 0.7099402546882629 0.11857450753450394 -1.2668450991418037
img_800 0.7011733055114746 0.12208045274019241 -1.3267997423913156
img_801 0.6876157522201538 0.12798604369163513 -1.3515809695031318
img_802 0.6666248440742493 0.13768544793128967 -1.4067367235924872
img_803 0.646345317363739 0.14802081882953644 -1.5090573946740304
img_804 0.6245511174201965 0.1575859785079956 -1.592199675252644
img_805 0.6179056167602539 0.16917972266674042 -1.6414931933190495
img_806 0.6132903099060059 0.17076633870601654 -1.694252363851276
img_807 0.5993263125419617 0.16919271647930145 -1.7672628084923898
img_808 0.5823795795440674 0.16612377762794495 -1.8634542147423896
img_809 0.5675832033157349 0.16332776844501495 -1.9268668810631904
img_810 0.5580419898033142 0.1609170138835907 -1.9894908587243234
img_811 0.5433580279350281 0.15602709352970123 -2.0803588549401435
img_812 0.521281361579895 0.1446525901556015 -2.188002936055866
img_813 0.5007703900337219 0.13309523463249207 -2.2954019228722724
img_814 0.4782770574092865 0.12620209157466888 -2.439821592977253
img_815 0.4624711573123932 0.12289468199014664 -2.569847456624714
img_816 0.45044130086898804 0.11630450189113617 -2.6503146807458076
img_817 0.4387793242931366 0.11109354346990585 -2.654045454671589
img_818 0.42186927795410156 0.10192179679870605 -2.5818236986901435
img_819 0.40254470705986023 0.09437786042690277 -2.5136245409753
img_820 0.38288259506225586 0.08764982968568802 -2.4166225115563544
img_821 0.3700091242790222 0.08270638436079025 -2.324169508626667
img_822 0.3585377633571625 0.07719291746616364 -2.235698095967976
img_823 0.34823670983314514 0.0669935867190361 -2.1656154314782294
img_824 0.33858272433280945 0.05283220857381821 -2.099001280477253
img_825 0.3312542140483856 0.03811345621943474 -2.028388373067585
img_826 0.32451876997947693 0.02252018265426159 -1.9516471545006904
img_827 0.3172382712364197 0.00840318575501442 -1.8741115252282294
img_828 0.3093855679035187 0.00800789799541235 -1.781381956746784
img_829 0.30296698212623596 0.005167943425476551 -1.591397635152546
img_830 0.2946937680244446 -0.00014306418597698212 -1.4453767458703195
img_831 0.28975123167037964 -0.0015402301214635372 -1.3417256991173896
img_832 0.2810037136077881 -0.004762692376971245 -1.2362025896813542
img_833 0.26841723918914795 -0.007956099696457386 -1.0965903918053779
img_834 0.25306612253189087 -0.005986497737467289 -0.9377692858483467
img_835 0.23367419838905334 -0.008481986820697784 -0.8303807894494208
img_836 0.2179916501045227 -0.016146251931786537 -0.7064794222619208
img_837 0.2030637264251709 -0.017077047377824783 -0.5940374056603583
img_838 0.1866776943206787 -0.019945338368415833 -0.5018371264245185
img_839 0.17596304416656494 -0.016686974093317986 -0.41097103755733094
img_840 0.16499431431293488 -0.019227344542741776 -0.3027909914757881
img_841 0.1553354263305664 -0.025330422446131706 -0.1280053774621161
img_842 0.14969424903392792 -0.028140194714069366 0.06785834629276671
img_843 0.13804975152015686 -0.02771957591176033 0.17391169864872374
img_844 0.12509916722774506 -0.02723248302936554 0.2378622372839777
img_845 0.10633919388055801 -0.029106035828590393 0.1550003369543878
img_846 0.09256576746702194 -0.0338895358145237 -0.049645773580280175
img_847 0.0916888490319252 -0.03535940498113632 -0.2337812105919989
img_848 0.08923501521348953 -0.03707468882203102 -0.3888658205773505
img_849 0.08568008989095688 -0.03470345214009285 -0.5415395418908271
img_850 0.08326847851276398 -0.03092433512210846 -0.7115539232995186
img_851 0.08339184522628784 -0.020891375839710236 -0.8924955050255928
img_852 0.08905284106731415 -0.004403604194521904 -1.0302680651452216
img_853 0.09971247613430023 0.013308428227901459 -1.1288350741173898
img_854 0.11017891764640808 0.03034958243370056 -1.2348998705651435
img_855 0.12442676723003387 0.044381894171237946 -1.3430799166466865
img_856 0.1398918479681015 0.055848751217126846 -1.4427379290368232
img_857 0.16314758360385895 0.06697311997413635 -1.5338672320153386
img_858 0.1858869194984436 0.08031827211380005 -1.5575822512414133
img_859 0.2108231484889984 0.09220297634601593 -1.5956863085534247
img_860 0.23125411570072174 0.10394981503486633 -1.6700261751916083
img_861 0.24218329787254333 0.11791087687015533 -1.7531636873986398
img_862 0.25030288100242615 0.13760370016098022 -1.8115180651452218
img_863 0.2611962556838989 0.1594076156616211 -1.8634799639489328
img_864 0.2672513425350189 0.17803487181663513 -1.9330247561242255
img_865 0.2725895047187805 0.1943395733833313 -1.9812520663048896
img_866 0.27929502725601196 0.21262750029563904 -1.949540487935749
img_867 0.2906959056854248 0.22950363159179688 -1.8424285570885812
img_868 0.3048173487186432 0.24437670409679413 -1.7313131014611396
img_869 0.3171900808811188 0.258002370595932 -1.6071466128136784
img_870 0.32615554332733154 0.26829516887664795 -1.462987295797077
img_871 0.33602041006088257 0.2737864553928375 -1.3342937151696357
img_872 0.33978867530822754 0.2785366177558899 -1.1930688540246162
img_873 0.34522947669029236 0.28170937299728394 -1.0291942278649482
img_874 0.35440683364868164 0.2839306890964508 -0.8805001894738349
img_875 0.3656103312969208 0.28698068857192993 -0.7915004412438544
img_876 0.37955620884895325 0.29187625646591187 -0.6798518816735419
img_877 0.3921334147453308 0.30487966537475586 -0.5561975161339913
img_878 0.39812177419662476 0.32343706488609314 -0.44749294917842464
img_879 0.3973589539527893 0.3429830074310303 -0.36569058101436225
img_880 0.39185479283332825 0.36716821789741516 -0.28201805751582715
img_881 0.381669282913208 0.39132651686668396 -0.2135556856896552
img_882 0.3689262866973877 0.4134597182273865 -0.18423592250606147
img_883 0.3572714328765869 0.4368486702442169 -0.22073971431514347
img_884 0.3472721576690674 0.45303577184677124 -0.3094810168053779
img_885 0.34123164415359497 0.4677257835865021 -0.41846405666133485
img_886 0.3349496126174927 0.4811718165874481 -0.527968756368366
img_887 0.3309493958950043 0.49274325370788574 -0.616166464498249
img_888 0.32950595021247864 0.5013964176177979 -0.7424758593346747
img_889 0.3252405524253845 0.5086750984191895 -0.8775809923913155
img_890 0.32092124223709106 0.514252781867981 -0.9972108523156317
img_891 0.3150175213813782 0.5232797265052795 -1.1203139941002997
img_892 0.3191196918487549 0.5420140624046326 -1.2522100130822336
img_893 0.3225440979003906 0.5617403388023376 -1.3843625704552802
img_894 0.33346253633499146 0.5779027342796326 -1.5064080874230537
img_895 0.3427563011646271 0.5859876275062561 -1.6428397814538156
img_896 0.35647711157798767 0.5921715497970581 -1.7536824862267646
img_897 0.3680109679698944 0.593694806098938 -1.8229650179650458
img_898 0.38284382224082947 0.5928649306297302 -1.9175590197350656
img_899 0.39794090390205383 0.5972825884819031 -2.0161536852624096
img_900 0.41279199719429016 0.5976585745811462 -2.093426100423542
img_901 0.42546236515045166 0.598456859588623 -2.1781619707848705
img_902 0.42950892448425293 0.5995124578475952 -2.225055090596882
img_903 0.43855562806129456 0.5925301313400269 -2.3188565890099677
img_904 0.4536718726158142 0.58659827709198 -2.4590190569665107
img_905 0.468537837266922 0.5744532346725464 -2.6004975954796943
img_906 0.4787783622741699 0.5663578510284424 -2.701225630452839
img_907 0.4850218594074249 0.5539273619651794 -2.814474455526081
img_908 0.49327534437179565 0.5467677712440491 -2.955435148885456
img_909 0.49682047963142395 0.5360540151596069 -3.0726760546471747
img_910 0.5018607974052429 0.5279174447059631 3.113517713530947
img_911 0.5057615041732788 0.515105664730072 3.0045289516290916
img_912 0.510506272315979 0.5132306814193726 2.9008817195734276
img_913 0.510265052318573 0.5075627565383911 2.791904401763369
img_914 0.5119774341583252 0.5114433169364929 2.6573352336725486
img_915 0.5151602625846863 0.5197433829307556 2.5646018504938377
img_916 0.5170074105262756 0.5305159687995911 2.5179709911188377
img_917 0.5193491578102112 0.5496113300323486 2.4433612346491107
img_918 0.5243178606033325 0.5763819217681885 2.333846998198916
img_919 0.5318907499313354 0.6018807888031006 2.2387179851373924
img_920 0.5437577962875366 0.6202237010002136 2.20647616384833
img_921 0.5639075040817261 0.6390381455421448 2.2365817546686424
img_922 0.5776739120483398 0.6522474884986877 2.3125266551813377
img_923 0.5868372917175293 0.6638157367706299 2.4017943858942283
img_924 0.5915699601173401 0.6707095503807068 2.5097026347955955
img_925 0.590799868106842 0.6708986163139343 2.6599921703180565
img_926 0.5895763635635376 0.668331503868103 2.799097013457705
img_927 0.5883774757385254 0.6641375422477722 2.9315261363825096
img_928 0.5859314203262329 0.6526652574539185 3.037853193267275
img_929 0.5835469961166382 0.6402111053466797 -3.1345018069054755
img_930 0.5819253325462341 0.6227884888648987 -3.01993500392696
img_931 0.5767293572425842 0.6031452417373657 -2.862422339132038
img_932 0.5716785192489624 0.5831444263458252 -2.704951636007038
img_933 0.5698361992835999 0.5634037852287292 -2.55440651576778
img_934 0.5675578713417053 0.5468541383743286 -2.4246371905114326
img_935 0.5627120137214661 0.53164142370224 -2.317781798055378
img_936 0.5552370548248291 0.5124459266662598 -2.2090676943566474
img_937 0.5455212593078613 0.4891011416912079 -2.0950301806237377
img_938 0.5359750390052795 0.4636521339416504 -2.00869118373653
img_939 0.5357832908630371 0.432441383600235 -1.9724486986901437
img_940 0.5403910875320435 0.394269734621048 -2.0190747896935615
img_941 0.5443581342697144 0.3602541983127594 -2.0728963534142646
img_942 0.5464115738868713 0.3313308656215668 -2.1213935534264716
img_943 0.5463646054267883 0.30502161383628845 -2.165627829244343
img_944 0.5443905591964722 0.2758847773075104 -2.239974371602741
img_945 0.5438826680183411 0.2534131407737732 -2.3641341845299877
img_946 0.5407193899154663 0.23502855002880096 -2.4725936571862372
img_947 0.533633291721344 0.2204083353281021 -2.5738509814049872
img_948 0.521094024181366 0.20287379622459412 -2.655386320760456
img_949 0.5034914612770081 0.18680022656917572 -2.7220023791100654
img_950 0.48073312640190125 0.17724394798278809 -2.7864822069909247
img_951 0.45672792196273804 0.16808414459228516 -2.8451064745690497
img_952 0.4310738146305084 0.16340801119804382 -2.9245132128502997
img_953 0.4038437008857727 0.16173669695854187 -3.0039285342003974
img_954 0.37755700945854187 0.16657797992229462 -3.0665391604211005
img_955 0.35805243253707886 0.17178089916706085 3.1199178218683494
img_956 0.3335556089878082 0.17557743191719055 3.034652662261416
img_957 0.31108659505844116 0.18407003581523895 2.9619102001032127
img_958 0.2906249761581421 0.19798728823661804 2.8827704906305565
img_959 0.27385175228118896 0.21387344598770142 2.792707395537783
img_960 0.25775131583213806 0.22995948791503906 2.7263583659967674
img_961 0.2483312487602234 0.24778972566127777 2.6344298839411033
img_962 0.24257813394069672 0.26668810844421387 2.5459594249567283
img_963 0.2387237548828125 0.2871937155723572 2.472152662261416
img_964 0.22875455021858215 0.3050291836261749 2.402336072905947
img_965 0.22905877232551575 0.32676154375076294 2.34264559744208
img_966 0.23089562356472015 0.3510527014732361 2.2499179363092674
img_967 0.23023079335689545 0.37940648198127747 2.120679807647158
img_968 0.23691359162330627 0.4041377007961273 2.0327453136286033
img_969 0.23491670191287994 0.4233401119709015 1.9714660167536033
img_970 0.23044386506080627 0.4469209313392639 1.8915252208551656
img_971 0.2335444688796997 0.4642467796802521 1.801454496367861
img_972 0.23969611525535583 0.48089486360549927 1.6956653117975486
img_973 0.2513616681098938 0.4947408139705658 1.6114768504938377
img_974 0.2648247480392456 0.5044068098068237 1.5954894542536036
img_975 0.2818915545940399 0.5162475109100342 1.6610469341120015
img_976 0.29952481389045715 0.5280073881149292 1.740451765044619
img_977 0.31404417753219604 0.5384983420372009 1.833713483794619
img_978 0.32660409808158875 0.5460360050201416 1.9317721843561424
img_979 0.33740389347076416 0.5514935851097107 2.0322265148004783
img_980 0.3458673059940338 0.554298460483551 2.1241549968561424
img_981 0.35652175545692444 0.5590329766273499 2.2553100108942283
img_982 0.3609067499637604 0.5620713233947754 2.423912000640322
img_983 0.3622291684150696 0.5628430843353271 2.6027087688287986
img_984 0.36209654808044434 0.5620771646499634 2.755111646636416
img_985 0.36343762278556824 0.5612050294876099 2.888617467864443
img_986 0.3645251393318176 0.555928111076355 3.0122546672662986
img_987 0.36857670545578003 0.5540598034858704 3.1263036250910057
img_988 0.368928998708725 0.5497006773948669 -3.0313752810265693
img_989 0.3687714636325836 0.5457295179367065 -2.8024934450890693
img_990 0.37296080589294434 0.5421425104141235 -2.5951875368859443
img_991 0.3746722340583801 0.541343629360199 -2.4417146364953193
img_992 0.3767559826374054 0.5441258549690247 -2.295956961324421
img_993 0.3742145597934723 0.543719470500946 -2.0913079897668037
img_994 0.37108245491981506 0.5518725514411926 -1.9156964937951242
img_995 0.3661328852176666 0.5566920638084412 -1.7067979494836005
img_996 0.3646990954875946 0.5631592869758606 -1.559450499227253
img_997 0.3632875382900238 0.5649935603141785 -1.4390033404137765
img_998 0.35497888922691345 0.5628005862236023 -1.3057731310631904
img_999 0.3473083972930908 0.5615145564079285 -1.1472142855431708
img_1000 0.34447747468948364 0.5588215589523315 -1.010002485921589
img_1001 0.34219440817832947 0.5591601133346558 -0.877040259053913
img_1002 0.33512941002845764 0.5590505003929138 -0.7416728655602607
img_1003 0.3253703713417053 0.5541340708732605 -0.5762027422692452
img_1004 0.3151012063026428 0.5499904751777649 -0.4157804171349677
img_1005 0.30528223514556885 0.5452064871788025 -0.25565849941035834
img_1006 0.29660317301750183 0.5375386476516724 -0.1200250307824286
img_1007 0.28244394063949585 0.5245082974433899 0.008149751016887799
img_1008 0.2709629237651825 0.5069413781166077 0.11126960117557923
img_1009 0.26089099049568176 0.49115580320358276 0.22663749057987612
img_1010 0.24517016112804413 0.4788420796394348 0.3590999921057549
img_1011 0.22831259667873383 0.4692206382751465 0.4862018902991144
img_1012 0.2210310399532318 0.4524497389793396 0.6143480618689386
img_1013 0.2239735871553421 0.4247835874557495 0.7632919629309504
img_1014 0.22887393832206726 0.4024398624897003 0.8741623242590756
img_1015 0.2245919108390808 0.39091455936431885 0.9594198544714778
img_1016 0.21921099722385406 0.3775504529476166 1.06253684360722
img_1017 0.2160494327545166 0.35833266377449036 1.204037316629681
img_1018 0.20892339944839478 0.33657872676849365 1.3505836804602473
img_1019 0.20043277740478516 0.3149779438972473 1.4433132489416924
img_1020 0.2059616893529892 0.28963524103164673 1.5011345227454036
img_1021 0.21572056412696838 0.2644599974155426 1.5037990887854427
img_1022 0.23001182079315186 0.24716319143772125 1.4124027569983333
img_1023 0.24664850533008575 0.24245549738407135 1.2815672238562432
img_1024 0.2623395323753357 0.2362567037343979 1.1448770840857356
img_1025 0.2806863784790039 0.23264771699905396 1.0201698621008723
img_1026 0.30261731147766113 0.23011939227581024 0.9162489255163997
img_1027 0.32099437713623047 0.22904068231582642 0.8397756894324153
img_1028 0.34120285511016846 0.22929809987545013 0.7425161679480403
img_1029 0.36813580989837646 0.2298908829689026 0.6543241818640558
img_1030 0.3957262337207794 0.2352789342403412 0.5477243741247981
img_1031 0.4177863299846649 0.24080392718315125 0.4051786740515558
img_1032 0.4335210919380188 0.2451186627149582 0.2610241254065363
img_1033 0.4501110315322876 0.2502385377883911 0.11739505130985657
img_1034 0.46547338366508484 0.25320711731910706 -0.025704733541217665
img_1035 0.4697009325027466 0.25467079877853394 -0.2103513399865302
img_1036 0.4692866802215576 0.25339919328689575 -0.4043286959435615
img_1037 0.47080597281455994 0.2539328336715698 -0.5796645800377997
img_1038 0.4709811806678772 0.2538181245326996 -0.7810939471032294
img_1039 0.46779823303222656 0.249566450715065 -0.9529708544518621
img_1040 0.4719885587692261 0.2449222356081009 -1.0643457094933662
img_1041 0.48663830757141113 0.22985529899597168 -1.202380530050007
img_1042 0.5048417448997498 0.20889240503311157 -1.3809236208703193
img_1043 0.5331621766090393 0.18870773911476135 -1.5210794131066474
img_1044 0.562447726726532 0.17314478754997253 -1.6324580828454172
img_1045 0.5836968421936035 0.16015079617500305 -1.7238629977013744
img_1046 0.606232762336731 0.14802144467830658 -1.78674351375362
img_1047 0.6285104155540466 0.13473647832870483 -1.8253797213341865
img_1048 0.6491143107414246 0.12028536945581436 -1.8189843813683666
img_1049 0.6682322025299072 0.10294629633426666 -1.7523749987389716
img_1050 0.6852284073829651 0.08903532475233078 -1.6055339495446357
img_1051 0.7011289000511169 0.08010119199752808 -1.475250593831745
img_1052 0.7142484784126282 0.07185570150613785 -1.2708781878258861
img_1053 0.7249154448509216 0.06949111074209213 -1.0531791369225654
img_1054 0.7243855595588684 0.06846614181995392 -0.8324836413170966
img_1055 0.7212238311767578 0.06691037118434906 -0.5900195757653388
img_1056 0.7206459641456604 0.06824325025081635 -0.3472655932213935
img_1057 0.7167729735374451 0.06964500993490219 -0.13756596248408878
img_1058 0.7072655558586121 0.07376884669065475 0.06654036838749326
img_1059 0.6947170495986938 0.07990117371082306 0.25813258487919255
img_1060 0.679593026638031 0.09110311418771744 0.4166761716101496
img_1061 0.658806562423706 0.10649999976158142 0.5285965283606379
img_1062 0.6307963728904724 0.12206792086362839 0.6524998028967707
img_1063 0.6000556349754333 0.1348731815814972 0.779603608438763
img_1064 0.5785442590713501 0.14352889358997345 0.8875032742712823
img_1065 0.5612474083900452 0.15292911231517792 0.9847685178015559
img_1066 0.5426379442214966 0.1629362851381302 1.072429307291302
img_1067 0.5214394927024841 0.17419399321079254 1.1118627866003838
img_1068 0.5022293925285339 0.17803986370563507 1.159298547098431
img_1069 0.47764676809310913 0.18549297749996185 1.205392487833294
img_1070 0.451923131942749 0.1918586790561676 1.2141853650305598
img_1071 0.425920695066452 0.19655264914035797 1.235508569071087
img_1072 0.39801153540611267 0.20095594227313995 1.2011448224280208
img_1073 0.3771508038043976 0.2040216624736786 1.1321216901038018
img_1074 0.35612523555755615 0.20659992098808289 1.0785719235632745
img_1075 0.33124253153800964 0.20721209049224854 1.0009294827673763
img_1076 0.30898579955101013 0.2067311704158783 0.9064403851721614
img_1077 0.2902437150478363 0.20810416340827942 0.8304802258704035
img_1078 0.27064940333366394 0.21452230215072632 0.7433849652502865
img_1079 0.25471624732017517 0.22364181280136108 0.6377207120154229
img_1080 0.24193084239959717 0.23550933599472046 0.5169130643103449
img_1081 0.2304818332195282 0.24131076037883759 0.4183203061316339
img_1082 0.22205272316932678 0.2466944307088852 0.3253237088415948
img_1083 0.20979396998882294 0.24645155668258667 0.16598380405643862
img_1084 0.19949176907539368 0.23632720112800598 -0.0018886248376043906
img_1085 0.18690598011016846 0.22546911239624023 -0.13937126796504581
img_1086 0.16948813199996948 0.20483365654945374 -0.26861225765010444
img_1087 0.1452130824327469 0.18241597712039948 -0.3616164843346747
img_1088 0.11903244256973267 0.16193920373916626 -0.393057219197956
img_1089 0.09372369199991226 0.1461900919675827 -0.3981193224694404
img_1090 0.07666853815317154 0.13742387294769287 -0.3520187060143622
img_1091 0.05951904505491257 0.12768594920635223 -0.30192600887080756
img_1092 0.04219422489404678 0.1173757016658783 -0.20545708339473331
img_1093 0.02744029089808464 0.11211253702640533 -0.1025975863244208
img_1094 0.01572129875421524 0.10189346969127655 -0.019201628377643457
img_1095 0.009996793232858181 0.09287212044000626 0.06633437473514953
img_1096 0.003976142033934593 0.08186863362789154 0.12255633671024717
img_1097 0.003794634249061346 0.0710623487830162 0.17239249546268862
img_1098 0.008016835898160934 0.05657985806465149 0.18598044712284484
img_1099 0.008004284463822842 0.03701276332139969 0.17292273838261046
img_1100 0.00026712100952863693 0.021668601781129837 0.17691958744266906
img_1101 -0.008392900228500366 0.013179473578929901 0.17825187046268862
img_1102 -0.01848711632192135 0.006016475148499012 0.16865981418827453
img_1103 -0.027368716895580292 0.0032775350846350193 0.14547789890507143
img_1104 -0.037958014756441116 -0.0012684362009167671 0.1401478131506769
img_1105 -0.04875688627362251 -0.005416835658252239 0.1438776334021417
img_1106 -0.04942690208554268 -0.012478945776820183 0.13508380253055968
img_1107 -0.04682059586048126 -0.015846282243728638 0.12602485019901669
img_1108 -0.044159963726997375 -0.021848002448678017 0.13641799289921203
img_1109 -0.04327104613184929 -0.02319052256643772 0.14068091709354796
img_1110 -0.040808454155921936 -0.026139497756958008 0.12442553837040346
img_1111 -0.040417078882455826 -0.02645612321794033 0.11936248142460266
img_1112 -0.04086310416460037 -0.02596159279346466 0.12069476444462217
img_1113 -0.04170934483408928 -0.025942420586943626 0.11589873630741516
img_1114 -0.042374853044748306 -0.02626338228583336 0.11803019840458309
img_1115 -0.04229129105806351 -0.02637523226439953 0.11669791538456357
img_1116 -0.04224958270788193 -0.026431215927004814 0.11643184025028626
img_1117 -0.04224958270788193 -0.026431215927004814 0.11643184025028626
img_1118 -0.04224958270788193 -0.026431215927004814 0.11643184025028626
img_1119 -0.04224958270788193 -0.026431215927004814 0.11643184025028626
img_1120 -0.04224958270788193 -0.026431215927004814 0.11643184025028626
img_1121 -0.04224958270788193 -0.026431215927004814 0.11643184025028626
img_1122 -0.04224958270788193 -0.026431215927004814 0.11643184025028626
img_1123 -0.04224958270788193 -0.026431215927004814 0.11643184025028626
img_1124 -0.04224958270788193 -0.026431215927004814 0.11643184025028626
img_1125 -0.04224958270788193 -0.026431215927004814 0.11643184025028626
img_1126 -0.04224958270788193 -0.026431215927004814 0.11643184025028626
img_1127 -0.04224958270788193 -0.026431215927004814 0.11643184025028626
img_1128 -0.04220788925886154 -0.026487210765480995 0.11616576511600891
