img_0 0.0 0.0 0.0
img_1 0.0 0.0 0.0
img_2 0.006147847510874271 -4.6552342536365643e-10 -0.0016060204943642022
img_3 0.006147847510874271 -4.6552342536365643e-10 -0.0016060204943642022
img_4 0.013218855485320091 -0.000256318278843537 -0.000534592545591295
img_5 0.020390555262565613 -0.0004437279421836138 -0.001872813212685287
img_6 0.028063198551535606 -0.00039685724186711013 -0.002140670316293836
img_7 0.028063198551535606 -0.00039685724186711013 -0.002140670316293836
img_8 0.03544635325670242 -0.0005962334107607603 -0.0026759456377476462
img_9 0.04258916899561882 -0.0006153474096208811 -0.0029438291676342487
img_10 0.050290368497371674 -0.0005156481638550758 -0.004281899891793729
img_11 0.05764293298125267 -0.0007920748903416097 -0.0045497333630919465
img_12 0.06495803594589233 -0.0011314634466543794 -0.0045497305691242235
img_13 0.06495803594589233 -0.0011314634466543794 -0.0045497305691242235
img_14 0.0723453164100647 -0.0011038545053452253 -0.005085256882011891
img_15 0.079729363322258 -0.0012026033364236355 -0.00642360094934702
img_16 0.08722134679555893 -0.0016181201208382845 -0.0069592269137501725
img_17 0.09474695473909378 -0.0016092985169962049 -0.006959225051105023
img_18 0.09474695473909378 -0.0016092985169962049 -0.006959225051105023
img_19 0.10206452757120132 -0.0017214601393789053 -0.008566202595829964
img_20 0.10965810716152191 -0.0020925095304846764 -0.008298527449369434
img_21 0.11701305210590363 -0.0020310634281486273 -0.008566378615796568
img_22 0.12446624040603638 -0.0021561025641858578 -0.009636889211833479
img_23 0.12446624040603638 -0.0021561025641858578 -0.009636889211833479
img_24 0.1322062462568283 -0.0025369145441800356 -0.009636890143156053
img_25 0.13934095203876495 -0.002728057559579611 -0.01070743054151535
img_26 0.14690527319908142 -0.0026866162661463022 -0.01097517926245928
img_27 0.15450021624565125 -0.0030760744120925665 -0.010707427747547628
img_28 0.1617470532655716 -0.003214914118871093 -0.011778809130191805
img_29 0.1617470532655716 -0.003214914118871093 -0.011778809130191805
img_30 0.1695553958415985 -0.0032456922344863415 -0.012314124964177608
img_31 0.1770503669977188 -0.0034605024848133326 -0.012046222575008871
img_32 0.18450422585010529 -0.003489108057692647 -0.013116689398884775
img_33 0.19200028479099274 -0.0034649563021957874 -0.013652359135448934
img_34 0.19200028479099274 -0.0034649563021957874 -0.013652359135448934
img_35 0.19916865229606628 -0.0037464136257767677 -0.014187627471983436
img_36 0.206553652882576 -0.004034903831779957 -0.01472324691712856
img_37 0.21401339769363403 -0.003838685806840658 -0.014187841676175594
img_38 0.22154198586940765 -0.004006747156381607 -0.014187841676175594
img_39 0.22899509966373444 -0.004173698835074902 -0.015258463099598888
img_40 0.22899509966373444 -0.004173698835074902 -0.015258463099598888
img_41 0.23645935952663422 -0.003981359302997589 -0.014722742140293125
img_42 0.24356043338775635 -0.004024717956781387 -0.015525653958320621
img_43 0.24356043338775635 -0.004024717956781387 -0.015525653958320621
img_44 0.2512637972831726 -0.004266797099262476 -0.016061251983046535
img_45 0.2584797441959381 -0.0038929805159568787 -0.015258111059665683
img_46 0.26569122076034546 -0.004003023263067007 -0.016061618924140934
img_47 0.2730386555194855 -0.004121045116335154 -0.015526332892477514
img_48 0.2802199721336365 -0.0038039369974285364 -0.016865249723196033
img_49 0.2802199721336365 -0.0038039369974285364 -0.016865249723196033
img_50 0.28749901056289673 -0.003926711622625589 -0.015794336795806888
img_51 0.29503291845321655 -0.003984444309026003 -0.015794338658452034
img_52 0.30202803015708923 -0.003850245615467429 -0.016596924513578415
img_53 0.309279203414917 -0.0036644074134528637 -0.015257844701409342
img_54 0.309279203414917 -0.0036644074134528637 -0.015257844701409342
img_55 0.31670019030570984 -0.003655232721939683 -0.015257845632731918
img_56 0.3239539563655853 -0.003337194211781025 -0.01632925495505333
img_57 0.33123502135276794 -0.0032112915068864822 -0.015258633531630041
img_58 0.3385283052921295 -0.0031999447382986546 -0.01418592501431704
img_59 0.3385283052921295 -0.0031999447382986546 -0.01418592501431704
img_60 0.34583649039268494 -0.0029979930259287357 -0.01498791947960854
img_61 0.35326674580574036 -0.002741853939369321 -0.013380648568272594
img_62 0.36040493845939636 -0.0025926160160452127 -0.012845426797866823
img_63 0.3678334057331085 -0.0024430309422314167 -0.01284542493522167
img_64 0.3755030632019043 -0.002235575346276164 -0.011507212184369566
img_65 0.3755030632019043 -0.002235575346276164 -0.011507212184369566
img_66 0.38222241401672363 -0.002067954745143652 -0.010971566662192348
img_67 0.38964396715164185 -0.0019045962253585458 -0.010971564799547197
img_68 0.3971764147281647 -0.001681084861047566 -0.009364744648337366
img_69 0.4043149948120117 -0.0016255273949354887 -0.008829357102513315
img_70 0.4043149948120117 -0.0016255273949354887 -0.008829357102513315
img_71 0.41192179918289185 -0.001508875167928636 -0.008561368100345136
img_72 0.41941124200820923 -0.001083721173927188 -0.008293874561786652
img_73 0.42651697993278503 -0.0010814258130267262 -0.006687029730528591
img_74 0.43397390842437744 -0.0009476771811023355 -0.006151635665446521
img_75 0.43397390842437744 -0.0009476771811023355 -0.006151635665446521
img_76 0.44125840067863464 -0.000747538753785193 -0.005883793346583845
img_77 0.4485377371311188 -0.0006679681828245521 -0.004813075065612794
img_78 0.45589205622673035 -0.0005808911519125104 -0.0042773918248713025
img_79 0.4632762670516968 -0.0004289074568077922 -0.005615559872239829
img_80 0.4632762670516968 -0.0004289074568077922 -0.005615559872239829
img_81 0.4704893231391907 -0.00034693736233748496 -0.004008496180176734
img_82 0.4779793322086334 -0.0003769617178477347 -0.0037408408243209124
img_83 0.4852287471294403 -0.0003428318304941058 -0.0048124222084879875
img_84 0.4925767183303833 -0.00037819379940629005 -0.0034742683637887244
img_85 0.4925767183303833 -0.00037819379940629005 -0.0034742683637887244
img_86 0.49996623396873474 -0.0003426292387302965 -0.0040099634788930425
img_87 0.5074911117553711 -0.0003116152947768569 -0.004812853876501322
img_88 0.5145264863967896 -0.00040671435999684036 -0.004277164116501809
img_89 0.5218396186828613 -0.00037680365494452417 -0.00427716225385666
img_90 0.5218396186828613 -0.00037680365494452417 -0.00427716225385666
img_91 0.5291948318481445 -0.00028577446937561035 -0.005348655860871078
img_92 0.5364716053009033 -0.00044707770575769246 -0.005081018898636103
img_93 0.5437556505203247 -0.00060659070732072 -0.005616820417344572
img_94 0.5511732697486877 -0.000648254994302988 -0.007222388405352833
img_95 0.5511732697486877 -0.000648254994302988 -0.007222388405352833
img_96 0.5588099956512451 -0.0007034118752926588 -0.006418840028345587
img_97 0.5659471750259399 -0.000871639815159142 -0.006686545908451081
img_98 0.5734395384788513 -0.0009217388578690588 -0.008025260642170906
img_99 0.6031241416931152 -0.001551191322505474 -0.010434916242957115
img_100 0.6031241416931152 -0.001551191322505474 -0.010434916242957115
img_101 0.6179636120796204 -0.0018284652614966035 -0.011238035745918754
img_102 0.6179636120796204 -0.0018284652614966035 -0.011238035745918754
img_103 0.6329843997955322 -0.0021890357602387667 -0.01177326962351799
img_104 0.6329843997955322 -0.0021890357602387667 -0.01177326962351799
img_105 0.6478932499885559 -0.0024947405327111483 -0.013914804905653
img_106 0.6478932499885559 -0.0024947405327111483 -0.013914804905653
img_107 0.6555233597755432 -0.002845811890438199 -0.0131115335971117
img_108 0.6555233597755432 -0.002845811890438199 -0.0131115335971117
img_109 0.6628426313400269 -0.002880537649616599 -0.013915120624005795
img_110 0.6703664064407349 -0.0030464378651231527 -0.0155210392549634
img_111 0.6778570413589478 -0.0032851689029484987 -0.015253264456987384
img_112 0.6778570413589478 -0.0032851689029484987 -0.015253264456987384
img_113 0.6851717829704285 -0.003335540182888508 -0.015253262594342233
img_114 0.6906274557113647 -0.002683778526261449 -0.015521124005317688
img_115 0.6906618475914001 -0.002745509147644043 -0.016591668128967285
img_116 0.6906618475914001 -0.002745509147644043 -0.016591668128967285
img_117 0.6906618475914001 -0.002745509147644043 -0.016591668128967285
img_118 0.6906618475914001 -0.002745509147644043 -0.016591668128967285
img_119 0.6903814077377319 -0.00047557102516293526 -0.014181933365762237
img_120 0.6902804970741272 0.007362323347479105 -0.012575422413647175
img_121 0.6901302337646484 0.015171537175774574 -0.011499976739287376
img_122 0.6901302337646484 0.015171537175774574 -0.011499976739287376
img_123 0.6903220415115356 0.02266806736588478 -0.010700065642595293
img_124 0.6900508403778076 0.030393293127417564 -0.008823705837130547
img_125 0.6900471448898315 0.03797684237360954 -0.007486285641789437
img_126 0.6898193359375 0.0453268438577652 -0.006950628478080036
img_127 0.689766526222229 0.052976638078689575 -0.004541741218417885
img_128 0.689766526222229 0.052976638078689575 -0.004541741218417885
img_129 0.6895899772644043 0.06081639230251312 -0.003738160012289881
img_130 0.6895121335983276 0.06834247708320618 -0.0037381581496447338
img_131 0.6893274784088135 0.07569219172000885 -0.0029345718212425717
img_132 0.6893494129180908 0.08315718919038773 -0.0021316763013601307
img_133 0.6893494129180908 0.08315718919038773 -0.0021316763013601307
img_134 0.6893301010131836 0.09068949520587921 -0.0018638302572071554
img_135 0.6894144415855408 0.09803259372711182 -0.002399136777967215
img_136 0.6894681453704834 0.10568767040967941 -0.0026669970247894526
img_137 0.6895235180854797 0.11321374028921127 -0.0021317335776984696
img_138 0.6895235180854797 0.11321374028921127 -0.0021317335776984696
img_139 0.6895039677619934 0.12062336504459381 -0.0026674089021980762
img_140 0.6898400783538818 0.12741521000862122 -0.0042733773589134225
img_141 0.6897311210632324 0.13500961661338806 -0.00480909738689661
img_142 0.6899054050445557 0.14186260104179382 -0.005076748318970204
img_143 0.6899054050445557 0.14186260104179382 -0.005076748318970204
img_144 0.6900836825370789 0.1490943431854248 -0.006149095483124257
img_145 0.6904081702232361 0.15593980252742767 -0.00668390141800046
img_146 0.6903865933418274 0.16328570246696472 -0.007754852529615164
img_147 0.6907253861427307 0.1705070436000824 -0.00909365061670542
img_148 0.6907253861427307 0.1705070436000824 -0.00909365061670542
img_149 0.6906844973564148 0.17767350375652313 -0.009897292591631414
img_150 0.6910732388496399 0.18482866883277893 -0.010700136423110964
img_151 0.6911799907684326 0.1915028989315033 -0.012575078755617145
img_152 0.6913430094718933 0.19884543120861053 -0.012307396158576012
img_153 0.6913430094718933 0.19884543120861053 -0.012307396158576012
img_154 0.6916800737380981 0.20612740516662598 -0.01337852515280247
img_155 0.6919147372245789 0.2131016105413437 -0.014449235983192922
img_156 0.6921570301055908 0.22008003294467926 -0.014717086218297485
img_157 0.6920186877250671 0.22748766839504242 -0.0144494166597724
img_158 0.6920186877250671 0.22748766839504242 -0.0144494166597724
img_159 0.6920886635780334 0.2347758561372757 -0.014181529171764852
img_160 0.6921892762184143 0.24187204241752625 -0.014181525446474554
img_161 0.6921572685241699 0.249589204788208 -0.013110142201185228
img_162 0.6922174096107483 0.25687167048454285 -0.012842467054724693
img_163 0.6922787427902222 0.26440179347991943 -0.012574686668813232
img_164 0.6922787427902222 0.26440179347991943 -0.012574686668813232
img_165 0.6922627687454224 0.27156466245651245 -0.011771452613174917
img_166 0.6922467947006226 0.2792196273803711 -0.010164473205804827
img_167 0.6920041441917419 0.2866259515285492 -0.008558757603168488
img_168 0.6921766996383667 0.2943991422653198 -0.00855875387787819
img_169 0.6921766996383667 0.2943991422653198 -0.00855875387787819
img_170 0.6916751265525818 0.3018726706504822 -0.005881024524569512
img_171 0.6918262243270874 0.30952590703964233 -0.005077559966593982
img_172 0.691547691822052 0.3172991871833801 -0.0034716064110398297
img_173 0.6916807293891907 0.3250730633735657 -0.002668365370482207
img_174 0.6913478970527649 0.3327871561050415 -0.0015973686240613463
img_175 0.6913478970527649 0.3327871561050415 -0.0015973686240613463
img_176 0.6912887692451477 0.34001055359840393 -0.0002586552873253822
img_177 0.691114068031311 0.34778574109077454 0.0002768954145722092
img_178 0.6911473870277405 0.3551938533782959 0.0016158258076757193
img_179 0.6911473870277405 0.3551938533782959 0.0016158258076757193
img_180 0.6907815933227539 0.3629046082496643 0.0026865692343562846
img_181 0.6907615065574646 0.3703760504722595 0.002686572959646582
img_182 0.690599799156189 0.3779638111591339 0.002954235300421714
img_183 0.6907192468643188 0.38543978333473206 0.0034902570769190793
img_184 0.6907192468643188 0.38543978333473206 0.0034902570769190793
img_185 0.6906940340995789 0.3926565647125244 0.0034902608022093777
img_186 0.6907729506492615 0.4004339873790741 0.0026867361739277844
img_187 0.6906474232673645 0.4077150523662567 0.001883853925392032
img_188 0.6908811330795288 0.41500142216682434 0.0016160600353032355
img_189 0.6909763813018799 0.4216737151145935 0.0008128597983159125
img_190 0.6909763813018799 0.4216737151145935 0.0008128597983159125
img_191 0.6910760998725891 0.42945075035095215 9.351118933409452e-06
img_192 0.6910760402679443 0.43642619252204895 -0.0007935338653624059
img_193 0.6912938952445984 0.4436524510383606 -0.0015971118118613963
img_194 0.6912344098091125 0.45062804222106934 -0.002667634980753065
img_195 0.6912344098091125 0.45062804222106934 -0.002667634980753065
img_196 0.6917484402656555 0.45773133635520935 -0.004007062409073115
img_197 0.691600501537323 0.46489065885543823 -0.005077527835965157
img_198 0.6918486952781677 0.471993625164032 -0.005881124176084995
img_199 0.6919975280761719 0.47927433252334595 -0.006684015039354563
img_200 0.6919975280761719 0.47927433252334595 -0.006684015039354563
img_201 0.6922546625137329 0.48600849509239197 -0.00829098466783762
img_202 0.6923862099647522 0.4933517277240753 -0.009629396721720697
img_203 0.6927362680435181 0.5003300309181213 -0.010165103711187841
img_204 0.6928071975708008 0.5073053240776062 -0.010968016460537912
img_205 0.6930278539657593 0.5145289301872253 -0.010432358831167223
img_206 0.6930278539657593 0.5145289301872253 -0.010432358831167223
img_207 0.6929284334182739 0.5219351649284363 -0.009897024370729923
img_208 0.6930024027824402 0.5294063687324524 -0.010700621642172338
img_209 0.6930785179138184 0.5365171432495117 -0.010700621642172338
img_210 0.6931236982345581 0.5440344214439392 -0.010433306917548181
img_211 0.6931977868080139 0.5511329174041748 -0.00963029731065035
img_212 0.6931977868080139 0.5511329174041748 -0.00963029731065035
img_213 0.6931642293930054 0.5586668252944946 -0.00963029731065035
img_214 0.6930601000785828 0.5661945343017578 -0.008292118087410927
img_215 0.6930882334709167 0.573847770690918 -0.007220948114991188
img_216 0.6930882334709167 0.573847770690918 -0.007220948114991188
img_217 0.6928236484527588 0.581256091594696 -0.005614637397229672
img_218 0.6929019689559937 0.5889105200767517 -0.004275405313819647
img_219 0.6924052834510803 0.5966836214065552 -0.0026696273125708108
img_220 0.6925314664840698 0.6042161583900452 -0.001866026315838099
img_221 0.6925314664840698 0.6042161583900452 -0.001866026315838099
img_222 0.6922984719276428 0.6118651032447815 -0.0007955160690471532
img_223 0.6923044323921204 0.6193362474441528 8.033064659684896e-06
img_224 0.6919863820075989 0.6272307634353638 0.001614057226106525
img_225 0.6919741034507751 0.6348208785057068 0.0032204219605773683
img_226 0.6919741034507751 0.6348208785057068 0.0032204219605773683
img_227 0.6917375922203064 0.642410933971405 0.003220425685867667
img_228 0.6916428208351135 0.6498822569847107 0.004559766501188277
img_229 0.6915019750595093 0.6575302481651306 0.005362660624086858
img_230 0.691320538520813 0.6649991869926453 0.00563046569004655
img_231 0.691320538520813 0.6649991869926453 0.00563046569004655
img_232 0.6913491487503052 0.6724660396575928 0.005095096305012704
img_233 0.6912397146224976 0.680060088634491 0.005630864761769772
img_234 0.6913767457008362 0.6870980262756348 0.0058985124342143536
img_235 0.6912660002708435 0.6878933310508728 0.00589851289987564
img_236 0.6912660002708435 0.6878933310508728 0.00589851289987564
img_237 0.6913366913795471 0.6878937482833862 0.005363131873309612
img_238 0.6913016438484192 0.6878322958946228 0.005631023552268745
img_239 0.6913016438484192 0.6878322958946228 0.005631023552268745
img_240 0.685644805431366 0.6881677508354187 0.009111750870943071
img_241 0.685644805431366 0.6881677508354187 0.009111750870943071
img_242 0.6786126494407654 0.6880424618721008 0.009379490278661251
img_243 0.6711507439613342 0.6880336999893188 0.008843681775033474
img_244 0.6637319922447205 0.688090443611145 0.009646492078900339
img_245 0.656321108341217 0.6879575252532959 0.009377830661833288
img_246 0.656321108341217 0.6879575252532959 0.009377830661833288
img_247 0.6488550901412964 0.6877654790878296 0.008310435339808464
img_248 0.6415029168128967 0.6877043843269348 0.008578226901590824
img_249 0.6341186165809631 0.6875798106193542 0.0075074555352330225
img_250 0.6268022060394287 0.6872186660766602 0.007507453672587873
img_251 0.6195228099822998 0.6874088048934937 0.006436874158680439
img_252 0.6195228099822998 0.6874088048934937 0.006436874158680439
img_253 0.6120625734329224 0.6872995495796204 0.005901129450649023
img_254 0.6046812534332275 0.6869500279426575 0.005633503198623658
img_255 0.5976109504699707 0.6869102120399475 0.0061691426672041425
img_256 0.5902971625328064 0.6868038773536682 0.004563019610941411
img_257 0.5902971625328064 0.6868038773536682 0.004563019610941411
img_258 0.5830179452896118 0.686525821685791 0.004295279271900655
img_259 0.5761264562606812 0.6864349842071533 0.0034920317120850086
img_260 0.56856369972229 0.6864085793495178 0.0029565752483904366
img_261 0.5614248514175415 0.68614262342453 0.0024210494011640553
img_262 0.5614248514175415 0.68614262342453 0.0024210494011640553
img_263 0.5539999008178711 0.685879647731781 0.0024210484698414803
img_264 0.546863853931427 0.6858623623847961 0.001885787234641612
img_265 0.5397230386734009 0.6856039762496948 0.0013501367066055538
img_266 0.5323387384414673 0.6854104399681091 0.00027944229077547794
img_267 0.5323387384414673 0.6854104399681091 0.00027944229077547794
img_268 0.5250552296638489 0.6855309009552002 1.1590629583224658e-05
img_269 0.5179541707038879 0.6853472590446472 1.1588767847570127e-05
img_270 0.5107411742210388 0.6851022243499756 1.1586904292926194e-05
img_271 0.5034987330436707 0.6851633191108704 0.00027922959998250013
img_272 0.5034987330436707 0.6851633191108704 0.00027922959998250013
img_273 0.4962151050567627 0.6850388050079346 1.1366704711690548e-05
img_274 0.4887612462043762 0.6847327947616577 -0.0013267559697851543
img_275 0.48147886991500854 0.6847424507141113 -0.0015945726772770288
img_276 0.4740932285785675 0.6848154664039612 -0.0026654386892914768
img_277 0.4740932285785675 0.6848154664039612 -0.0026654386892914768
img_278 0.46666789054870605 0.6844678521156311 -0.0026654396206140523
img_279 0.45953235030174255 0.6847316026687622 -0.0023978063836693764
img_280 0.4519669711589813 0.6847497224807739 -0.0029334509745240216
img_281 0.4447931945323944 0.6845871806144714 -0.0023980541154742245
img_282 0.43758097290992737 0.6847269535064697 -0.0015945211052894592
img_283 0.43758097290992737 0.6847269535064697 -0.0015945211052894592
img_284 0.42973649501800537 0.6848618984222412 -0.002397623145952821
img_285 0.42241910099983215 0.6846957802772522 -0.003200981300324202
img_286 0.41496601700782776 0.6847808361053467 -0.0029333771672099833
img_287 0.40743541717529297 0.6851091384887695 -0.0029333790298551325
img_288 0.40743541717529297 0.6851091384887695 -0.0029333790298551325
img_289 0.40011972188949585 0.6849469542503357 -0.002130219712853432
img_290 0.39276736974716187 0.6850850582122803 -0.0018624238437041645
img_291 0.38513678312301636 0.6853440403938293 -0.0010594929335638883
img_292 0.37792691588401794 0.6853516697883606 -0.0010594947962090373
img_293 0.3704344630241394 0.6854820251464844 -0.0013272410724312067
img_294 0.363010048866272 0.6857368350028992 -0.0005237002624198795
img_295 0.35544875264167786 0.6857407689094543 -0.0002560254361014813
img_296 0.34791961312294006 0.6858039498329163 -0.0002560254361014813
img_297 0.34046414494514465 0.6862342953681946 0.000814716098830104
img_298 0.34046414494514465 0.6862342953681946 0.000814716098830104
img_299 0.3329334855079651 0.686289370059967 0.0016182353720068936
img_300 0.3254076838493347 0.6863383650779724 0.0016182335093617441
img_301 0.3181624114513397 0.6865102648735046 0.0034923939965665345
img_302 0.3107040524482727 0.6867902874946594 0.004563386552035809
img_303 0.3107040524482727 0.6867902874946594 0.004563386552035809
img_304 0.3032469153404236 0.6866950392723083 0.004831141792237759
img_305 0.29589301347732544 0.6871492862701416 0.005098903086036445
img_306 0.2883615791797638 0.6874170303344727 0.005902356933802368
img_307 0.28115418553352356 0.6872521042823792 0.008311530575156212
img_308 0.28115418553352356 0.6872521042823792 0.008311530575156212
img_309 0.2738346457481384 0.6874974370002747 0.009114915505051615
img_310 0.26627227663993835 0.6875509023666382 0.009382600896060469
img_311 0.2588825523853302 0.6874203085899353 0.00991838797926903
img_312 0.25174444913864136 0.6875942945480347 0.010988897643983366
img_313 0.25174444913864136 0.6875942945480347 0.010988897643983366
img_314 0.24413955211639404 0.6879393458366394 0.01152453199028969
img_315 0.23668578267097473 0.6877922415733337 0.011792194098234178
img_316 0.22929583489894867 0.6877663135528564 0.012327915988862516
img_317 0.22183801233768463 0.6879803538322449 0.012595565989613535
img_318 0.22183801233768463 0.6879803538322449 0.012595565989613535
img_319 0.21455532312393188 0.6878886222839355 0.013934796676039697
img_320 0.20706488192081451 0.6879066228866577 0.013667161576449875
img_321 0.19970524311065674 0.6880511045455933 0.014738978818058964
img_322 0.19250337779521942 0.6878225803375244 0.013936343602836136
img_323 0.19250337779521942 0.6878225803375244 0.013936343602836136
img_324 0.18468791246414185 0.6878973841667175 0.012864950112998486
img_325 0.17744342982769012 0.6879878044128418 0.013935564085841184
img_326 0.17001940310001373 0.6878843307495117 0.013132019899785522
img_327 0.1624610275030136 0.687662661075592 0.01339966990053654
img_328 0.15524713695049286 0.6878108978271484 0.013399668969213963
img_329 0.15524713695049286 0.6878108978271484 0.013399668969213963
img_330 0.14796675741672516 0.6878357529640198 0.012328853830695154
img_331 0.14047455787658691 0.6874983906745911 0.012060993351042272
img_332 0.13308937847614288 0.6875929236412048 0.012596263550221923
img_333 0.1257387399673462 0.6873778700828552 0.010453846305608751
img_334 0.1257387399673462 0.6873778700828552 0.010453846305608751
img_335 0.11832019686698914 0.6871778964996338 0.011256901547312738
img_336 0.11100143939256668 0.6871567368507385 0.01045337226241827
img_337 0.10364586859941483 0.6870798468589783 0.008310020901262762
img_338 0.0964435338973999 0.6867753267288208 0.007507367059588432
img_339 0.0964435338973999 0.6867753267288208 0.007507367059588432
img_340 0.08923551440238953 0.6867212057113647 0.009916529990732668
img_341 0.08180950582027435 0.6866475343704224 0.006701646838337185
img_342 0.07471097260713577 0.6862940192222595 0.006701647769659759
img_343 0.06753367185592651 0.6863071322441101 0.00643380917608738
img_344 0.0600794292986393 0.6861979961395264 0.0058984942734241486
img_345 0.0600794292986393 0.6861979961395264 0.0058984942734241486
img_346 0.052906084805727005 0.6858495473861694 0.005630717147141696
img_347 0.045557811856269836 0.6855633854866028 0.005095333326607944
img_348 0.038486577570438385 0.6855273842811584 0.005631040316075088
img_349 0.03152703121304512 0.685304582118988 0.003757295198738575
img_350 0.03152703121304512 0.685304582118988 0.003757295198738575
img_351 0.023889688774943352 0.6851533651351929 0.0037572933360934266
img_352 0.016895759850740433 0.6851270794868469 0.0037572924047708516
img_353 0.009790806099772453 0.6850391626358032 0.002953893737867475
img_354 0.009790806099772453 0.6850391626358032 0.002953893737867475
img_355 0.003890790045261383 0.684715747833252 -0.0021322055254131556
img_356 0.003890790045261383 0.684715747833252 -0.0005250471876934172
img_357 0.003961444366723299 0.6847156882286072 -0.0010603081900626423
img_358 0.003926157020032406 0.6847769618034363 -0.0007924881065264344
img_359 0.003926157020032406 0.6847769618034363 -0.0007924881065264344
img_360 0.003888253588229418 0.6815335154533386 -0.0005248181987553836
img_361 0.0038138001691550016 0.6744287014007568 1.09656248241663e-05
img_362 0.0035665766336023808 0.6675141453742981 0.0018844371661543848
img_363 0.0034383393358439207 0.6605344414710999 0.0021522182505577803
img_364 0.0031704064458608627 0.6536790728569031 0.004293773788958787
img_365 0.0031704064458608627 0.6536790728569031 0.004293773788958787
img_366 0.003166865324601531 0.6462686061859131 0.0037580369971692566
img_367 0.0029811104759573936 0.6392921209335327 0.0061667943373322496
img_368 0.002920750994235277 0.6318833231925964 0.0069701685570180425
img_369 0.002920750994235277 0.6318833231925964 0.0069701685570180425
img_370 0.0028961540665477514 0.6252733469009399 0.0091116214171052
img_371 0.0026091868057847023 0.6179121136665344 0.00937982089817524
img_372 0.0026398247573524714 0.610883891582489 0.00964713003486395
img_373 0.0026388259138911963 0.6036560535430908 0.010182923637330534
img_374 0.0026763929054141045 0.5964980721473694 0.01125328429043293
img_375 0.0026763929054141045 0.5964980721473694 0.01125328429043293
img_376 0.002653716830536723 0.5890882611274719 0.011253282427787782
img_377 0.0027723766397684813 0.5816840529441833 0.011788631789386276
img_378 0.002752218395471573 0.5743948817253113 0.011788629926741127
img_379 0.002840211847797036 0.566930890083313 0.01259146723896265
img_380 0.002840211847797036 0.566930890083313 0.01259146723896265
img_381 0.003000393509864807 0.5598272085189819 0.012055659666657451
img_382 0.003096287837252021 0.5518732070922852 0.011252759024500847
img_383 0.003284250618889928 0.5445913076400757 0.011252757161855698
img_384 0.0033710424322634935 0.5368785858154297 0.010449506342411041
img_385 0.0033710424322634935 0.5368785858154297 0.010449506342411041
img_386 0.0035905383992940187 0.5294089317321777 0.010181640274822714
img_387 0.0037731598131358624 0.5218834280967712 0.009378664195537569
img_388 0.003879149677231908 0.5143522024154663 0.009110827930271627
img_389 0.004054822027683258 0.5067043900489807 0.007504933979362249
img_390 0.004289946518838406 0.4989292025566101 0.006969272159039976
img_391 0.004289946518838406 0.4989292025566101 0.006969272159039976
img_392 0.0044492618180811405 0.4912799596786499 0.005363151431083679
img_393 0.00459768483415246 0.4833814203739166 0.005363147705793382
img_394 0.004814694169908762 0.47585582733154297 0.003221971914172172
img_395 0.005016126204282045 0.46820202469825745 0.003489803522825242
img_396 0.005016126204282045 0.46820202469825745 0.003489803522825242
img_397 0.005006635095924139 0.4607972502708435 0.0029544758144766097
img_398 0.0050997864454984665 0.4532034993171692 0.002418743446469308
img_399 0.005082366056740284 0.44579941034317017 0.001080550253391266
img_400 0.0051257251761853695 0.43839001655578613 0.002419718774035573
img_401 0.0051257251761853695 0.43839001655578613 0.002419718774035573
img_402 0.0052499291487038136 0.4308633804321289 0.0016167493304237726
img_403 0.005332521628588438 0.42351484298706055 0.0010810468811541798
img_404 0.005199393257498741 0.41592615842819214 0.0013487183023244145
img_405 0.005173868499696255 0.4086396396160126 0.00241997791454196
img_406 0.005173868499696255 0.4086396396160126 0.00241997791454196
img_407 0.005049724597483873 0.40154075622558594 0.002687631640583277
img_408 0.0051036858931183815 0.394619882106781 0.004027081653475762
img_409 0.005026541650295258 0.3874611258506775 0.003224263666197658
img_410 0.004837692249566317 0.38023388385772705 0.005635059438645841
img_411 0.004837692249566317 0.38023388385772705 0.005635059438645841
img_412 0.004842706024646759 0.37307456135749817 0.005902694538235666
img_413 0.004602167289704084 0.36583641171455383 0.008048585616052152
img_414 0.004480369854718447 0.3590526878833771 0.008583103306591513
img_415 0.004401002079248428 0.35182836651802063 0.010457330383360388
img_416 0.004401002079248428 0.35182836651802063 0.010457330383360388
img_417 0.004296624567359686 0.34490901231765747 0.010992864146828653
img_418 0.00437740096822381 0.33756116032600403 0.012599883601069452
img_419 0.004286348819732666 0.3307671844959259 0.01313516963273287
img_420 0.004134617745876312 0.3234782814979553 0.01420640014111996
img_421 0.004134617745876312 0.3234782814979553 0.01420640014111996
img_422 0.004025215283036232 0.31625375151634216 0.015009509399533274
img_423 0.004169948864728212 0.3089674115180969 0.016348812729120258
img_424 0.004039732273668051 0.3018055558204651 0.01741928979754448
img_425 0.004199862480163574 0.2946432828903198 0.017151471227407455
img_426 0.004199862480163574 0.2946432828903198 0.017151471227407455
img_427 0.004182401113212109 0.2874198257923126 0.0182222668081522
img_428 0.004318526480346918 0.2799502909183502 0.0182222668081522
img_429 0.004456790629774332 0.27236342430114746 0.019025241956114776
img_430 0.004669583402574062 0.26489630341529846 0.01768622361123562
img_431 0.004669583402574062 0.26489630341529846 0.01768622361123562
img_432 0.004872284363955259 0.25743234157562256 0.01715086400508881
img_433 0.004891206510365009 0.25014540553092957 0.01795427687466145
img_434 0.00516878254711628 0.24255980551242828 0.01688347384333611
img_435 0.005224201828241348 0.23508989810943604 0.017419075593352318
img_436 0.005606910679489374 0.22732238471508026 0.017151370644569404
img_437 0.005606910679489374 0.22732238471508026 0.017151370644569404
img_438 0.005735048092901707 0.21985211968421936 0.015544215217232706
img_439 0.0061866710893809795 0.204299658536911 0.013935641385614875
img_440 0.00639558769762516 0.19690608978271484 0.013133620843291284
img_441 0.00639558769762516 0.19690608978271484 0.013133620843291284
img_442 0.00639558769762516 0.19690608978271484 0.013133620843291284
img_443 0.00656926492229104 0.18906794488430023 0.012597840279340742
img_444 0.0068767620250582695 0.18148459494113922 0.011795026250183584
img_445 0.007037034723907709 0.1738922894001007 0.010455762036144735
img_446 0.006973778363317251 0.16642558574676514 0.011526373215019705
img_447 0.006973778363317251 0.16642558574676514 0.011526373215019705
img_448 0.007274813950061798 0.15871304273605347 0.009919393807649614
img_449 0.007244703359901905 0.1510634869337082 0.010722314938902857
img_450 0.007428896613419056 0.14377780258655548 0.009918784722685816
img_451 0.00736284488812089 0.1361887902021408 0.010186434723436836
img_452 0.00736284488812089 0.1361887902021408 0.010186434723436836
img_453 0.007649716921150684 0.1288454681634903 0.010186430998146536
img_454 0.007688580080866814 0.12156058102846146 0.009650913067162039
img_455 0.007510222028940916 0.1143927052617073 0.011526094749569895
img_456 0.007554585579782724 0.10747911781072617 0.010990882292389871
img_457 0.007554585579782724 0.10747911781072617 0.010990882292389871
img_458 0.007600695826113224 0.10006517171859741 0.012866874225437643
img_459 0.007660602685064077 0.0926651880145073 0.013134368695318699
img_460 0.0074365101754665375 0.08549614995718002 0.015545200556516646
img_461 0.007617488969117403 0.07840020954608917 0.015009935945272447
img_462 0.007617488969117403 0.07840020954608917 0.015009935945272447
img_463 0.007298051845282316 0.0714135468006134 0.018224069848656658
img_464 0.00742294592782855 0.06456101685762405 0.01822406798601151
img_465 0.007166882045567036 0.05726749449968338 0.02036693505942822
img_466 0.00717015378177166 0.05016745254397392 0.02143757231533528
img_467 0.00717015378177166 0.05016745254397392 0.02143757231533528
img_468 0.007141755893826485 0.04324699193239212 0.02277648821473122
img_469 0.007054761052131653 0.03620447218418121 0.02465043962001801
img_470 0.007232861127704382 0.02898086979985237 0.02465043775737286
img_471 0.007023841142654419 0.021691715344786644 0.026791581884026534
img_472 0.007023841142654419 0.021691715344786644 0.026791581884026534
img_473 0.007318537682294846 0.014654373750090599 0.026791578158736236
img_474 0.007125126663595438 0.0073648178949952126 0.02893271297216415
