img_0 0.0 0.0 0.0
img_1 0.0 0.0 0.0
img_2 0.0029338968452066183 0.00042857343214564025 -0.010175983421504501
img_3 0.0029338968452066183 0.00042857343214564025 -0.010175983421504501
img_4 0.01024583075195551 4.8093177611008286e-05 -0.006963232532143595
img_5 0.017952701076865196 0.00011688451195368543 -0.007498829625546933
img_6 0.02495039626955986 0.0001868276158347726 -0.008301969617605213
img_7 0.03226509317755699 6.488599319709465e-05 -0.008301968686282635
img_8 0.03226509317755699 6.488599319709465e-05 -0.008301968686282635
img_9 0.03982558101415634 -0.00024273435701616108 -0.008569695055484772
img_10 0.04686158150434494 3.0742958188056946e-06 -0.00964075140655041
img_11 0.054139815270900726 -0.0003119799366686493 -0.009372990578413011
img_12 0.06176018342375755 -0.000322017032885924 -0.00990999769419432
img_13 0.06176018342375755 -0.000322017032885924 -0.00990999769419432
img_14 0.06916187703609467 -0.00027328269788995385 -0.010710954666137695
img_15 0.0763702541589737 -0.00047293573152273893 -0.0107109509408474
img_16 0.08386240899562836 -0.000675645365845412 -0.011246533133089544
img_17 0.09121391177177429 -0.0006359014078043401 -0.012317420914769174
img_18 0.09877315908670425 -0.0009738810476846993 -0.011781960725784302
img_19 0.09877315908670425 -0.0009738810476846993 -0.011781960725784302
img_20 0.10630056262016296 -0.0011237980797886848 -0.012585273012518886
img_21 0.11368827521800995 -0.0010331349913030863 -0.013923894613981249
img_22 0.121073879301548 -0.0011972044594585896 -0.013656126335263252
img_23 0.12845805287361145 -0.0013592634350061417 -0.013388412073254587
img_24 0.12845805287361145 -0.0013592634350061417 -0.013388412073254587
img_25 0.13608898222446442 -0.001706346869468689 -0.014191746711730959
img_26 0.14344030618667603 -0.0016882553463801742 -0.01445946097373963
img_27 0.15099945664405823 -0.002042455831542611 -0.015530472621321678
img_28 0.15099945664405823 -0.002042455831542611 -0.015530472621321678
img_29 0.1587744653224945 -0.00216321530751884 -0.01660153642296791
img_30 0.16616645455360413 -0.0023472304455935955 -0.016333518549799923
img_31 0.17350900173187256 -0.002467171521857381 -0.016600983217358593
img_32 0.1811794489622116 -0.002533287974074483 -0.017672128975391388
img_33 0.1885606199502945 -0.002847391879186034 -0.01740441843867302
img_34 0.1885606199502945 -0.002847391879186034 -0.01740441843867302
img_35 0.1958039551973343 -0.00303469761274755 -0.017672175541520122
img_36 0.20361855626106262 -0.002866701688617468 -0.019814068451523784
img_37 0.2108595222234726 -0.0031938953325152397 -0.02088517136871815
img_38 0.21827955543994904 -0.0033488867338746786 -0.01927874982357025
img_39 0.21827955543994904 -0.0033488867338746786 -0.01927874982357025
img_40 0.2258782684803009 -0.003434169804677367 -0.02061753161251545
img_41 0.23323044180870056 -0.003463319968432188 -0.020885275676846504
img_42 0.24047306180000305 -0.0036758368369191885 -0.021153030917048458
img_43 0.24807579815387726 -0.0035305656492710114 -0.021688476204872135
img_44 0.2551439106464386 -0.0036838864907622337 -0.023830829188227654
img_45 0.2551439106464386 -0.0036838864907622337 -0.023830829188227654
img_46 0.26263394951820374 -0.003862414276227355 -0.022759908810257915
img_47 0.27002522349357605 -0.003724528942257166 -0.023295372724533088
img_48 0.27723610401153564 -0.003770074574276805 -0.024098623543977744
img_49 0.27723610401153564 -0.003770074574276805 -0.024098623543977744
img_50 0.284622460603714 -0.003886873833835125 -0.023830860853195194
img_51 0.2917647361755371 -0.003812207840383053 -0.024901736527681354
img_52 0.2991909980773926 -0.0037522194907069206 -0.024901736527681354
img_53 0.306721031665802 -0.0037560714408755302 -0.024901738390326507
img_54 0.306721031665802 -0.0037560714408755302 -0.024901738390326507
img_55 0.3139412999153137 -0.003446004819124937 -0.02490174025297165
img_56 0.328649640083313 -0.0035654031671583652 -0.023830240592360497
img_57 0.33582550287246704 -0.0034304438158869743 -0.02516824193298817
img_58 0.33582550287246704 -0.0034304438158869743 -0.02516824193298817
img_59 0.33582550287246704 -0.0034304438158869743 -0.02516824193298817
img_60 0.34314706921577454 -0.003308570012450218 -0.023561699315905578
img_61 0.3505382537841797 -0.0031766146421432495 -0.02409715205430985
img_62 0.3578258454799652 -0.002984847640618682 -0.023829393088817603
img_63 0.36525440216064453 -0.0027945057954639196 -0.02302615344524384
img_64 0.36525440216064453 -0.0027945057954639196 -0.02302615344524384
img_65 0.3723605275154114 -0.0027744697872549295 -0.02222292125225068
img_66 0.3797939717769623 -0.0023274091072380543 -0.022222919389605526
img_67 0.3871154189109802 -0.0021839665714651346 -0.020616319030523304
img_68 0.39446821808815 -0.002213110448792577 -0.020884087309241295
img_69 0.4019661545753479 -0.002002385910600424 -0.01981320232152939
img_70 0.4019661545753479 -0.002002385910600424 -0.01981320232152939
img_71 0.40939363837242126 -0.00178221904207021 -0.01820678263902664
img_72 0.4163954257965088 -0.0016647889278829098 -0.018206784501671795
img_73 0.42392516136169434 -0.0016182285035029054 -0.01740357838571072
img_74 0.4311404824256897 -0.0013764610048383474 -0.01660032197833061
img_75 0.4385313391685486 -0.001193037605844438 -0.015529309399425987
img_76 0.44599151611328125 -0.0011252079857513309 -0.014993747696280481
img_77 0.4532066285610199 -0.0008660387829877436 -0.014190447516739372
img_78 0.46050265431404114 -0.0008468939922749996 -0.013117332942783833
img_79 0.46050265431404114 -0.0008468939922749996 -0.013117332942783833
img_80 0.46801772713661194 -0.000640036363620311 -0.013117332011461256
img_81 0.4751933813095093 -0.0006729390588589013 -0.012849548831582073
img_82 0.4824412763118744 -0.0004600037937052548 -0.01151093374937773
img_83 0.4898294508457184 -0.0003613964654505253 -0.012849662452936174
img_84 0.4898294508457184 -0.0003613964654505253 -0.012849662452936174
img_85 0.5043975114822388 -0.00017922199913300574 -0.010706896893680094
img_86 0.5043975114822388 -0.00017922199913300574 -0.010706896893680094
img_87 0.5117838382720947 4.7652836656197906e-05 -0.01204505655914545
img_88 0.5188866853713989 -9.912735549733043e-05 -0.012848324142396448
img_89 0.5188866853713989 -9.912735549733043e-05 -0.012848324142396448
img_90 0.5263442397117615 -0.0001337287831120193 -0.011509574949741365
img_91 0.5334509611129761 9.05598426470533e-05 -0.01231279317289591
img_92 0.5408344268798828 -0.00018400773114990443 -0.012848264537751676
img_93 0.54832524061203 -0.0004027046961709857 -0.011777217499911787
img_94 0.5555039644241333 -5.874040652997792e-05 -0.01231268048286438
img_95 0.5555039644241333 -5.874040652997792e-05 -0.01231268048286438
img_96 0.5628206729888916 -8.760906348470598e-05 -0.01311598252505064
img_97 0.5702036023139954 -0.000368095759768039 -0.012848254293203356
img_98 0.5774873495101929 -0.0003392072394490242 -0.014187390916049482
img_99 0.5850481986999512 -0.00044648355105891824 -0.014455077238380912
img_100 0.6072795987129211 -0.0005881803226657212 -0.014990585856139663
img_101 0.6145206093788147 -0.0008803864475339651 -0.016061481088399887
img_102 0.6145206093788147 -0.0008803864475339651 -0.016061481088399887
img_103 0.6220492720603943 -0.0009400901617482305 -0.016061481088399887
img_104 0.6294347047805786 -0.000997508643195033 -0.017400002107024193
img_105 0.6294347047805786 -0.000997508643195033 -0.017400002107024193
img_106 0.636955201625824 -0.0015570118557661772 -0.017400003969669342
img_107 0.6444137692451477 -0.001625568955205381 -0.016864415258169174
img_108 0.6444137692451477 -0.001625568955205381 -0.016864415258169174
img_109 0.6444137692451477 -0.001625568955205381 -0.016864415258169174
img_110 0.6520482897758484 -0.0016318928683176637 -0.017667608335614204
img_111 0.6520482897758484 -0.0016318928683176637 -0.017667608335614204
img_112 0.6592538952827454 -0.0018816455267369747 -0.018470741808414463
img_113 0.6669918298721313 -0.0020858156494796276 -0.017667463049292568
img_114 0.6744861006736755 -0.0020957740489393473 -0.019809629768133163
img_115 0.6744861006736755 -0.0020957740489393473 -0.019809629768133163
img_116 0.6820093393325806 -0.0024285183753818274 -0.01900634542107582
img_117 0.689385175704956 -0.002997232135385275 -0.017935544252395633
img_118 0.6898158192634583 -0.0026375800371170044 -0.0139190461486578
img_119 0.6897796392440796 -0.002698292024433613 -0.014454493299126629
img_120 0.6897796392440796 -0.002698292024433613 -0.014454493299126629
img_121 0.6897796392440796 -0.002698292024433613 -0.014454493299126629
img_122 0.690116286277771 -0.0014174733078107238 -0.016864275559782985
img_123 0.6902099847793579 0.00623427564278245 -0.014989962801337242
img_124 0.6901498436927795 0.014009825885295868 -0.015257691033184532
img_125 0.6899904012680054 0.022094061598181725 -0.012312303297221662
img_126 0.6899904012680054 0.022094061598181725 -0.012312303297221662
img_127 0.690014660358429 0.029807746410369873 -0.010973515920341017
img_128 0.6897405385971069 0.03703421354293823 -0.00990258250385523
img_129 0.6895989775657654 0.052094705402851105 -0.007760646753013135
img_130 0.6895989775657654 0.052094705402851105 -0.007760646753013135
img_131 0.6897643804550171 0.05974564701318741 -0.006957390811294318
img_132 0.6895335912704468 0.06721667945384979 -0.007225169800221921
img_133 0.6896573305130005 0.0745609849691391 -0.006154297851026058
img_134 0.6898449063301086 0.08203865587711334 -0.006422419100999835
img_135 0.6898449063301086 0.08203865587711334 -0.006422419100999835
img_136 0.6897508502006531 0.08937583863735199 -0.006155014503747226
img_137 0.689936637878418 0.09659695625305176 -0.007225812412798405
img_138 0.6899548172950745 0.10400521755218506 -0.007761389017105103
img_139 0.6901183128356934 0.11141163110733032 -0.008564678020775318
img_140 0.6902856826782227 0.11857298761606216 -0.008564678020775318
img_141 0.6902856826782227 0.11857298761606216 -0.008564678020775318
img_142 0.6904171705245972 0.1256723254919052 -0.009903269819915296
img_143 0.6905210018157959 0.13258911669254303 -0.010171022266149521
img_144 0.6907023787498474 0.13999517261981964 -0.010974314063787462
img_145 0.6907023787498474 0.13999517261981964 -0.010974314063787462
img_146 0.6910257339477539 0.14691035449504852 -0.012848813086748127
img_147 0.69115149974823 0.15394867956638336 -0.013116546906530859
img_148 0.6915273666381836 0.16104520857334137 -0.01445525884628296
img_149 0.6916317939758301 0.16826872527599335 -0.015258593484759332
img_150 0.6916317939758301 0.16826872527599335 -0.015258593484759332
img_151 0.6918814778327942 0.17536543309688568 -0.01632938720285893
img_152 0.6920700669288635 0.18258613348007202 -0.017668014392256744
img_153 0.6923026442527771 0.18974563479423523 -0.016864733770489693
img_154 0.6925315260887146 0.19702838361263275 -0.018471427261829376
img_155 0.692660391330719 0.20400500297546387 -0.017668265849351886
img_156 0.692660391330719 0.20400500297546387 -0.017668265849351886
img_157 0.692822277545929 0.21116650104522705 -0.017936049029231075
img_158 0.6928104758262634 0.21839021146297455 -0.017668342217803005
img_159 0.6929767727851868 0.2257997989654541 -0.01793624460697174
img_160 0.6928259134292603 0.2331453412771225 -0.016598263755440715
img_161 0.6928259134292603 0.2331453412771225 -0.016598263755440715
img_162 0.6929885149002075 0.24080854654312134 -0.016061862930655483
img_163 0.6929269433021545 0.24796080589294434 -0.015527253039181234
img_164 0.6930485963821411 0.2557959258556366 -0.014723957516252996
img_165 0.6928396224975586 0.2632063329219818 -0.01231439504772425
img_166 0.6928396224975586 0.2632063329219818 -0.01231439504772425
img_167 0.6928278207778931 0.27085939049720764 -0.010707817971706394
img_168 0.6926237940788269 0.2782071530818939 -0.009369202889502048
img_169 0.6925199031829834 0.285983145236969 -0.008833680301904678
img_170 0.6924086213111877 0.2933913767337799 -0.0066917259246110925
img_171 0.6924086213111877 0.2933913767337799 -0.0066917259246110925
img_172 0.6922847628593445 0.30129048228263855 -0.005352765321731567
img_173 0.6920776963233948 0.3088207244873047 -0.004281839355826379
img_174 0.6920751333236694 0.31647294759750366 -0.003210813272744417
img_175 0.6920639872550964 0.3240031898021698 -0.002943041035905481
img_176 0.6920639872550964 0.3240031898021698 -0.002943041035905481
img_177 0.6919453144073486 0.3317156732082367 -0.001069057849235833
img_178 0.691741406917572 0.3393053412437439 -0.00026594701921567315
img_179 0.6916372776031494 0.3465910851955414 0.0005374157917685807
img_180 0.6915978193283081 0.3542425334453583 0.0008051482727751136
img_181 0.6915978193283081 0.3542425334453583 0.0008051482727751136
img_182 0.6914857029914856 0.3617722988128662 0.0016084325034171345
img_183 0.6915445923805237 0.3691180944442749 0.001072951941750944
img_184 0.6915367245674133 0.37646520137786865 0.0010729538043960933
img_185 0.6915289759635925 0.38368839025497437 0.0002697375020943582
img_186 0.6915289759635925 0.38368839025497437 0.0002697375020943582
img_187 0.6916329264640808 0.3913397192955017 0.0002697412273846567
img_188 0.6917017102241516 0.39844006299972534 -0.0010688703041523697
img_189 0.6919217705726624 0.40590915083885193 -0.0018722233362495904
img_190 0.6919350624084473 0.4130099415779114 -0.0018722224049270155
img_191 0.6920897364616394 0.4201102554798126 -0.0029431548900902276
img_192 0.6920897364616394 0.4201102554798126 -0.0029431548900902276
img_193 0.6922164559364319 0.42714908719062805 -0.00454950798302889
img_194 0.6924619674682617 0.4344941973686218 -0.005352785810828209
img_195 0.6926750540733337 0.44128841161727905 -0.006691589951515198
img_196 0.692900538444519 0.4485717713832855 -0.008030340075492859
img_197 0.692900538444519 0.4485717713832855 -0.008030340075492859
img_198 0.6931337714195251 0.45560988783836365 -0.008565833792090414
img_199 0.6932283639907837 0.4698730707168579 -0.010707848705351353
img_200 0.6935874819755554 0.476978063583374 -0.010439815931022167
img_201 0.6937321424484253 0.4840705990791321 -0.011777176521718504
img_202 0.6937321424484253 0.4840705990791321 -0.011777176521718504
img_203 0.6937321424484253 0.4840705990791321 -0.011777176521718504
img_204 0.6939960718154907 0.4914751350879669 -0.012312673963606361
img_205 0.6939782500267029 0.49863776564598083 -0.013115879148244861
img_206 0.6941044330596924 0.505558967590332 -0.012579998001456262
img_207 0.6941044330596924 0.505558967590332 -0.012579998001456262
img_208 0.6942344307899475 0.5130823254585266 -0.012847564183175566
img_209 0.6942219734191895 0.5203684568405151 -0.01124091073870659
img_210 0.6941632032394409 0.5277155041694641 -0.011776413768529895
img_211 0.6941819190979004 0.5353066325187683 -0.010437654331326486
img_212 0.6941819190979004 0.5353066325187683 -0.010437654331326486
img_213 0.6941172480583191 0.5426534414291382 -0.01016990840435028
img_214 0.694194495677948 0.5502470135688782 -0.008562731556594374
img_215 0.6940801739692688 0.5575304627418518 -0.008027412928640842
img_216 0.6939310431480408 0.565366268157959 -0.0072242976166307935
img_217 0.6937720775604248 0.5727129578590393 -0.00561791379004717
img_218 0.6937720775604248 0.5727129578590393 -0.00561791379004717
img_219 0.6935697197914124 0.5807345509529114 -0.004546771757304669
img_220 0.693497359752655 0.5881425738334656 -0.0021368504967540503
img_221 0.6933372616767883 0.5959184765815735 -0.0007979113142937423
img_222 0.6930959224700928 0.6034457683563232 0.00027273839805275207
img_223 0.6930959224700928 0.6034457683563232 0.00027273839805275207
img_224 0.6931645274162292 0.6110376715660095 0.0013439017347991469
img_225 0.6930485367774963 0.618443489074707 0.0013438998721539976
img_226 0.6929320096969604 0.6262195110321045 0.00295076402835548
img_227 0.6926980018615723 0.6336852312088013 0.003753804136067629
img_228 0.6926980018615723 0.6336852312088013 0.003753804136067629
img_229 0.6925641894340515 0.6410921812057495 0.004557090345770121
img_230 0.6924939751625061 0.6487439870834351 0.004021590575575829
img_231 0.6924634575843811 0.6563343405723572 0.00482480600476265
img_232 0.6924986839294434 0.6636818647384644 0.004289206117391586
img_233 0.6924986839294434 0.6636818647384644 0.004289206117391586
img_234 0.6924671530723572 0.6710271835327148 0.004289206117391586
img_235 0.6924356818199158 0.6783716082572937 0.004289206117391586
img_236 0.6924748420715332 0.6857183575630188 0.0037536616437137136
img_237 0.6922577023506165 0.6870644092559814 0.005360299721360207
img_238 0.6922577023506165 0.6870644092559814 0.005360299721360207
img_239 0.6921870112419128 0.6870640516281128 0.005092416424304247
img_240 0.6921870112419128 0.6870640516281128 0.005092416424304247
img_241 0.6921870112419128 0.6870640516281128 0.005092416424304247
img_242 0.689609706401825 0.6866225004196167 0.016603475436568264
img_243 0.689609706401825 0.6866225004196167 0.016603475436568264
img_244 0.6821171641349792 0.6864981055259705 0.013925669714808466
img_245 0.6744832396507263 0.6863917708396912 0.01231905072927475
img_246 0.6672417521476746 0.6861189007759094 0.013389896601438524
img_247 0.6598207354545593 0.6860195398330688 0.011783468537032604
img_248 0.6526773571968079 0.6861802935600281 0.01285472605377436
img_249 0.6526773571968079 0.6861802935600281 0.01285472605377436
img_250 0.6452255845069885 0.6859009265899658 0.011516450904309751
img_251 0.6377350091934204 0.6855697631835938 0.009641910903155804
img_252 0.6305971145629883 0.6855009198188782 0.010712753981351856
img_253 0.6233169436454773 0.6853004693984985 0.010444954968988895
img_254 0.6158987283706665 0.6849781274795532 0.00883863680064678
img_255 0.6085455417633057 0.6850355863571167 0.00830306112766266
img_256 0.6085455417633057 0.6850355863571167 0.00830306112766266
img_257 0.6011609435081482 0.6849130392074585 0.006429149769246579
img_258 0.5939868688583374 0.6846832633018494 0.005358036607503892
img_259 0.5939868688583374 0.6846832633018494 0.005358036607503892
img_260 0.58670574426651 0.6845217943191528 0.005893625319004057
img_261 0.5794615149497986 0.6844179034233093 0.005358167923986913
img_262 0.5722888708114624 0.6840733885765076 0.005090423859655857
img_263 0.5651841759681702 0.6840984225273132 0.005090424790978433
img_264 0.5577998757362366 0.6839996576309204 0.004822747781872751
img_265 0.5577998757362366 0.6839996576309204 0.004822747781872751
img_266 0.5505194067955017 0.683842122554779 0.005358284804970027
img_267 0.5433810949325562 0.6838038563728333 0.004822850227355957
img_268 0.5359588265419006 0.6836456060409546 0.003216153010725975
img_269 0.5287845730781555 0.6835613250732422 0.003751641605049372
img_270 0.5287845730781555 0.6835613250732422 0.003751641605049372
img_271 0.5215404033660889 0.6833505034446716 0.0032161723356693987
img_272 0.5141185522079468 0.6833266615867615 0.0024129394441843037
img_273 0.5069444179534912 0.6831256747245789 0.0037516877055168156
img_274 0.4996641278266907 0.6829759478569031 0.0034839317668229346
img_275 0.4996641278266907 0.6829759478569031 0.0034839317668229346
img_276 0.49227502942085266 0.6833787560462952 0.004019499756395818
img_277 0.4850311577320099 0.6832884550094604 0.00348408310674131
img_278 0.4775030314922333 0.683201014995575 0.002680796897038818
img_279 0.4701870381832123 0.6833650469779968 0.0034839916042983536
img_280 0.46272963285446167 0.6832778453826904 0.0029484708793461327
img_281 0.46272963285446167 0.6832778453826904 0.0029484708793461327
img_282 0.4553084969520569 0.6831335425376892 0.002948469948023558
img_283 0.44802650809288025 0.6833569407463074 0.003484014887362719
img_284 0.44053465127944946 0.6833308339118958 0.004019456449896097
img_285 0.44053465127944946 0.6833308339118958 0.004019456449896097
img_286 0.43297073245048523 0.683422863483429 0.004287206567823887
img_287 0.42579421401023865 0.6836981773376465 0.005626075901091099
img_288 0.4180532395839691 0.6838382482528687 0.004822828341275454
img_289 0.41066667437553406 0.6838638186454773 0.005358302965760231
img_290 0.41066667437553406 0.6838638186454773 0.005358302965760231
img_291 0.40320858359336853 0.6841298937797546 0.006429183296859266
img_292 0.395679235458374 0.6841427087783813 0.004822463262826203
img_293 0.38807839155197144 0.6842897534370422 0.006161440163850784
img_294 0.38062095642089844 0.6845498085021973 0.007232198026031258
img_295 0.3730553090572357 0.6847400069236755 0.007499974220991136
img_296 0.3730553090572357 0.6847400069236755 0.007499974220991136
img_297 0.3656325936317444 0.684806764125824 0.008303221315145494
img_298 0.35827675461769104 0.684990644454956 0.007767522707581522
img_299 0.3507852554321289 0.6852995753288269 0.00910558365285397
img_300 0.34339767694473267 0.6852935552597046 0.009641131386160852
img_301 0.34339767694473267 0.6852935552597046 0.009641131386160852
img_302 0.32844308018684387 0.6856963634490967 0.011247655376791956
img_303 0.32844308018684387 0.6856963634490967 0.011247655376791956
img_304 0.32102078199386597 0.685735285282135 0.012854017317295078
img_305 0.30617067217826843 0.6861584186553955 0.013656915165483953
img_306 0.2840743064880371 0.6864038705825806 0.01633442379534245
img_307 0.2840743064880371 0.6864038705825806 0.01633442379534245
img_308 0.261979341506958 0.6865860819816589 0.017405565828084946
img_309 0.2546156644821167 0.686703085899353 0.017673647031188015
img_310 0.2471320480108261 0.6866930723190308 0.018208425492048264
img_311 0.2399202436208725 0.6866841912269592 0.019011763855814937
img_312 0.2399202436208725 0.6866841912269592 0.019011763855814937
img_313 0.23249688744544983 0.6866654753684998 0.018208473920822147
img_314 0.23249688744544983 0.6866654753684998 0.018208473920822147
img_315 0.23249688744544983 0.6866654753684998 0.018208473920822147
img_316 0.23249688744544983 0.6866654753684998 0.018208473920822147
img_317 0.2251020222902298 0.6865921020507812 0.018744576722383503
img_318 0.2176879197359085 0.6865754127502441 0.018744578585028652
img_319 0.21030116081237793 0.6864981651306152 0.018476821482181553
img_320 0.21030116081237793 0.6864981651306152 0.018476821482181553
img_321 0.20319491624832153 0.6865505576133728 0.01928008534014225
img_322 0.19569678604602814 0.6866509318351746 0.019815731793642044
img_323 0.18835224211215973 0.6863829493522644 0.017674583941698078
img_324 0.18835224211215973 0.6863829493522644 0.017674583941698078
img_325 0.18110652267932892 0.6863160729408264 0.017139051109552387
img_326 0.1735091358423233 0.6861246228218079 0.017674608156085018
img_327 0.16619406640529633 0.6860565543174744 0.01606829836964607
img_328 0.15898266434669495 0.6860631108283997 0.016068294644355777
img_329 0.15898266434669495 0.6860631108283997 0.016068294644355777
img_330 0.15149138867855072 0.6859427094459534 0.015800559893250465
img_331 0.1442868858575821 0.6855840086936951 0.01499738916754723
img_332 0.1369352638721466 0.6854737401008606 0.012855065986514091
img_333 0.12944285571575165 0.6853774189949036 0.01339058857411146
img_334 0.12227065861225128 0.6850976943969727 0.013122810982167723
img_335 0.11488661170005798 0.6849395632743835 0.011248867027461527
img_336 0.10764119774103165 0.6849192976951599 0.011516611091792583
img_337 0.10764119774103165 0.6849192976951599 0.011516611091792583
img_338 0.10022179782390594 0.6847113966941833 0.010713438503444195
img_339 0.09294413775205612 0.6843885183334351 0.00964243058115244
img_340 0.09294413775205612 0.6843885183334351 0.00964243058115244
img_341 0.08566328138113022 0.6843183040618896 0.009374660439789297
img_342 0.07852530479431152 0.6841289401054382 0.008839146234095095
img_343 0.07124710828065872 0.6839421987533569 0.007768307812511922
img_344 0.07124710828065872 0.6839421987533569 0.007768307812511922
img_345 0.06407183408737183 0.6839476823806763 0.008303835056722164
img_346 0.0570405013859272 0.6837056279182434 0.007768347393721343
img_347 0.04950595274567604 0.6834632158279419 0.0061601088382303715
img_348 0.042339079082012177 0.6834802031517029 0.007497366517782213
img_349 0.03509147837758064 0.68324214220047 0.006961580365896226
img_350 0.02771063521504402 0.6828848123550415 0.005891094449907542
img_351 0.02078345976769924 0.682966411113739 0.006158815696835519
img_352 0.01325569674372673 0.6828588247299194 0.006158815696835519
img_353 0.006431112065911293 0.6833677291870117 0.0032135115470737223
img_354 0.006431112065911293 0.6833677291870117 0.0032135115470737223
img_355 0.005301777273416519 0.6828743815422058 -0.002676669741049409
img_356 0.005231414921581745 0.6829969882965088 -0.0029444363899528985
img_357 0.005231414921581745 0.6829969882965088 -0.0029444363899528985
img_358 0.005231414921581745 0.6829969882965088 -0.0029444363899528985
img_359 0.004554392769932747 0.6811015009880066 0.0021422123536467557
img_360 0.004481312818825245 0.6665888428688049 0.002945771440863609
img_361 0.004481312818825245 0.6665888428688049 0.002945771440863609
img_362 0.004537719301879406 0.6594310402870178 0.003480942687019707
img_363 0.004349947907030582 0.6524515151977539 0.00428421702235937
img_364 0.004349947907030582 0.6524515151977539 0.00428421702235937
img_365 0.004133762326091528 0.6451659798622131 0.005355189554393292
img_366 0.004029084928333759 0.6383076310157776 0.00722984503954649
img_367 0.00394083559513092 0.6309618353843689 0.009103858843445778
img_368 0.0036498261615633965 0.6241024732589722 0.008568339981138708
img_369 0.0036498261615633965 0.6241024732589722 0.008568339981138708
img_370 0.003781337756663561 0.6170030832290649 0.010442380793392658
img_371 0.003571427660062909 0.6100201606750488 0.011781462468206884
img_372 0.003725722199305892 0.6029224991798401 0.012852150946855549
img_373 0.003725722199305892 0.6029224991798401 0.012852150946855549
img_374 0.0034632780589163303 0.595809280872345 0.013924388214945795
img_375 0.00335364555940032 0.5884693264961243 0.015529098920524124
img_376 0.0032881731167435646 0.5813055634498596 0.01606457307934761
img_377 0.0036142596509307623 0.5742091536521912 0.016867786645889286
img_378 0.003633239772170782 0.5667781829833984 0.017673538997769352
img_379 0.003446664661169052 0.5593887567520142 0.017673535272479057
img_380 0.003446664661169052 0.5593887567520142 0.017673535272479057
img_381 0.0036107611376792192 0.5521049499511719 0.017405750229954723
img_382 0.0037022049073129892 0.5448213219642639 0.017673477530479435
img_383 0.0039006308652460575 0.5375967621803284 0.01794135384261608
img_384 0.003895465051755309 0.5300090909004211 0.01901173405349255
img_385 0.003895465051755309 0.5300090909004211 0.01901173405349255
img_386 0.004105778876692057 0.5226661562919617 0.017673034220933914
img_387 0.004805743228644133 0.4995364844799042 0.01633586920797825
img_388 0.004805743228644133 0.4995364844799042 0.01633586920797825
img_389 0.004998425021767616 0.49206992983818054 0.015800341963768005
img_390 0.005152727477252483 0.4845418632030487 0.014729334972798826
img_391 0.005371456500142813 0.47689199447631836 0.015532616525888445
img_392 0.005703291390091181 0.46918296813964844 0.013122848235070709
img_393 0.005766755901277065 0.4616536498069763 0.013390595093369484
img_394 0.005904570687562227 0.4540020227432251 0.013122814707458021
img_395 0.006148758344352245 0.4461687207221985 0.01285505574196577
img_396 0.006458330899477005 0.4385823905467987 0.011248783208429815
img_397 0.0065076942555606365 0.4310516119003296 0.010713187977671627
img_398 0.006621071603149176 0.42376798391342163 0.010445444844663147
img_399 0.006621071603149176 0.42376798391342163 0.010445444844663147
img_400 0.006621071603149176 0.42376798391342163 0.010445444844663147
img_401 0.006808260455727577 0.4159967303276062 0.009642362594604492
img_402 0.006948618218302727 0.40877294540405273 0.009910158812999729
img_403 0.006986680440604687 0.40136587619781494 0.00937465950846672
img_404 0.006986680440604687 0.40136587619781494 0.00937465950846672
img_405 0.006807608529925346 0.39408034086227417 0.012051735073328016
img_406 0.006896154955029488 0.38673344254493713 0.011248313821852209
img_407 0.006874825805425644 0.37920358777046204 0.012051519006490707
img_408 0.006874825805425644 0.37920358777046204 0.012051519006490707
img_409 0.00696047767996788 0.3720967173576355 0.012051517143845558
img_410 0.006904746871441603 0.3650015890598297 0.013121447525918485
img_411 0.0068910918198525906 0.35795870423316956 0.013924953527748581
img_412 0.0070261042565107346 0.35080066323280334 0.015263135544955736
img_413 0.0070261042565107346 0.35080066323280334 0.015263135544955736
img_414 0.006744814105331898 0.3437555432319641 0.017405187711119655
img_415 0.006619980558753014 0.33671289682388306 0.01767292059957981
img_416 0.006604119203984737 0.3296101987361908 0.019547238945961
img_417 0.006603963207453489 0.32238155603408813 0.020618798211216927
img_418 0.006603963207453489 0.32238155603408813 0.020618798211216927
img_419 0.0065358588472008705 0.315403014421463 0.023027528077363975
img_420 0.006490184925496578 0.3081773519515991 0.023027526214718822
img_421 0.006614130921661854 0.30126073956489563 0.024901837110519413
img_422 0.00651133805513382 0.29403284192085266 0.025437310338020328
img_423 0.00651133805513382 0.29403284192085266 0.025437310338020328
img_424 0.006655076518654823 0.2869936227798462 0.02731176279485226
img_425 0.006573044694960117 0.2796430289745331 0.028650458902120594
img_426 0.0066757346503436565 0.2723586857318878 0.02945366129279137
img_427 0.006683705374598503 0.26488742232322693 0.03025690093636513
img_428 0.006683705374598503 0.26488742232322693 0.03025690093636513
img_429 0.007043678313493729 0.25766873359680176 0.0291854813694954
img_430 0.007220855914056301 0.2503890097141266 0.03105898387730122
img_431 0.0074193356558680534 0.24286261200904846 0.03052352368831635
img_432 0.0074947429820895195 0.2357606142759323 0.031594514846801765
img_433 0.007813025265932083 0.22792838513851166 0.031058829277753833
img_434 0.007813025265932083 0.22792838513851166 0.031058829277753833
img_435 0.008003848604857922 0.22064869105815887 0.032129447907209396
img_436 0.008147640153765678 0.2128736823797226 0.03132607042789459
img_437 0.008692039176821709 0.19782519340515137 0.030790748074650768
img_438 0.00917486660182476 0.19018489122390747 0.030523011460900314
img_439 0.00917486660182476 0.19018489122390747 0.030523011460900314
img_440 0.009235508739948273 0.1824069768190384 0.031058626249432557
img_441 0.00972030870616436 0.17476797103881836 0.029184769839048393
img_442 0.010075989179313183 0.16742907464504242 0.028113733977079395
img_443 0.010075989179313183 0.16742907464504242 0.028113733977079395
img_444 0.010229046456515789 0.15947136282920837 0.027845956385135654
img_445 0.010538207367062569 0.15218417346477509 0.028650119900703434
img_446 0.010628256015479565 0.1441129446029663 0.028115281835198402
img_447 0.010969206690788269 0.1370183825492859 0.027847521007061
img_448 0.010969206690788269 0.1370183825492859 0.027847521007061
img_449 0.011083084158599377 0.12912258505821228 0.02784751728177071
img_450 0.011388528160750866 0.12196532636880875 0.02784751541912556
img_451 0.011461969465017319 0.11425187438726425 0.028115237131714828
img_452 0.01180980447679758 0.1069125160574913 0.027847472578287128
img_453 0.011973906308412552 0.09975175559520721 0.028115229681134224
img_454 0.011973906308412552 0.09975175559520721 0.028115229681134224
img_455 0.011971876956522465 0.09228009730577469 0.028918512165546424
img_456 0.012110063806176186 0.08505859971046448 0.03025707602500916
img_457 0.01233601476997137 0.077593132853508 0.03106038644909859
img_458 0.012299752794206142 0.07079385966062546 0.0321313701570034
img_459 0.012299752794206142 0.07079385966062546 0.0321313701570034
img_460 0.012327728793025017 0.06332288682460785 0.033737801015377045
img_461 0.012413576245307922 0.05658808350563049 0.034808818250894547
img_462 0.012565392069518566 0.0491817481815815 0.03641531988978386
img_463 0.012494905851781368 0.04238013178110123 0.03802171722054482
img_464 0.012494905851781368 0.04238013178110123 0.03802171722054482
img_465 0.012420968152582645 0.03502620756626129 0.03989593684673311
img_466 0.012520307675004005 0.028106428682804108 0.04203819483518601
img_467 0.012710211798548698 0.021068861708045006 0.043644580990076065
img_468 0.012634305283427238 0.013896679505705833 0.04578651860356332
img_469 0.012634305283427238 0.013896679505705833 0.04578651860356332
img_470 0.01283938530832529 0.0071043292991817 0.04658972844481469
