img_0 0.0 0.0 0.0
img_1 0.0 0.0 0.0
img_2 0.0 0.0 0.0
img_3 0.0 0.0 0.0
img_4 0.0 0.0 0.0
img_5 0.0 0.0 0.0
img_6 0.0005733204307034612 0.0008659905870445073 -0.002680569421499968
img_7 -0.0008559533162042499 0.002734324662014842 0.006434463430196048
img_8 -0.000712202163413167 0.0027341661043465137 0.004557869397103787
img_9 0.00013174780178815126 0.006206566467881203 0.0013409811072051525
img_10 -0.00012600724585354328 0.01196925900876522 4.948815330862999e-07
img_11 -0.0006283961120061576 0.018540315330028534 0.004557406995445491
img_12 -0.0007964546675793827 0.023993249982595444 0.004825484473258258
img_13 -0.0009360574767924845 0.030624039471149445 0.005629713647067548
img_14 -0.0011861620005220175 0.0368209034204483 0.007238200400024654
img_15 -0.0014843400567770004 0.043326977640390396 0.009114726446568968
img_16 -0.0015781146939843893 0.04970914125442505 0.008578574284911156
img_17 -0.0017404732061550021 0.05609138309955597 0.009382789954543117
img_18 -0.001907073543407023 0.062349993735551834 0.010991211980581285
img_19 -0.0021549363154917955 0.06860712170600891 0.011527370661497118
img_20 -0.0024458658881485462 0.07517413794994354 0.01313583552837372
img_21 -0.0023492893669754267 0.08143539726734161 0.01340392138808966
img_22 -0.002652260707691312 0.08800123631954193 0.014208137057721617
img_23 -0.002915244549512863 0.09388625621795654 0.015548539347946644
img_24 -0.002947846194729209 0.10057958215475082 0.01581661589443684
img_25 -0.0032937093637883663 0.10658671706914902 0.01688892208039761
img_26 -0.0035805588122457266 0.11296610534191132 0.017425071448087696
img_27 -0.003723322181031108 0.11909978091716766 0.01769314520061016
img_28 -0.0038721796590834856 0.12548401951789856 0.017961332574486736
img_29 -0.0038405864033848047 0.13168026506900787 0.018497250974178318
img_30 -0.003950373735278845 0.13762947916984558 0.0176928285509348
img_31 -0.003953510895371437 0.14388850331306458 0.016888668760657314
img_32 -0.00419743824750185 0.14983494579792023 0.01796094700694085
img_33 -0.00455645564943552 0.15584173798561096 0.01983746699988842
img_34 -0.005476427264511585 0.15700504183769226 0.02653937414288521
img_35 -0.005476427264511585 0.15700504183769226 0.02653937414288521
img_36 -0.005476427264511585 0.15700504183769226 0.02653937414288521
img_37 -0.005476427264511585 0.15700504183769226 0.02653937414288521
img_38 -0.005476427264511585 0.15700504183769226 0.02653937414288521
img_39 -0.005476427264511585 0.15700504183769226 0.02653937414288521
img_40 -0.005476427264511585 0.15700504183769226 0.02653937414288521
img_41 -0.005476427264511585 0.15700504183769226 0.02653937414288521
img_42 -0.005476427264511585 0.15700504183769226 0.02653937414288521
img_43 -0.005476427264511585 0.15700504183769226 0.02653937414288521
img_44 -0.005476427264511585 0.15700504183769226 0.02653937414288521
img_45 -0.005476427264511585 0.15700504183769226 0.02653937414288521
img_46 -0.005476427264511585 0.15700504183769226 0.02653937414288521
img_47 -0.005476427264511585 0.15700504183769226 0.02653937414288521
img_48 -0.005476427264511585 0.15700504183769226 0.02653937414288521
img_49 -0.005476427264511585 0.15700504183769226 0.02653937414288521
img_50 -0.005476427264511585 0.15700504183769226 0.02653937414288521
img_51 -0.005476427264511585 0.15700504183769226 0.02653937414288521
img_52 -0.005510644521564245 0.15694229304790497 0.026807462796568874
img_53 -0.00690682465210557 0.15281936526298523 0.03726227208971978
img_54 -0.00642296252772212 0.14657296240329742 0.036189906299114234
img_55 -0.006413557566702366 0.1403726041316986 0.03699412569403649
img_56 -0.006045818328857422 0.1343086212873459 0.03672604635357857
img_57 -0.006104498635977507 0.1281060427427292 0.03726214542984963
img_58 -0.005811156705021858 0.12216301262378693 0.03672596812248231
img_59 -0.0054316590540111065 0.11572752147912979 0.03726214915513993
img_60 -0.005171893630176783 0.10972216725349426 0.0369940958917141
img_61 -0.00471869483590126 0.10328885167837143 0.03618984296917916
img_62 -0.0045703682117164135 0.09721674025058746 0.035921759903430946
img_63 -0.004056531935930252 0.09090864658355713 0.03377709537744522
img_64 -0.0039102863520383835 0.08446399867534637 0.033508986234664924
img_65 -0.0033403129782527685 0.07815796136856079 0.031632620841264725
img_66 -0.0032081694807857275 0.0717133954167366 0.03216883912682533
img_67 -0.002684514969587326 0.06546781212091446 0.030560595914721492
img_68 -0.002521251095458865 0.058961980044841766 0.030024399980902675
img_69 -0.0021200620103627443 0.05277300998568535 0.028415901586413387
img_70 -0.0018617248861119151 0.046208858489990234 0.02787978388369084
img_71 -0.0017297354061156511 0.040198732167482376 0.027343638241291053
img_72 -0.0012226137332618237 0.03345441818237305 0.025735218077898026
img_73 -0.0009882233571261168 0.027136603370308876 0.02519903145730495
img_74 -0.0006169115658849478 0.020945917814970016 0.0235905721783638
img_75 -0.0008314221631735563 0.014866650104522705 0.02385862544178963
img_76 -0.0002108244807459414 0.008372034877538681 0.02278632670640946
img_77 -6.398053665179759e-05 0.001928726676851511 0.0227863248437643
img_78 0.0008354823803529143 -0.0028900420293211937 0.01608390733599663
img_79 0.002121353056281805 -0.004795560613274574 0.007505979388952256
img_80 0.002085950691252947 -0.004857642576098442 0.00777404708787799
img_81 0.002085950691252947 -0.004857642576098442 0.00777404708787799
img_82 0.002085950691252947 -0.004857642576098442 0.00777404708787799
img_83 0.002085950691252947 -0.004857642576098442 0.00777404708787799
img_84 0.002085950691252947 -0.004857642576098442 0.00777404708787799
img_85 0.002085950691252947 -0.004857642576098442 0.00777404708787799
img_86 0.002085950691252947 -0.004857642576098442 0.00777404708787799
img_87 0.002085950691252947 -0.004857642576098442 0.00777404708787799
img_88 0.002085950691252947 -0.004857642576098442 0.00777404708787799
img_89 0.002085950691252947 -0.004857642576098442 0.00777404708787799
img_90 0.002085950691252947 -0.004857642576098442 0.00777404708787799
img_91 0.002085950691252947 -0.004857642576098442 0.00777404708787799
img_92 0.002085950691252947 -0.004857642576098442 0.00777404708787799
img_93 0.002085950691252947 -0.004857642576098442 0.00777404708787799
img_94 0.002085950691252947 -0.004857642576098442 0.00777404708787799
img_95 0.002085950691252947 -0.004857642576098442 0.00777404708787799
img_96 0.002085950691252947 -0.004857642576098442 0.00777404708787799
img_97 0.002085950691252947 -0.004857642576098442 0.00777404708787799
img_98 0.002085950691252947 -0.004857642576098442 0.00777404708787799
