img_0 0.0002760491624940187 -4.600617103278637e-06 0.0018792068585753443
img_1 0.0002760491624940187 -4.600617103278637e-06 0.0018792068585753443
img_2 0.0004531042941380292 -0.00018791102047543973 0.000540491775609553
img_3 0.0054717035964131355 -0.0003076263819821179 -0.0077594737522304075
img_4 0.013055429793894291 0.0001243521983269602 -0.007222787942737342
img_5 0.02007450722157955 0.00025690605980344117 -0.006688455585390332
img_6 0.027497440576553345 0.00032969549647532403 -0.00508189992979169
img_7 0.03456613048911095 0.0005386024713516235 -0.004011061042547227
img_8 0.04184897243976593 0.0008767272811383009 -0.004546615295112133
img_9 0.049339521676301956 0.0005978358676657081 -0.003475755685940385
img_10 0.056127116084098816 0.0009415681124664843 -0.004279064014554025
img_11 0.06344404816627502 0.0012163273058831692 -0.004279064945876598
img_12 0.07097293436527252 0.0011228845687583089 -0.002672320231795312
img_13 0.07818157970905304 0.0012260250514373183 -0.002672321163117886
img_14 0.08549943566322327 0.0015755939530208707 -0.0024032390210777525
img_15 0.09285015612840652 0.0014970084885135293 -0.0021367855370044713
img_16 0.10023652762174606 0.0014200101140886545 -0.0010658102110028267
img_17 0.10762350261211395 0.0018406383460387588 -0.0007980640511959792
img_18 0.11497429013252258 0.0017123474972322583 -0.0002625968772917986
img_19 0.12225557118654251 0.0017104351427406073 5.175388650968672e-06
img_20 0.12982536852359772 0.001955544576048851 0.0005411306628957392
img_21 0.13713490962982178 0.0020206619519740343 0.0005411306628957392
img_22 0.14470139145851135 0.0019022756023332477 0.0010768441716209056
img_23 0.15204870700836182 0.001910187304019928 0.0008092410862445832
img_24 0.15948894619941711 0.0019162079552188516 0.00161446095444262
img_25 0.16696423292160034 0.0018061322625726461 0.0010802217293530705
img_26 0.17431771755218506 0.0019365447806194425 0.000812391343060881
img_27 0.18191349506378174 0.0016367650823667645 0.001882942859083414
img_28 0.1892303079366684 0.001589320134371519 0.0002762880176305771
img_29 0.19658207893371582 0.0017137904651463032 8.520291885361077e-06
img_30 0.20411066710948944 0.0016526344697922468 8.520291885361077e-06
img_31 0.21156716346740723 0.0012242376105859876 -0.001865507103502751
img_32 0.2190254032611847 0.0012715462362393737 -0.0029366151429712772
img_33 0.22648164629936218 0.0011884410632774234 -0.00240118196234107
img_34 0.2339400351047516 0.0009868472116068006 -0.004275799728929997
img_35 0.24114741384983063 0.0008336303872056305 -0.005881854332983496
img_36 0.24857057631015778 0.0007899673655629158 -0.00588185340166092
img_37 0.2559203505516052 0.0005018678493797779 -0.006952852476388218
img_38 0.263357549905777 0.0004501568037085235 -0.0069528478197753455
img_39 0.2709050476551056 0.0003976790758315474 -0.009624780155718328
img_40 0.27789899706840515 8.553080260753632e-05 -0.011230984702706339
img_41 0.2856728732585907 -0.00012422585859894753 -0.01069546490907669
img_42 0.2929587960243225 4.282480222173035e-05 -0.01203477755188942
img_43 0.3004443943500519 -0.00029202934820204973 -0.012570017948746683
img_44 0.30779609084129333 -0.000506928248796612 -0.013641378842294218
img_45 0.31510984897613525 -0.0005455027567222714 -0.016050340607762344
img_46 0.3227078318595886 -0.0007286976324394345 -0.014175795018672945
img_47 0.3300532400608063 -0.001077663036994636 -0.016049604862928394
img_48 0.3374466001987457 -0.00101254612673074 -0.01658544316887856
img_49 0.3450044095516205 -0.0011379076167941093 -0.016050264239311218
img_50 0.3524254560470581 -0.0012570279650390148 -0.017656758427619934
img_51 0.3599897027015686 -0.001268153777346015 -0.01792450435459614
img_52 0.3674830496311188 -0.0014024833217263222 -0.01685324124991894
img_53 0.37486720085144043 -0.001588163198903203 -0.017388705164194107
img_54 0.3824653923511505 -0.0016590782906860113 -0.01792417094111443
img_55 0.3897848129272461 -0.0014841958181932569 -0.016317866742610935
img_56 0.39717036485671997 -0.0016659540124237537 -0.01765676960349083
img_57 0.40473389625549316 -0.0016770785441622138 -0.018727645277976993
img_58 0.4119478166103363 -0.00156726676505059 -0.01551436632871628
img_59 0.4191925525665283 -0.0016184556297957897 -0.01658526994287968
img_60 0.42698338627815247 -0.001379846828058362 -0.016853375360369686
img_61 0.43407976627349854 -0.0013160321395844221 -0.016051217913627625
img_62 0.44138216972351074 -0.0014332553837448359 -0.01578263565897942
img_63 0.4491363763809204 -0.001311514526605606 -0.015248798765242101
img_64 0.4563145637512207 -0.0012372721685096622 -0.014980987645685678
img_65 0.46334731578826904 -0.001281420816667378 -0.013642355799674988
img_66 0.4709492623806 -0.001079038716852665 -0.013374613597989082
img_67 0.47798505425453186 -0.0008670788956806064 -0.01364232785999775
img_68 0.4851619601249695 -0.0007813188713043928 -0.013374560512602331
img_69 0.49251458048820496 -0.0007572156609967351 -0.013642321340739725
img_70 0.4999023973941803 -0.0006743616540916264 -0.012571422383189205
img_71 0.50690096616745 -0.0006399128469638526 -0.00935856904834509
img_72 0.5141862034797668 -0.00021832433412782848 -0.011500663124024871
img_73 0.5213636159896851 5.214838893152773e-06 -0.011232920922338964
img_74 0.5287250280380249 4.5113069063518196e-05 -0.009892504662275316
img_75 0.5358225703239441 0.0001583510747877881 -0.009892504662275316
img_76 0.5432104468345642 0.00026891371817328036 -0.009624763391911985
img_77 0.5504215955734253 0.0004443516372703016 -0.008018451742827892
img_78 0.5574682950973511 0.0006944226333871484 -0.008286627009510996
img_79 0.5650216341018677 0.0007540897931903601 -0.007751891389489175
img_80 0.5720750093460083 0.0008835577755235136 -0.007214955519884826
img_81 0.5793015360832214 0.0010145659325644374 -0.007481970358639956
img_82 0.5870102643966675 0.0012018319685012102 -0.0072141382843256
img_83 0.5942187905311584 0.0012722258688881993 -0.005608110222965478
img_84 0.6014291644096375 0.0014766270760446787 -0.00480495160445571
img_85 0.6089935898780823 0.0015627209795638919 -0.0042694127187132835
img_86 0.6160622239112854 0.001532541704364121 -0.004804919473826886
img_87 0.6233436465263367 0.0017424094257876277 -0.0037339688278734693
img_88 0.6309908628463745 0.0017138546099886298 -0.0037339678965508947
img_89 0.6381889581680298 0.001686976756900549 -0.004535899497568608
img_90 0.6457180976867676 0.0017140483250841498 -0.0029292153194546704
img_91 0.6532108187675476 0.001936942571774125 -0.0034646657295525083
img_92 0.6605601906776428 0.0016666499432176352 -0.002929242560639978
img_93 0.6679128408432007 0.0017675601411610842 -0.002393672708421946
img_94 0.6754451990127563 0.0019332724623382092 -0.0031973347067832947
img_95 0.6828266382217407 0.0017261371249333024 -0.0029297512955963616
img_96 0.683464765548706 0.0019696105737239122 -0.011782763525843622
img_97 0.6834993362426758 0.0019081056816503406 -0.012049978598952293
img_98 0.6835353970527649 0.0019688960164785385 -0.012317749671638012
img_99 0.6835353970527649 0.0019688960164785385 -0.012317749671638012
img_100 0.6834558248519897 0.006990788970142603 -0.010443188250064853
img_101 0.6834567189216614 0.013846520334482193 -0.010710904374718666
img_102 0.68353670835495 0.021314561367034912 -0.00990763958543539
img_103 0.6835759878158569 0.0288444384932518 -0.009639875032007696
img_104 0.6836491823196411 0.03643498942255974 -0.010443137958645822
img_105 0.6838634014129639 0.043410524725914 -0.011513949371874332
img_106 0.6840561032295227 0.050938401371240616 -0.011513947509229185
img_107 0.6842043399810791 0.05767170712351799 -0.012049510143697265
img_108 0.684291422367096 0.06489657610654831 -0.012852970510721208
img_109 0.6845255494117737 0.07211510837078094 -0.013923595659434797
img_110 0.6849071383476257 0.07921173423528671 -0.015262383036315445
img_111 0.685086190700531 0.08631093800067902 -0.015797883272171024
img_112 0.6853396892547607 0.09340853244066238 -0.016868833452463153
img_113 0.6856028437614441 0.10062814503908157 -0.017939766868948936
img_114 0.6857237815856934 0.10736706852912903 -0.018743762746453292
img_115 0.6860436201095581 0.11500786244869232 -0.020081371068954468
img_116 0.6861813068389893 0.12186195701360703 -0.020081371068954468
img_117 0.6863604784011841 0.12902282178401947 -0.021152485162019733
img_118 0.6866211295127869 0.13631945848464966 -0.021152485162019733
img_119 0.6867344379425049 0.14334233105182648 -0.02088534645736218
img_120 0.6868852972984314 0.150565043091774 -0.02088534273207188
img_121 0.6871119141578674 0.15802915394306183 -0.020617628470063213
img_122 0.6870904564857483 0.16556115448474884 -0.020082097500562675
img_123 0.6870917081832886 0.17266316711902618 -0.019011162221431736
img_124 0.6870923638343811 0.18013404309749603 -0.017939988523721695
img_125 0.6871214509010315 0.18766368925571442 -0.017136799171566967
img_126 0.6871809363365173 0.19526316225528717 -0.015796530991792682
img_127 0.6869859099388123 0.20303231477737427 -0.01419195253401995
img_128 0.6870229840278625 0.21063457429409027 -0.013655656948685644
img_129 0.6867358088493347 0.2180357724428177 -0.01071459334343672
img_130 0.6867464780807495 0.22564661502838135 -0.010177699849009516
img_131 0.6865773797035217 0.23328211903572083 -0.00830800458788872
img_132 0.6865656971931458 0.24039146304130554 -0.007771902717649937
img_133 0.6863818168640137 0.24852551519870758 -0.005097473040223123
img_134 0.6862446665763855 0.2563062608242035 -0.0045615904964506635
img_135 0.6862436532974243 0.2638283371925354 -0.003491659183055163
img_136 0.6859522461891174 0.2714821398258209 -0.0018849987536668782
img_137 0.6861081719398499 0.27919575572013855 -0.0021527712233364586
img_138 0.6858055591583252 0.28635773062705994 -0.0005464843707159163
img_139 0.6858804225921631 0.29394906759262085 -0.0010820250026881693
img_140 0.6857824325561523 0.30135634541511536 -0.00027876591775566334
img_141 0.6858550310134888 0.3083341121673584 -0.0008142031147144736
img_142 0.6858258843421936 0.3159882426261902 -0.0005463747656904161
img_143 0.6858299374580383 0.3234545588493347 -0.001349406549707055
img_144 0.685981273651123 0.33068782091140747 -0.0016175248892977836
img_145 0.685992956161499 0.3379024565219879 -0.0024197893217206006
img_146 0.6862595081329346 0.3454582393169403 -0.0034946091473102574
img_147 0.6863192319869995 0.352472722530365 -0.0037614004686474813
img_148 0.6865570545196533 0.359327107667923 -0.005367675330489875
img_149 0.6865614652633667 0.3667338788509369 -0.005903142970055343
img_150 0.6869902610778809 0.37341365218162537 -0.008048240095376968
img_151 0.6871904730796814 0.3807489573955536 -0.00831565260887146
img_152 0.6873212456703186 0.38797348737716675 -0.009654752910137178
img_153 0.6874963641166687 0.39513108134269714 -0.01045762933790684
img_154 0.6876401901245117 0.40211522579193115 -0.011797653511166576
img_155 0.6880092620849609 0.4094507098197937 -0.013135206885635856
img_156 0.6879627704620361 0.4166806638240814 -0.01206342875957489
img_157 0.6882919073104858 0.4234679043292999 -0.013936501927673818
img_158 0.6883581876754761 0.43076249957084656 -0.01366837788373232
img_159 0.6885929107666016 0.43760520219802856 -0.01473767589777708
img_160 0.688563346862793 0.4452110230922699 -0.013664726167917253
img_161 0.6888063549995422 0.452663779258728 -0.0139320082962513
img_162 0.6888018250465393 0.45995140075683594 -0.013128520920872692
img_163 0.6885104179382324 0.46736031770706177 -0.012593211606144907
img_164 0.6886782646179199 0.47507408261299133 -0.011521921493113043
img_165 0.6884816288948059 0.48254382610321045 -0.010183414444327356
img_166 0.6886283755302429 0.4900115132331848 -0.009915646165609361
img_167 0.6884196996688843 0.49748197197914124 -0.007773733697831631
img_168 0.6884778141975403 0.5049588084220886 -0.007773731835186482
img_169 0.6882195472717285 0.512603759765625 -0.0053668972104787835
img_170 0.6881192922592163 0.5203375220298767 -0.004293129313737155
img_171 0.6879053115844727 0.527970552444458 -0.0024237642064690594
img_172 0.6876406669616699 0.5354388952255249 -0.0018883061129599812
img_173 0.6876199841499329 0.5432137846946716 -1.3944227248430254e-05
img_174 0.6875140070915222 0.5509930849075317 0.0007898054318502545
img_175 0.6874375939369202 0.5583338141441345 0.0013249360490590334
img_176 0.6872154474258423 0.5659261345863342 0.0029318341985344895
img_177 0.6872645616531372 0.5732702016830444 0.002396480180323125
img_178 0.6869637370109558 0.580742597579956 0.0037360861897468567
img_179 0.6870766878128052 0.5883296132087708 0.0034684871789067992
img_180 0.6870152354240417 0.5958594083786011 0.004539547488093376
img_181 0.6869112253189087 0.6032045483589172 0.0034685959108173843
img_182 0.6869924068450928 0.6103686094284058 0.0034685977734625344
img_183 0.687001645565033 0.6178970336914062 0.003200889797881246
img_184 0.687084436416626 0.625187337398529 0.002397059928625823
img_185 0.6870668530464172 0.632527768611908 0.001594405854120851
img_186 0.6873733401298523 0.6398134827613831 -1.2210453860461715e-05
img_187 0.68733811378479 0.6468517184257507 -0.0005475882207974792
img_188 0.6875540614128113 0.6537127494812012 -0.0013514219317585232
img_189 0.6876699924468994 0.6611142158508301 -0.002154076471924782
img_190 0.6878973841667175 0.6682153940200806 -0.004564032889902592
img_191 0.6881062388420105 0.6752537488937378 -0.005099484231323005
img_192 0.6882488131523132 0.6824151277542114 -0.005902708042412995
img_193 0.688319206237793 0.6883545517921448 -0.006170535460114481
img_194 0.688386857509613 0.6878644824028015 -0.006705952808260918
img_195 0.688386857509613 0.6878644824028015 -0.006705952808260918
img_196 0.688386857509613 0.6878644824028015 -0.006705952808260918
img_197 0.6847181916236877 0.6878890991210938 -0.018197577446699146
img_198 0.6773998141288757 0.687838613986969 -0.018197579309344295
img_199 0.6699050664901733 0.6878525614738464 -0.018465368077158935
img_200 0.6626871228218079 0.6876183748245239 -0.01846537180244923
img_201 0.6553335189819336 0.6873869895935059 -0.01980353146791458
img_202 0.6479396820068359 0.6874721646308899 -0.020071549341082573
img_203 0.6405561566352844 0.6873145699501038 -0.021141417324543003
img_204 0.6329519152641296 0.6871691942214966 -0.023015849292278293
img_205 0.6256367564201355 0.6872763633728027 -0.02301584742963314
img_206 0.6183393001556396 0.6870764493942261 -0.02167520299553871
img_207 0.6109246611595154 0.6869926452636719 -0.023279335349798206
img_208 0.6036393642425537 0.6869173049926758 -0.024350466206669814
img_209 0.5962175726890564 0.6869755983352661 -0.021941050887107853
img_210 0.5886855125427246 0.6869571805000305 -0.023547934368252758
img_211 0.5815799832344055 0.6869408488273621 -0.022744769230484966
img_212 0.5740465521812439 0.6868060231208801 -0.02274477295577526
img_213 0.5668031573295593 0.686909556388855 -0.02247707732021809
img_214 0.5594462156295776 0.6869524121284485 -0.022209156304597858
img_215 0.5518836379051208 0.6868756413459778 -0.021138779819011688
img_216 0.544674813747406 0.6870280504226685 -0.021138781681656837
img_217 0.5372863411903381 0.687000572681427 -0.020603314042091373
img_218 0.5296853184700012 0.686973512172699 -0.02006780728697777
img_219 0.5223729014396667 0.6871814727783203 -0.018461503088474277
img_220 0.5151245594024658 0.6872540712356567 -0.018997235223650932
img_221 0.5077741742134094 0.6872712969779968 -0.017926525324583054
img_222 0.5004956722259521 0.6874017715454102 -0.01578482054173947
img_223 0.493074893951416 0.6875188946723938 -0.016588035970926288
img_224 0.48554155230522156 0.6875826120376587 -0.014176587574183944
img_225 0.4781261086463928 0.6878101229667664 -0.013373784720897673
img_226 0.4706347584724426 0.6880327463150024 -0.012838216498494148
img_227 0.46310630440711975 0.688068151473999 -0.012838219292461872
img_228 0.45572057366371155 0.688224196434021 -0.011499396525323391
img_229 0.44823262095451355 0.6884326934814453 -0.010964103043079374
img_230 0.4410211443901062 0.6885117888450623 -0.008553702384233476
img_231 0.4334535598754883 0.6885765194892883 -0.007482071407139301
img_232 0.42572247982025146 0.688940167427063 -0.009087218903005123
img_233 0.4182620942592621 0.688701868057251 -0.009622760117053987
img_234 0.4108068346977234 0.6889572739601135 -0.008551758714020254
img_235 0.4031760096549988 0.6892673969268799 -0.007748603820800782
img_236 0.3958593010902405 0.689262866973877 -0.006945302709937096
img_237 0.3882966637611389 0.6893153786659241 -0.00748075917363167
img_238 0.3808053433895111 0.689616322517395 -0.006945214699953795
img_239 0.3733493685722351 0.6897293329238892 -0.006677493918687106
img_240 0.3659610450267792 0.6895949840545654 -0.006945266854017975
img_241 0.35875335335731506 0.6898899078369141 -0.006142062600702048
img_242 0.3512251675128937 0.6898749470710754 -0.0061420644633471974
img_243 0.3435191512107849 0.6897998452186584 -0.006409838330000641
img_244 0.33613449335098267 0.6901532411575317 -0.005874334368854762
img_245 0.32874855399131775 0.6902578473091125 -0.006142074707895519
img_246 0.32143139839172363 0.6901191473007202 -0.006142076570540668
img_247 0.3141864836215973 0.6902248859405518 -0.005874325521290303
img_248 0.3068346679210663 0.6901456713676453 -0.005606579128652811
img_249 0.29937613010406494 0.689881443977356 -0.00614204490557313
img_250 0.2924797236919403 0.6899850368499756 -0.006142047699540854
img_251 0.28499293327331543 0.6900310516357422 -0.0064095924608409405
img_252 0.2777630686759949 0.6899546384811401 -0.004798803012818099
img_253 0.2706425189971924 0.6898667216300964 -0.005332860630005598
img_254 0.26307806372642517 0.6897225379943848 -0.006139901001006365
img_255 0.25607699155807495 0.6895827651023865 -0.005073957145214082
img_256 0.2487599402666092 0.6894362568855286 -0.0066805062815547
img_257 0.2414449006319046 0.6895463466644287 -0.007483714260160924
img_258 0.23402048647403717 0.6893570423126221 -0.008287047967314722
img_259 0.22702156007289886 0.6891701817512512 -0.00909020844846964
img_260 0.21966871619224548 0.6891145706176758 -0.008822434581816198
img_261 0.21245667338371277 0.6889333128929138 -0.008019166067242624
img_262 0.20492087304592133 0.6886874437332153 -0.010430683381855491
img_263 0.1979641616344452 0.6886988282203674 -0.00989565532654524
img_264 0.19039808213710785 0.688528835773468 -0.010431198403239252
img_265 0.1831488013267517 0.6881759166717529 -0.012573169544339183
img_266 0.17596431076526642 0.6882049441337585 -0.012841283343732359
img_267 0.16855034232139587 0.6880556344985962 -0.012039178051054481
img_268 0.16133561730384827 0.6877751350402832 -0.013645867817103866
img_269 0.15412411093711853 0.6877511143684387 -0.013645869679749015
img_270 0.14659468829631805 0.6876702308654785 -0.015252277255058292
img_271 0.1392383724451065 0.6874150633811951 -0.016591068357229233
img_272 0.13205905258655548 0.687472939491272 -0.016858993098139763
img_273 0.12443026155233383 0.6874791979789734 -0.016858993098139763
img_274 0.11714416742324829 0.6872346997261047 -0.017126752063632015
img_275 0.10982567071914673 0.6871763467788696 -0.017930049449205402
img_276 0.10247193276882172 0.6870633363723755 -0.01926865242421627
img_277 0.09501009434461594 0.6869009733200073 -0.01900090463459492
img_278 0.08765791356563568 0.6869182586669922 -0.01953639462590218
img_279 0.08026806265115738 0.6868789196014404 -0.019000822678208355
img_280 0.07302026450634003 0.6868329644203186 -0.017929775640368465
img_281 0.06563246250152588 0.6867817640304565 -0.01980377547442913
img_282 0.058316025882959366 0.6868654489517212 -0.01980377733707428
img_283 0.05085670202970505 0.6868295073509216 -0.01792958565056324
img_284 0.04346721991896629 0.6867783069610596 -0.01739403419196606
img_285 0.03629199042916298 0.6867194771766663 -0.016858648508787162
img_286 0.028691668063402176 0.686786413192749 -0.016323035582900047
img_287 0.021270673722028732 0.6869075298309326 -0.01712627895176411
img_288 0.014166094362735748 0.686845600605011 -0.016323193907737732
img_289 0.00656877039000392 0.6870308518409729 -0.014984343200922014
img_290 0.00013410719111561775 0.6872498393058777 -0.011233047582209112
img_291 -0.00043097976595163345 0.6872562170028687 -0.0053463540971279136
img_292 -0.00043097976595163345 0.6872562170028687 -0.004543343558907511
img_293 -0.0003953533887397498 0.6873172521591187 -0.004811135586351156
img_294 -0.0003953533887397498 0.6873172521591187 -0.004811135586351156
img_295 -0.0005649621598422527 0.6814425587654114 -0.004543444607406855
img_296 -0.00042097450932487845 0.6741382479667664 -0.006691003218293191
img_297 -0.0005413154722191393 0.6666899919509888 -0.006156899966299536
img_298 -0.0005166142364032567 0.6592215895652771 -0.006692386232316496
img_299 -0.0005316633614711463 0.6516917943954468 -0.007763412315398455
img_300 -0.0004802716139238328 0.6446486711502075 -0.0069598611444234865
img_301 -0.0006037387065589428 0.6370615363121033 -0.008030446246266365
img_302 -0.0006249431171454489 0.6300174593925476 -0.007494627032428981
img_303 -0.0005735370796173811 0.6227355003356934 -0.006691742222756146
img_304 -0.0008689689566381276 0.615572452545166 -0.005620350129902364
img_305 -0.0009788363240659237 0.608596920967102 -0.005888002458959819
img_306 -0.0011991546489298344 0.6011912226676941 -0.003746078349649906
img_307 -0.0012248377315700054 0.5943354368209839 -0.003746078349649906
img_308 -0.0013576861238107085 0.5871742367744446 -0.0021397098898887634
img_309 -0.0015492145903408527 0.5802568197250366 -0.0016041791532188658
img_310 -0.0018805941799655557 0.5729371905326843 -0.0007970186416059734
img_311 -0.0019212537445127964 0.5660533308982849 0.0002687935484573246
img_312 -0.0019192781765013933 0.55870121717453 0.001876641763374209
img_313 -0.002153711626306176 0.5517829656600952 0.0021444046869874005
img_314 -0.0021734628826379776 0.5444874167442322 0.003216987010091544
img_315 -0.0023273013066500425 0.5374575257301331 0.0037516867741942406
img_316 -0.002370848786085844 0.5302403569221497 0.005089232698082924
img_317 -0.0024047717452049255 0.5230168700218201 0.0056247138418257245
img_318 -0.0025048283860087395 0.5156700015068054 0.0058924751356244105
img_319 -0.002354445867240429 0.5081417560577393 0.0050892820581793785
img_320 -0.0024233972653746605 0.5008569955825806 0.005892489571124314
img_321 -0.002239277120679617 0.49362713098526 0.004820398520678282
img_322 -0.0022038931492716074 0.48628655076026917 0.005623075645416977
img_323 -0.002159842988476157 0.4784526228904724 0.004016899038106203
img_324 -0.0021659242920577526 0.4711679518222809 0.005087879952043296
img_325 -0.001844446174800396 0.46357595920562744 0.003748637158423663
img_326 -0.0017803616356104612 0.45591720938682556 0.004284624941647053
img_327 -0.0016412222757935524 0.44815438985824585 0.0010761916637420659
img_328 -0.0014194096438586712 0.4403904974460602 0.0018847414758056404
img_329 -0.0013002011692151427 0.43303170800209045 -0.0005093496292829514
img_330 -0.0011627657804638147 0.4253188371658325 -0.0007770845550112427
img_331 -0.0011685698991641402 0.41785094141960144 -0.0023834942840039734
img_332 -0.0009749064338393509 0.41000333428382874 -0.0031879222951829425
img_333 -0.0009284443804062903 0.40241631865501404 -0.0037231470923870806
img_334 -0.0006741536781191826 0.39483019709587097 -0.004258248023688792
img_335 -0.0007782616885378957 0.3869907557964325 -0.005329822655767204
img_336 -0.0007111041340976954 0.37971025705337524 -0.006935299839824438
img_337 -0.0005517159588634968 0.37211915850639343 -0.006935301702469587
img_338 -0.0004961885861121118 0.3648309111595154 -0.006935303565114737
img_339 -0.0005479654646478593 0.3573654592037201 -0.007738265208899976
img_340 -0.000568048213608563 0.35020291805267334 -0.008006022311747076
img_341 -0.0007323829340748489 0.34291988611221313 -0.008006022311747076
img_342 -0.0009345376747660339 0.33532992005348206 -0.006131634116172791
img_343 -0.0008367101545445621 0.3282281756401062 -0.0072026336565613755
img_344 -0.001205533742904663 0.32119008898735046 -0.005595963913947345
img_345 -0.0012809389736503363 0.3140298128128052 -0.006131337024271489
img_346 -0.0013252348871901631 0.3068055808544159 -0.0037212835159152746
img_347 -0.001386768650263548 0.2997667193412781 -0.00425672670826316
img_348 -0.0015939874574542046 0.2926046848297119 -0.002114552306011319
img_349 -0.0017498378874734044 0.2857496738433838 -0.0026499861851334576
img_350 -0.00194559246301651 0.2785857617855072 -0.0005073405336588621
img_351 -0.0020198046695441008 0.2716086506843567 2.8045556973665953e-05
img_352 -0.0021257507614791393 0.2641928493976593 0.0016364224720746279
img_353 -0.0023969588801264763 0.25734421610832214 0.0013689835323020816
img_354 -0.0024225113447755575 0.25017809867858887 0.0024405524600297217
img_355 -0.002404854167252779 0.24294279515743256 0.0032451208680868157
img_356 -0.002557994332164526 0.2357955127954483 0.004580971319228412
img_357 -0.002700213110074401 0.22826535999774933 0.004313223995268345
img_358 -0.002705192193388939 0.22122512757778168 0.00538427196443081
img_359 -0.0024879565462470055 0.21369722485542297 0.004848813638091087
img_360 -0.002558665117248893 0.20641186833381653 0.005652086809277534
img_361 -0.0025528350379318 0.19912701845169067 0.0043133217841386795
img_362 -0.002379758283495903 0.19178086519241333 0.004848886746913195
img_363 -0.0022716973908245564 0.18406981229782104 0.0035104311536997557
img_364 -0.002281039487570524 0.1766619235277176 0.004581528715789318
img_365 -0.0021744470577687025 0.16882605850696564 0.002439351519569755
img_366 -0.0019785799086093903 0.16104458272457123 0.0019033319549635055
img_367 -0.001893547479994595 0.15346287190914154 0.0005661508766934276
img_368 -0.001606517005711794 0.14587253332138062 0.0008338919724337758
img_369 -0.0015296998899430037 0.1385260671377182 -0.001308294478803873
img_370 -0.0014332643477246165 0.13084056973457336 -0.0021150526590645313
img_371 -0.0014139334671199322 0.12334434688091278 -0.0031813064124435186
img_372 -0.0011565096210688353 0.11538544297218323 -0.003716807579621673
img_373 -0.0012202932266518474 0.107733815908432 -0.005055527202785016
img_374 -0.0010810157982632518 0.10032523423433304 -0.006394398398697377
img_375 -0.0010946037946268916 0.09267335385084152 -0.006662144325673581
img_376 -0.000859549269080162 0.08543456345796585 -0.00719865132123232
img_377 -0.0008435408235527575 0.07785862684249878 -0.007733083795756103
img_378 -0.0008315551094710827 0.07026634365320206 -0.00826867111027241
img_379 -0.0008584749302826822 0.06273607909679413 -0.009339770302176476
img_380 -0.0008541151182726026 0.055635783821344376 -0.008268939331173895
img_381 -0.0009148553945124149 0.048290472477674484 -0.009072151035070421
img_382 -0.0011232165852561593 0.04093374311923981 -0.007999341934919359
img_383 -0.0014622046146541834 0.03384670615196228 -0.008266659453511238
img_384 -0.001380398403853178 0.026608774438500404 -0.006925402674824001
img_385 -0.0014294798020273447 0.019521865993738174 -0.0069254045374691495
img_386 -0.0015866031171754003 0.01220797561109066 -0.005312267690896988
img_387 -0.001939964946359396 0.005320988595485687 -0.005312270484864713
img_388 -0.002036664169281721 0.00042425328865647316 -0.0039735473692417145
img_389 -0.002071286551654339 0.0006080894963815808 -0.0037057250738143925
img_390 -0.002071286551654339 0.0006080894963815808 -0.0037057250738143925
img_391 -0.002071286551654339 0.0006080894963815808 -0.0037057250738143925
img_392 0.0016051733400672674 0.0007169098826125264 0.004595338366925716
img_393 0.008814706467092037 0.0009949322557076812 0.002185334917157889
img_394 0.0157078318297863 0.0010712241055443883 0.001381922978907824
img_395 0.023090915754437447 0.001020240830257535 0.002452391199767589
img_396 0.03044270910322666 0.0012831699568778276 0.0029879687353968625
img_397 0.037474751472473145 0.0014878128422424197 0.004326601047068836
img_398 0.04493311420083046 0.0015813095960766077 0.00566558912396431
img_399 0.05196555703878403 0.0016823664773255587 0.0037914351560175423
img_400 0.05917450040578842 0.0019545620307326317 0.006201173178851606
img_401 0.06659547984600067 0.0020005812402814627 0.007004323881119491
img_402 0.07394856959581375 0.002052085241302848 0.005933045409619809
img_403 0.08115626126527786 0.002217258559539914 0.006736135110259059
img_404 0.0883655920624733 0.002265821909531951 0.00753933284431696
img_405 0.09589432924985886 0.0022613632027059793 0.006736038252711297
img_406 0.10321224480867386 0.002494392916560173 0.0075396527536213415
img_407 0.11034900695085526 0.002425822662189603 0.008074912242591381
img_408 0.11794761568307877 0.0024259667843580246 0.00753943854942918
img_409 0.12540298700332642 0.0026658193673938513 0.009681325405836105
img_410 0.13265053927898407 0.002552310237661004 0.009413546882569792
img_411 0.1401439905166626 0.0025004162453114986 0.00887805223464966
img_412 0.14767201244831085 0.0026284761261194944 0.008878053165972233
img_413 0.15471012890338898 0.0026297036092728376 0.010217680595815183
img_414 0.16247962415218353 0.002709092339500785 0.009950124658644201
img_415 0.16997072100639343 0.002783631905913353 0.00941471476107836
img_416 0.17733275890350342 0.0026077807415276766 0.00914664939045906
img_417 0.18481841683387756 0.0024316711351275444 0.008611795492470266
img_418 0.19218400120735168 0.0023724427446722984 0.008343555964529516
img_419 0.19966454803943634 0.0023126336745917797 0.008610843680799007
img_420 0.20705381035804749 0.0020701629109680653 0.00807532947510481
img_421 0.21436981856822968 0.0020680269226431847 0.0064688846468925485
img_422 0.22200524806976318 0.00199497421272099 0.006468885578215123
img_423 0.2295701503753662 0.0016766428016126156 0.005397987551987172
img_424 0.23703700304031372 0.0016556561458855867 0.0035214102827012548
img_425 0.24409595131874084 0.0016805133782327175 0.002986635314300657
img_426 0.25141364336013794 0.0012738285586237907 0.002986636245623232
img_427 0.2588358223438263 0.0012959953164681792 0.001380094210617244
img_428 0.26661059260368347 0.0013067250838503242 0.001112368889153004
img_429 0.2739274501800537 0.000886329566128552 -0.0004942170344293119
img_430 0.2812440097332001 0.0006990489782765508 -0.002904181834310294
img_431 0.2888771891593933 0.0007992928149178624 -0.002101060468703509
img_432 0.2959809899330139 0.0003558078606147319 -0.0037077337037771945
img_433 0.30322587490081787 0.0002677302691154182 -0.004778707399964333
img_434 0.31092381477355957 0.00023094317293725908 -0.005588684231042864
img_435 0.31835272908210754 6.802093412261456e-05 -0.006119679193943741
img_436 0.3259841203689575 -0.0002235160063719377 -0.00692281685769558
img_437 0.3334079384803772 -3.0032519134692848e-05 -0.007726095151156187
img_438 0.34058883786201477 -0.00014679148443974555 -0.007458083331584932
img_439 0.3482509255409241 -0.0002651014656294137 -0.008528145961463453
img_440 0.35553547739982605 -0.00032722685136832297 -0.009063948877155783
img_441 0.36291560530662537 -0.0005776629550382495 -0.008796362206339838
img_442 0.3705928325653076 -0.0008290836121886969 -0.009064449928700926
img_443 0.3780069947242737 -0.0007739976863376796 -0.009866756387054924
img_444 0.38535958528518677 -0.000724102312233299 -0.008527934551239014
img_445 0.3930625021457672 -0.0007897941977716982 -0.008260237984359263
img_446 0.40046238899230957 -0.0006669706199318171 -0.008796600624918938
img_447 0.4076273739337921 -0.000546626397408545 -0.007727237418293953
img_448 0.4150135815143585 -0.000664922350551933 -0.008262753486633303
img_449 0.4226495325565338 -0.00048314343439415097 -0.008262752555310726
img_450 0.42991045117378235 -0.00035912339808419347 -0.006921352818608285
img_451 0.43710389733314514 -0.0005310842534527183 -0.006921350955963134
img_452 0.44450798630714417 -0.000520972243975848 -0.007458093576133253
img_453 0.45184606313705444 -0.0003313276101835072 -0.00612205406650901
img_454 0.4589497447013855 -0.0001911996369017288 -0.005318945739418269
img_455 0.46637195348739624 -0.00010825142089743167 -0.006122155115008353
img_456 0.4738316237926483 0.00015218618500512093 -0.004783306270837785
img_457 0.4807935059070587 5.7670877140481025e-05 -0.0037123556248843683
img_458 0.4882866144180298 0.0002747030521277338 -0.004247819073498248
img_459 0.4955335557460785 0.0004275910905562341 -0.0037122513167560105
img_460 0.5025671720504761 0.0005851211026310921 -0.002373553812503815
img_461 0.5100235939025879 0.0006286298739723861 -0.0018381304107606409
img_462 0.5170942544937134 0.0009830010822042823 -0.001570326276123524
img_463 0.5240208506584167 0.0010945413960143924 -0.0010348870418965816
img_464 0.5315496921539307 0.0010255269007757306 -0.00023154716473072773
img_465 0.538864254951477 0.0013298490084707737 -0.00023154623340815306
img_466 0.5460041761398315 0.0015730778686702251 0.00030399684328585863
img_467 0.5531790256500244 0.00151404133066535 0.0013750296784564857
img_468 0.5605334639549255 0.0017691311659291387 0.00030353269539773464
img_469 0.5675984025001526 0.0018936444539576769 0.002176826354116202
img_470 0.5750554800033569 0.001971091143786907 0.001909082988277078
img_471 0.5824425220489502 0.002168858889490366 0.0021768601145595316
img_472 0.5897992849349976 0.0023074005730450153 0.003516650758683682
img_473 0.5968616008758545 0.002209919271990657 0.0037841487210243945
img_474 0.6043190360069275 0.0022993581369519234 0.00351638812571764
img_475 0.6117400527000427 0.0024478763807564974 0.005122770555317402
img_476 0.6189143657684326 0.0025458454620093107 0.0045872675254941
img_477 0.6265490055084229 0.0025808673817664385 0.00458726566284895
img_478 0.6340764164924622 0.0027990529779344797 0.006193818524479867
img_479 0.6411811113357544 0.002781836548820138 0.005390511360019446
img_480 0.6489207744598389 0.002639938145875931 0.004587400238960982
img_481 0.6560600996017456 0.0026726890355348587 0.00512291118502617
img_482 0.663095235824585 0.0026474983897060156 0.005658540874719621
img_483 0.6709396243095398 0.0026918859221041203 0.00565854273736477
img_484 0.6783993244171143 0.002672862960025668 0.005390717647969724
img_485 0.6857488751411438 0.0025900884065777063 0.005926046520471575
img_486 0.6878007650375366 0.0022349751088768244 0.005658318288624287
img_487 0.6878364682197571 0.0021739546209573746 0.005390544421970844
img_488 0.6878364682197571 0.0021739546209573746 0.005390544421970844
img_489 0.6878364682197571 0.0021739546209573746 0.005390544421970844
img_490 0.6879422068595886 0.008786210790276527 0.0035162172280251984
img_491 0.6879168152809143 0.016008783131837845 0.005122528877109289
img_492 0.6879129409790039 0.02366652339696884 0.004050735384225845
img_493 0.6879177689552307 0.031190989539027214 0.004585870075970888
img_494 0.6879904866218567 0.0384865328669548 0.00297706900164485
img_495 0.688039243221283 0.04582187533378601 0.0032444277312606573
img_496 0.6879103779792786 0.052862655371427536 0.002441024407744408
img_497 0.6884229779243469 0.06002530828118324 0.001637875568121672
img_498 0.6881634593009949 0.06743220239877701 0.00029909447766840463
img_499 0.6883381605148315 0.07435168325901031 -0.00023656053235754368
img_500 0.6884461045265198 0.08164967596530914 -0.0010412754490971567
img_501 0.6888768076896667 0.08885737508535385 -0.0034459088928997525
img_502 0.6888657212257385 0.09589990973472595 -0.0039816084317863
img_503 0.6892828345298767 0.10305782407522202 -0.00612279074266553
img_504 0.6891499757766724 0.1102200374007225 -0.006390504073351623
img_505 0.6895115375518799 0.11701351404190063 -0.007997163571417333
img_506 0.6897096633911133 0.1241125836968422 -0.008264887146651747
img_507 0.6899097561836243 0.13121262192726135 -0.009335948154330254
img_508 0.6899771690368652 0.13843585550785065 -0.010139201767742634
img_509 0.6901570558547974 0.14571823179721832 -0.010139199905097481
img_510 0.6902675032615662 0.15312577784061432 -0.011210366152226923
img_511 0.6903484463691711 0.16034765541553497 -0.010407240130007269
img_512 0.6905315518379211 0.16775399446487427 -0.012013897299766542
img_513 0.6904423832893372 0.175040140748024 -0.009871930815279486
img_514 0.6904082298278809 0.18233036994934082 -0.009871923364698889
img_515 0.6904100775718689 0.18967100977897644 -0.00853419117629528
img_516 0.6902616024017334 0.19714756309986115 -0.007730218581855299
img_517 0.6903541088104248 0.20454823970794678 -0.007195145823061468
img_518 0.6901975274085999 0.2122630625963211 -0.005588581785559653
img_519 0.6900286078453064 0.21997663378715515 -0.005588579922914505
img_520 0.6897175908088684 0.22756963968276978 -0.002107652602717281
img_521 0.6896634101867676 0.23540711402893066 -0.0023754574358463287
img_522 0.6894339323043823 0.24293552339076996 0.0003014395479112864
img_523 0.689396321773529 0.2504650354385376 0.0005691929254680871
img_524 0.6891447305679321 0.25787124037742615 0.0032464226242154837
img_525 0.6890490055084229 0.26558467745780945 0.002978656673803926
img_526 0.6891677975654602 0.27317601442337036 0.004317446146160364
img_527 0.6887815594673157 0.28076544404029846 0.00458520371466875
img_528 0.6887472867965698 0.2882342040538788 0.005388507153838873
img_529 0.6885643601417542 0.2959458827972412 0.00565623724833131
img_530 0.6885921359062195 0.3035430312156677 0.005924207158386708
img_531 0.6883717775344849 0.3109418451786041 0.007261671125888825
img_532 0.6883900165557861 0.3181668519973755 0.005922702606767417
img_533 0.6884164810180664 0.32563406229019165 0.0061904038302600375
img_534 0.6884424686431885 0.3328634202480316 0.004850621335208417
img_535 0.6884781122207642 0.3400822877883911 0.005118194967508317
img_536 0.688511848449707 0.3473060429096222 0.003779444145038724
img_537 0.6887312531471252 0.354714572429657 0.0027083703316748142
img_538 0.6887117028236389 0.36194053292274475 0.0019048395333811645
img_539 0.6888749003410339 0.36897698044776917 0.0005667946534231306
img_540 0.688906192779541 0.3761398494243622 0.00029902809183113277
img_541 0.6893635392189026 0.38330236077308655 -0.0023785172961652283
img_542 0.689274251461029 0.3903437852859497 -0.0023785135708749294
img_543 0.6896796226501465 0.3973805606365204 -0.004519871436059476
img_544 0.6896771788597107 0.40467098355293274 -0.005055782385170461
img_545 0.6899243593215942 0.41164371371269226 -0.006661197170615197
img_546 0.6902204155921936 0.4189300537109375 -0.007732704747468234
img_547 0.6901339888572693 0.42602768540382385 -0.008267881348729135
img_548 0.6904386281967163 0.4329437017440796 -0.009339018724858763
img_549 0.6904712915420532 0.4402279257774353 -0.009071283973753452
img_550 0.6906434297561646 0.4475120007991791 -0.009874600917100906
img_551 0.6907171607017517 0.45497873425483704 -0.009071485139429571
img_552 0.6907826662063599 0.4622018039226532 -0.01067795976996422
img_553 0.6909677982330322 0.4696080684661865 -0.00907130725681782
img_554 0.6907157897949219 0.4768964350223541 -0.008267935365438463
img_555 0.690812349319458 0.484302282333374 -0.007732489146292209
img_556 0.6905513405799866 0.4917171895503998 -0.006928638089448216
img_557 0.6906745433807373 0.49930158257484436 -0.005858438555151226
img_558 0.6904013156890869 0.5069546103477478 -0.004252083599567414
img_559 0.6904340982437134 0.5146681070327759 -0.004252083599567414
img_560 0.6899713277816772 0.5222653746604919 -0.0013050939887762072
img_561 0.6901577115058899 0.5297881364822388 -0.001840128446929157
img_562 0.689818263053894 0.5375070571899414 0.0008391469018533828
img_563 0.6897412538528442 0.5450946092605591 0.0013744274619966748
img_564 0.6894481182098389 0.5526841878890991 0.0035162095446139574
img_565 0.6893863081932068 0.560213565826416 0.003783961059525609
img_566 0.689287006855011 0.5677065849304199 0.0051271952688694
img_567 0.689141571521759 0.5754551291465759 0.005927845370024443
img_568 0.6890607476234436 0.5831185579299927 0.006196012254804372
img_569 0.6888741254806519 0.5904523730278015 0.007265398744493725
img_570 0.6888896822929382 0.5980432033538818 0.0067299124784767645
img_571 0.6886273622512817 0.6055095791816711 0.007533122785389424
img_572 0.6886436343193054 0.6127457022666931 0.006996712647378445
img_573 0.6886280179023743 0.6200181245803833 0.006729416083544494
img_574 0.6886500716209412 0.6272413730621338 0.006193961016833784
img_575 0.6888508200645447 0.6347719430923462 0.005123013164848089
img_576 0.6888844966888428 0.641996443271637 0.0037841303274035462
img_577 0.6889980435371399 0.6493424773216248 0.0035163962747901682
img_578 0.688901960849762 0.6565658450126648 0.002445367164909839
img_579 0.6891324520111084 0.6634833812713623 0.0013744389871135354
img_580 0.6892284750938416 0.6707698106765747 0.0005710138357244433
img_581 0.6896132826805115 0.6776866316795349 -0.0015707367565482857
img_582 0.6896598935127258 0.6848487854003906 -0.0018384816357865932
img_583 0.689419150352478 0.6884607672691345 -0.0007675463566556573
img_584 0.6894547939300537 0.6886453628540039 -0.001036691246554256
img_585 0.6894547939300537 0.6886453628540039 -0.001036691246554256
img_586 0.6894547939300537 0.6886453628540039 -0.001036691246554256
img_587 0.6859285235404968 0.6881604790687561 -0.003173521021381021
img_588 0.6785762310028076 0.6880613565444946 -0.0037090640980750322
img_589 0.6714382767677307 0.6882102489471436 -0.004244502168148756
img_590 0.6641550064086914 0.6878737807273865 -0.005315673071891069
img_591 0.6568731069564819 0.6876676082611084 -0.006386683322489262
img_592 0.6493451595306396 0.6877769231796265 -0.006386683322489262
img_593 0.6419229507446289 0.6875795125961304 -0.00799292325973511
img_594 0.6346042156219482 0.6873319149017334 -0.0071896221488714235
img_595 0.6273947954177856 0.687383770942688 -0.007992832921445373
img_596 0.6198290586471558 0.6870769262313843 -0.00933152437210083
img_597 0.6126893758773804 0.6870211362838745 -0.009063790552318098
img_598 0.6053034067153931 0.6871492862701416 -0.009331547655165194
img_599 0.5977734327316284 0.687035858631134 -0.010134857147932054
img_600 0.5905593633651733 0.6867416501045227 -0.010134860873222351
img_601 0.5830695629119873 0.6869399547576904 -0.010402567684650425
img_602 0.5757154226303101 0.6867715716362 -0.010938117280602459
img_603 0.5683627724647522 0.6866071820259094 -0.009867257438600065
img_604 0.5610130429267883 0.6868021488189697 -0.009599512442946436
img_605 0.5537305474281311 0.6867495775222778 -0.009063938632607462
img_606 0.5463758111000061 0.6865713000297546 -0.00879613682627678
img_607 0.538922905921936 0.6868204474449158 -0.008528479374945164
img_608 0.5317495465278625 0.6870653033256531 -0.007189621217548848
img_609 0.5243265628814697 0.6869962215423584 -0.007189623080193997
img_610 0.5168598294258118 0.686866044998169 -0.006117438897490501
img_611 0.5095548629760742 0.6872164607048035 -0.0053151831962168225
img_612 0.5021312236785889 0.6871334910392761 -0.00451181922107935
img_613 0.4948156774044037 0.6871052980422974 -0.00451181922107935
img_614 0.4873236417770386 0.6873840093612671 -0.0031729817856103186
img_615 0.47976139187812805 0.6874080300331116 -0.002102140337228775
img_616 0.4724803566932678 0.6875457763671875 -0.0015665927203372119
img_617 0.46505892276763916 0.6880471706390381 3.9944658055901534e-05
img_618 0.45728427171707153 0.6879244446754456 -0.0004955001641064883
img_619 0.45028582215309143 0.6880503296852112 0.0011111362837255
img_620 0.44271138310432434 0.6882871389389038 0.000574870384298265
img_621 0.4350535273551941 0.68834388256073 0.0016442487249150877
img_622 0.42787817120552063 0.6883932948112488 0.002179797273129225
img_623 0.4203144609928131 0.6886216402053833 0.0032507665455341348
img_624 0.41254034638404846 0.6889037489891052 0.0032507646828889842
img_625 0.4050803780555725 0.6888794898986816 0.004583667963743211
img_626 0.3976120054721832 0.6890291571617126 0.004851784091442823
img_627 0.3900921642780304 0.6892983913421631 0.004851782228797673
img_628 0.3829517364501953 0.6892637610435486 0.00592296663671732
img_629 0.37500008940696716 0.6895226836204529 0.0051199374720454225
img_630 0.36771830916404724 0.6897302865982056 0.006458677351474762
img_631 0.3601914942264557 0.6894980072975159 0.006458677351474762
img_632 0.3528023362159729 0.6897563934326172 0.005387585610151292
img_633 0.3454854488372803 0.6899006366729736 0.006994090043008329
img_634 0.3380534052848816 0.6897260546684265 0.006189642474055291
img_635 0.33049991726875305 0.6898015737533569 0.006457019597291946
img_636 0.3231793940067291 0.6901829242706299 0.00726048042997718
img_637 0.31576040387153625 0.690006673336029 0.0064574405550956735
img_638 0.3085530400276184 0.6898377537727356 0.006457438692450523
img_639 0.3015879690647125 0.6900988817214966 0.006992990616708995
img_640 0.2939552068710327 0.6898006200790405 0.00699298968538642
img_641 0.28681662678718567 0.6897506713867188 0.007260720245540144
img_642 0.2794855535030365 0.689881443977356 0.007260720245540144
img_643 0.27193742990493774 0.6898266673088074 0.00672628777101636
img_644 0.2649049758911133 0.6895956993103027 0.00699406024068594
img_645 0.25755324959754944 0.6896666884422302 0.006458580028265716
img_646 0.2502358853816986 0.6896806359291077 0.006458579096943141
img_647 0.2431716024875641 0.6892678141593933 0.006190896034240724
img_648 0.23581524193286896 0.6892222762107849 0.005655018612742424
img_649 0.22857551276683807 0.6891201734542847 0.005119896493852139
img_650 0.22154200077056885 0.689022958278656 0.004584343172609808
img_651 0.2139444500207901 0.6889269351959229 0.004316622391343116
img_652 0.20659089088439941 0.6888951659202576 0.002977458294481039
img_653 0.19941909611225128 0.6886902451515198 0.0027097903657704605
img_654 0.19217324256896973 0.6886093616485596 0.002174236346036196
img_655 0.18524713814258575 0.6884719133377075 0.002441953867673874
img_656 0.17756572365760803 0.6880239248275757 0.0011009243316948414
img_657 0.1702621579170227 0.6879547834396362 0.000299030332826078
img_658 0.1631108969449997 0.6878300309181213 -0.0002373716561123729
img_659 0.15573547780513763 0.6876484155654907 -0.0021087527275085454
img_660 0.14834922552108765 0.6876027584075928 -0.0023764849174767733
img_661 0.14099866151809692 0.687620222568512 -0.0029119297396391635
img_662 0.1335616260766983 0.6873965263366699 -0.003716731444001198
img_663 0.12636405229568481 0.6871788501739502 -0.003716734237968922
img_664 0.11900248378515244 0.6872062087059021 -0.004252985119819642
img_665 0.11144856363534927 0.6869938373565674 -0.005589887965470552
img_666 0.10420319437980652 0.6868507266044617 -0.005322171375155449
img_667 0.09670956432819366 0.6867681741714478 -0.0055899349972605705
img_668 0.08942496031522751 0.6868088841438293 -0.006661533378064632
img_669 0.08214602619409561 0.6864902973175049 -0.006126329302787781
img_670 0.07454841583967209 0.6867204904556274 -0.007197346538305284
img_671 0.06747989356517792 0.686648964881897 -0.0066619031131267565
img_672 0.05995028465986252 0.6865154504776001 -0.00666190404444933
img_673 0.052352648228406906 0.6866272687911987 -0.006126442924141885
img_674 0.04534357041120529 0.6867928504943848 -0.005321811884641647
img_675 0.03796767070889473 0.6865265369415283 -0.004787204787135125
img_676 0.03036840260028839 0.686501681804657 -0.0050549651496112355
img_677 0.023336151614785194 0.6867209076881409 -0.003983964212238789
img_678 0.015914035961031914 0.6866280436515808 -0.003983965143561364
img_679 0.008350776508450508 0.6867806315422058 -0.0029129092581570157
img_680 0.0012835296802222729 0.6870460510253906 -0.0007710957434028387
img_681 0.0009655110770836473 0.687107503414154 0.0008352978620678186
img_682 0.0009300921228714287 0.6871687173843384 0.00029942201217636466
img_683 0.0009300921228714287 0.6871687173843384 0.00029942201217636466
img_684 0.0008947708993218839 0.687107503414154 0.0005671456456184388
img_685 0.0006868086638860404 0.6798838973045349 0.0013703950680792334
img_686 0.0005909063038416207 0.6724748611450195 0.002173838205635548
img_687 0.000678609125316143 0.6646407246589661 0.0008353168377652762
img_688 0.0007202404085546732 0.6571112275123596 0.0013708161422982814
img_689 0.0008004877017810941 0.6501330733299255 3.2132142223417766e-05
img_690 0.0007300451397895813 0.6426652073860168 0.001370792859233916
img_691 0.0006343250861391425 0.6351345777511597 0.0005674392450600863
img_692 0.0006737281219102442 0.6279729604721069 0.0019060713239014153
img_693 0.0006520369788631797 0.620810866355896 0.0021738125942647453
img_694 0.0004906076937913895 0.6137699484825134 0.003512703580781818
img_695 0.00026795733720064163 0.6067299842834473 0.0037804285530000925
img_696 0.00033083613379858434 0.5994457006454468 0.005119130481034518
img_697 8.442948455922306e-05 0.5923428535461426 0.00645796675235033
img_698 0.0001652281789574772 0.5853038430213928 0.007796627469360829
img_699 -0.00013286687317304313 0.5781993269920349 0.00886776577681303
img_700 -3.6196412111166865e-05 0.5712833404541016 0.009403205476701263
img_701 -0.0002869412419386208 0.5641179084777832 0.011009821668267252
img_702 -0.00024477604893036187 0.557077944278717 0.012080848217010498
img_703 -0.0004387442022562027 0.5497297048568726 0.012616309337317945
img_704 -0.00045753695303574204 0.5427964329719543 0.014226321130990984
img_705 -0.00038766028592363 0.5354060530662537 0.014493475668132309
img_706 -0.00042618607403710485 0.5282883048057556 0.016371782869100574
img_707 -0.0004109731235075742 0.520896852016449 0.01637178100645542
img_708 -0.00039772960008122027 0.51361083984375 0.017175089567899704
img_709 -0.0002351710427319631 0.5062049627304077 0.016907323151826862
img_710 -0.00028877428849227726 0.4989086091518402 0.017443533986806876
img_711 8.296786108985543e-05 0.49176231026649475 0.017176179215312008
img_712 0.00010839072638191283 0.4841059744358063 0.017176179215312008
img_713 0.0003394290106371045 0.47682705521583557 0.017176179215312008
img_714 0.0004397135926410556 0.4689313471317291 0.016640719026327133
img_715 0.0006730746827088296 0.46128156781196594 0.016640717163681987
img_716 0.000975360453594476 0.4537484049797058 0.015300611965358259
img_717 0.0010932361474260688 0.4460449516773224 0.016102937981486324
img_718 0.0014256027061492205 0.4385792016983032 0.013692600652575493
img_719 0.0014588512713089585 0.4309893548488617 0.014228018932044508
img_720 0.001675481558777392 0.42321714758872986 0.012621501460671428
img_721 0.0017697433941066265 0.4157491624355316 0.012621501460671428
img_722 0.002008455339819193 0.40803828835487366 0.010747233405709265
img_723 0.0021247125696390867 0.400509774684906 0.011282715946435932
img_724 0.0022491468116641045 0.3926139175891876 0.01021172758191824
img_725 0.002606885274872184 0.3852713704109192 0.0088729877024889
img_726 0.0025327662006020546 0.3776690661907196 0.009141110815107824
img_727 0.002952757989987731 0.3703366816043854 0.00887372251600027
img_728 0.0027015164960175753 0.36280518770217896 0.00887372251600027
img_729 0.0030494029633700848 0.3554627299308777 0.008338269777595997
img_730 0.0029692859388887882 0.34811586141586304 0.009409272111952308
img_731 0.0030720143113285303 0.3409544825553894 0.009141528978943821
img_732 0.002785204676911235 0.33359163999557495 0.010214569047093391
img_733 0.0029999723192304373 0.32638275623321533 0.010749118402600288
img_734 0.002934914780780673 0.3192782998085022 0.011820469982922079
img_735 0.0028789611533284187 0.3120570778846741 0.012890961952507496
img_736 0.0028652322944253683 0.30487629771232605 0.013696200214326383
img_737 0.002608023351058364 0.29791006445884705 0.015566007234156133
img_738 0.002789546502754092 0.2907986044883728 0.016638875007629398
img_739 0.002520498353987932 0.28364431858062744 0.017975114285945896
img_740 0.0026096205692738295 0.27671757340431213 0.019047634676098824
img_741 0.0023917893413454294 0.2696203887462616 0.020117230713367466
img_742 0.0026055551134049892 0.2625138461589813 0.02199368551373482
img_743 0.0025158401113003492 0.2553570568561554 0.02226109243929386
img_744 0.002393773291260004 0.2481183409690857 0.02440627105534076
img_745 0.002355127362534404 0.24102477729320526 0.02520832978188992
img_746 0.0023958717938512564 0.23379996418952942 0.02708259783685207
img_747 0.0026251571252942085 0.22664104402065277 0.026814837008714676
img_748 0.0025763544254004955 0.21921677887439728 0.027887741103768352
img_749 0.0028917170129716396 0.21170690655708313 0.027887741103768352
img_750 0.0029113709460943937 0.2046644240617752 0.02842327579855919
img_751 0.0033390920143574476 0.1970823109149933 0.029226571321487427
img_752 0.003412445541471243 0.18973533809185028 0.029494320973753936
img_753 0.0035991293843835592 0.18220938742160797 0.029762022197246555
img_754 0.0036466382443904877 0.17466437816619873 0.029493790119886405
img_755 0.0038366166409105062 0.16702859103679657 0.029761053621768955
img_756 0.004173976834863424 0.1592598855495453 0.028957709670066827
img_757 0.004535044077783823 0.15167692303657532 0.02868997491896153
img_758 0.0049691228196024895 0.14395789802074432 0.027080329135060314
img_759 0.005238180980086327 0.13663038611412048 0.027347575873136524
img_760 0.005556770134717226 0.12886139750480652 0.026544284075498577
img_761 0.005610410589724779 0.12151505053043365 0.026812005788087845
img_762 0.005864335224032402 0.1133667528629303 0.026543907821178443
img_763 0.006307634525001049 0.10597888380289078 0.02547436207532883
img_764 0.006473495624959469 0.09808140993118286 0.0257421899586916
img_765 0.006693109404295683 0.09092465788125992 0.024671521037817
img_766 0.006917669903486967 0.08326010406017303 0.024403214454650886
img_767 0.007096561603248119 0.07593085616827011 0.02360154688358307
img_768 0.007371583953499794 0.06877311319112778 0.024404790252447132
img_769 0.0074921175837516785 0.06093864142894745 0.024940248578786857
img_770 0.007635402027517557 0.05377734452486038 0.026011306792497642
img_771 0.007620837073773146 0.04618282616138458 0.026011306792497642
img_772 0.007731669582426548 0.039205171167850494 0.02654677443206311
img_773 0.00779182743281126 0.031614042818546295 0.028420845046639453
img_774 0.007811755873262882 0.024693883955478668 0.028956383466720588
img_775 0.007987328805029392 0.017411503940820694 0.030027339234948158
img_776 0.0080518564209342 0.010554738342761993 0.031098248437047008
img_777 0.008060694672167301 0.0034508383832871914 0.032704677432775504
img_778 0.008127468638122082 0.00032877596095204353 0.03216908127069474
img_779 0.008127468638122082 0.00032877596095204353 0.03216908127069474
img_780 0.008127468638122082 0.00032877596095204353 0.03216908127069474
img_781 0.008127468638122082 0.00032877596095204353 0.03216908127069474
img_782 0.008127468638122082 0.00032877596095204353 0.03216908127069474
