img_0 6.980674515943974e-05 -3.75556747159167e-12 0.999999991126351
img_1 3.4886579669546336e-05 6.0446313000284135e-05 0.9999999645046982
img_2 0.0002442616387270391 0.00018147783703170717 0.9999999645046982
img_3 0.00010451988782733679 0.0004232201026752591 0.9999999201363042
img_4 -7.035123417153955e-08 0.00024172966368496418 0.9999999201363159
img_5 0.00010469265544088557 0.00018135629943571985 0.9999999201363042
img_6 0.0003488224756438285 0.00048388284631073475 0.9999999645117699
img_7 0.0008717778837308288 0.0016328322235494852 0.9999999911214746
img_8 0.0020258945878595114 0.010156835429370403 0.9999858012266633
img_9 -0.0014158799313008785 0.021319009363651276 0.9999658787891029
img_10 -0.0065211886540055275 0.03453585132956505 0.9996270942227411
img_11 -0.01357988454401493 0.047896310687065125 0.9986364626245543
img_12 -0.02006380446255207 0.05919226258993149 0.9973261469012933
img_13 -0.02230246365070343 0.07438598573207855 0.9975267195235828
img_14 -0.026515120640397072 0.08819978684186935 0.9963669148415059
img_15 -0.03209414333105087 0.0985887199640274 0.9948915139448549
img_16 -0.033387262374162674 0.11288893222808838 0.9954153685815418
img_17 -0.03205009922385216 0.12047706544399261 0.9957652454863376
img_18 -0.03284817561507225 0.13219831883907318 0.9945496971433454
img_19 -0.03136445954442024 0.14203017950057983 0.9928197016169156
img_20 -0.030561413615942 0.14888639748096466 0.9895508325985639
img_21 -0.037219494581222534 0.16109655797481537 0.9866246477535626
img_22 -0.04787223041057587 0.17791211605072021 0.9837730317531669
img_23 -0.05904149264097214 0.19011160731315613 0.9790523843576359
img_24 -0.06821537762880325 0.2041219025850296 0.9771392065680414
img_25 -0.07266061007976532 0.21544982492923737 0.9756138440491446
img_26 -0.07708367705345154 0.22298893332481384 0.9694516258533944
img_27 -0.08269505202770233 0.23212046921253204 0.9605976114469914
img_28 -0.08921684324741364 0.2409435361623764 0.9506444709041418
img_29 -0.09601335972547531 0.24870750308036804 0.9446917431025873
img_30 -0.09994678944349289 0.2627035975456238 0.940193017880339
img_31 -0.10581013560295105 0.2767084538936615 0.933723761773863
img_32 -0.11221625655889511 0.28420010209083557 0.9226266645587616
img_33 -0.11490935832262039 0.29171425104141235 0.9099892895527323
img_34 -0.11665403097867966 0.29919853806495667 0.8978577945004902
img_35 -0.11481036990880966 0.3073047995567322 0.8859352481790816
img_36 -0.11286847293376923 0.31679296493530273 0.8731945430136983
img_37 -0.12312445044517517 0.326768159866333 0.861595475904276
img_38 -0.1374981701374054 0.33612990379333496 0.8651581917521998
img_39 -0.15152469277381897 0.34484726190567017 0.8751351399404633
img_40 -0.1600564867258072 0.34933820366859436 0.882759518671784
img_41 -0.1635473072528839 0.3494582772254944 0.8929340119355629
img_42 -0.17112448811531067 0.3514154255390167 0.904328076551061
img_43 -0.17806799709796906 0.35668009519577026 0.9166626342219467
img_44 -0.18701207637786865 0.35984256863594055 0.9289704144263591
img_45 -0.19562283158302307 0.36517640948295593 0.94451623391084
img_46 -0.20404407382011414 0.3709256649017334 0.9565377636598554
img_47 -0.21313238143920898 0.37887707352638245 0.9675612504773221
img_48 -0.21733227372169495 0.3861570358276367 0.9715712178120595
img_49 -0.2305612415075302 0.3987126648426056 0.9739793860990015
img_50 -0.24622991681098938 0.4108755886554718 0.9811138176342346
img_51 -0.24599875509738922 0.4112318456172943 0.982504936105653
img_52 -0.2397380918264389 0.4089511036872864 0.9847834004576551
img_53 -0.22688603401184082 0.4031442701816559 0.988325009114626
img_54 -0.20548836886882782 0.39798226952552795 0.9935786656207541
img_55 -0.1882331669330597 0.3901129364967346 0.9964114898927793
img_56 -0.17494571208953857 0.38717302680015564 0.9983051213431633
img_57 -0.15266123414039612 0.38204899430274963 0.9998589934831604
img_58 -0.1355757862329483 0.37875133752822876 0.9996415871915657
img_59 -0.11975746601819992 0.37844836711883545 0.9982982057435806
img_60 -0.10354062169790268 0.3797735869884491 0.9929473903369732
img_61 -0.08951204270124435 0.3736381530761719 0.9848326671223808
img_62 -0.07912597805261612 0.3694109618663788 0.9771127272333742
img_63 -0.06940304487943649 0.36297252774238586 0.9753810016710172
img_64 -0.0517440140247345 0.3544232249259949 0.9669879658182696
img_65 -0.029453597962856293 0.3421459197998047 0.9601540980114003
img_66 -0.006296886131167412 0.32476669549942017 0.9513877532684858
img_67 0.012853048741817474 0.3059169352054596 0.9406938679945553
img_68 0.029563313350081444 0.29096245765686035 0.9315640250507699
img_69 0.04402628168463707 0.2778087556362152 0.9180954862414676
img_70 0.06028851866722107 0.2636362910270691 0.9022151660326017
img_71 0.0738617405295372 0.24825990200042725 0.8722879386460269
img_72 0.08710454404354095 0.23958486318588257 0.8466396190249322
img_73 0.0913875550031662 0.23835304379463196 0.8407752270030331
img_74 0.09136413782835007 0.23811231553554535 0.8407752270030331
img_75 0.09217216819524765 0.23560422658920288 0.8337831843035791
img_76 0.09882735460996628 0.23137244582176208 0.8145444187212469
img_77 0.10876309126615524 0.22225314378738403 0.781495468542235
img_78 0.1215202659368515 0.21412594616413116 0.7552437272822463
img_79 0.13114985823631287 0.20438821613788605 0.728173711932247
img_80 0.1418520212173462 0.19269272685050964 0.6974429212378189
img_81 0.15106773376464844 0.18015065789222717 0.7004919411115617
img_82 0.1636396050453186 0.15711909532546997 0.7011571776537364
img_83 0.1737641543149948 0.12982308864593506 0.7085287996817154
img_84 0.18346700072288513 0.1073492020368576 0.7119050244902345
img_85 0.1894117295742035 0.08379356563091278 0.7261647755426097
img_86 0.1892709881067276 0.06312654167413712 0.7562024937597508
img_87 0.1835109293460846 0.0455704927444458 0.7913714497800345
img_88 0.17530478537082672 0.03415709733963013 0.8250774462958759
img_89 0.174006849527359 0.018940676003694534 0.8516373173864946
img_90 0.17357327044010162 0.00812510121613741 0.8670977404614008
img_91 0.17182768881320953 7.673539221286774e-05 0.8806931165683624
img_92 0.16824443638324738 -0.007771564647555351 0.8980996592854071
img_93 0.1681046187877655 -0.018044091761112213 0.916935417080322
img_94 0.18149633705615997 -0.03047134354710579 0.9320030785981029
img_95 0.19766926765441895 -0.03405724838376045 0.9478000109224926
img_96 0.21286341547966003 -0.028584960848093033 0.9639380427853261
img_97 0.22891183197498322 -0.018741115927696228 0.9799125857287726
img_98 0.24042026698589325 -0.006285997107625008 0.989667046986991
img_99 0.248967245221138 0.015334313735365868 0.9922025329761053
img_100 0.25739529728889465 0.0528683140873909 0.9930578738271385
img_101 0.2612222135066986 0.08254256099462509 0.9955428787820358
img_102 0.2630496025085449 0.10176705569028854 0.9992175718938989
img_103 0.26679715514183044 0.11105242371559143 0.999999783553623
img_104 0.2737254798412323 0.12422259151935577 0.9983819970192068
img_105 0.2765885889530182 0.14098010957241058 0.9931032535356844
img_106 0.2695295512676239 0.16521380841732025 0.9881422170589447
img_107 0.25196197628974915 0.2034672498703003 0.9843173291157205
img_108 0.2347947210073471 0.22580061852931976 0.9786150243763309
img_109 0.22001086175441742 0.2440672665834427 0.9734924809754032
img_110 0.2102927565574646 0.25827664136886597 0.9678619764764143
img_111 0.21004989743232727 0.25821051001548767 0.9622819262047788
img_112 0.20884498953819275 0.26023778319358826 0.9603368113846847
img_113 0.19616150856018066 0.26694178581237793 0.9504357982728809
img_114 0.17203573882579803 0.27512332797050476 0.9314622762438673
img_115 0.14715072512626648 0.2799742817878723 0.9189879960805313
img_116 0.1212828978896141 0.2796192169189453 0.9199831719174447
img_117 0.10235625505447388 0.2773720920085907 0.9352423253029845
img_118 0.0828486904501915 0.2832108736038208 0.9416378765176047
img_119 0.06161509454250336 0.2882436513900757 0.9430646115084095
img_120 0.04311845451593399 0.28917646408081055 0.9491443699121755
img_121 0.02647816762328148 0.288837730884552 0.9625723501842292
img_122 0.01559391338378191 0.2959296405315399 0.9657182554245705
img_123 0.0016181208193302155 0.3006901144981384 0.9637543175270104
img_124 -0.01773722842335701 0.3119957447052002 0.9530528270075317
img_125 -0.03617209941148758 0.3242884576320648 0.9395084230966498
img_126 -0.05627574771642685 0.3362109363079071 0.9266343660947189
img_127 -0.07415556162595749 0.34750333428382874 0.9188831245289889
img_128 -0.0859607383608818 0.3539501428604126 0.9111450882283312
img_129 -0.09473281353712082 0.36045560240745544 0.9098779944602567
img_130 -0.10575931519269943 0.3677675426006317 0.8930538176830636
img_131 -0.11768008023500443 0.3735109269618988 0.8794211668890872
img_132 -0.13778147101402283 0.3798835575580597 0.8671562561106902
img_133 -0.16257575154304504 0.38574016094207764 0.8539249858621434
img_134 -0.1862316131591797 0.3872196674346924 0.8433565010082967
img_135 -0.20631681382656097 0.38691630959510803 0.8487538208135939
img_136 -0.22102198004722595 0.38550320267677307 0.8656273807286473
img_137 -0.23379674553871155 0.38560378551483154 0.8967390438613784
img_138 -0.24323147535324097 0.38373002409935 0.9110905521188121
img_139 -0.2545928955078125 0.386187881231308 0.9274318074752111
img_140 -0.26127004623413086 0.3915102183818817 0.9399204632196716
img_141 -0.26878079771995544 0.4046193063259125 0.9544159773847815
img_142 -0.27350926399230957 0.4236312508583069 0.966338252919024
img_143 -0.2749103605747223 0.43927469849586487 0.973858288048578
img_144 -0.2804931104183197 0.45674413442611694 0.9803077600267316
img_145 -0.28927403688430786 0.47449934482574463 0.9879368949433508
img_146 -0.28981974720954895 0.49832990765571594 0.9923663769610845
img_147 -0.28815820813179016 0.5216967463493347 0.9942111579899888
img_148 -0.28655657172203064 0.5470489263534546 0.9950249733205174
img_149 -0.29190874099731445 0.569283127784729 0.9947423396253491
img_150 -0.30440640449523926 0.5902734398841858 0.9885679492365532
img_151 -0.3160994052886963 0.6035951972007751 0.9779538785518976
img_152 -0.3157273530960083 0.6066105961799622 0.9757304346606877
img_153 -0.31395456194877625 0.6082509160041809 0.9737673256932373
img_154 -0.30366775393486023 0.6071319580078125 0.9667494171225623
img_155 -0.2855546176433563 0.5939967036247253 0.9392401432521139
img_156 -0.27406761050224304 0.5813005566596985 0.8999035165998643
img_157 -0.25876888632774353 0.5557891726493835 0.8540596375305973
img_158 -0.23475325107574463 0.5348221063613892 0.80538887289764
img_159 -0.20561251044273376 0.5125164985656738 0.7618302186254611
img_160 -0.17148537933826447 0.48962852358818054 0.7223867367562032
img_161 -0.14109763503074646 0.4690478444099426 0.6931230880721735
img_162 -0.10899598151445389 0.45112958550453186 0.675051469877571
img_163 -0.0775153636932373 0.4329724609851837 0.6849182714096289
img_164 -0.04585655778646469 0.41573089361190796 0.7168394009261113
img_165 -0.019076049327850342 0.39770132303237915 0.7470602876973746
img_166 0.0025355257093906403 0.3753521740436554 0.7234984674675569
img_167 0.02736939676105976 0.35251984000205994 0.6835622729966265
img_168 0.05197341367602348 0.337692528963089 0.6524372314683115
img_169 0.08168260753154755 0.3177701234817505 0.6127285301162682
img_170 0.10268604010343552 0.30407074093818665 0.592100135054096
img_171 0.1167995035648346 0.297443151473999 0.5779449360669293
img_172 0.13159242272377014 0.28655189275741577 0.5992691957346324
img_173 0.15157581865787506 0.2738652229309082 0.6708249402282465
img_174 0.1778060346841812 0.25832948088645935 0.7508579441685842
img_175 0.20225319266319275 0.2365686446428299 0.8268716917354442
img_176 0.22263096272945404 0.20817448198795319 0.887537160431207
img_177 0.23162183165550232 0.17871414124965668 0.910985094990459
img_178 0.2316087931394577 0.1533190906047821 0.9263856345682953
img_179 0.2236897200345993 0.13168005645275116 0.9419980365808551
img_180 0.21509195864200592 0.11295746266841888 0.9431106065774285
img_181 0.21409066021442413 0.08909682184457779 0.9349609503462057
img_182 0.22284254431724548 0.06138545274734497 0.9138193049473904
img_183 0.23167042434215546 0.04725440964102745 0.8895534938727704
img_184 0.23338016867637634 0.04538453742861748 0.8855018974437228
img_185 0.2334497570991516 0.0453789047896862 0.8853780718269118
img_186 0.2334497570991516 0.0453789047896862 0.8853780718269118
img_187 0.2334497570991516 0.0453789047896862 0.8853780718269118
img_188 0.2334497570991516 0.0453789047896862 0.8853780718269118
img_189 0.2334497570991516 0.0453789047896862 0.8853780718269118
img_190 0.2334497570991516 0.0453789047896862 0.8853780718269118
