img_0 0.0 0.0 0.0
img_1 7.070560968713835e-05 -0.00012246576079633087 -0.0005356487818062304
img_2 0.0043807197362184525 -0.0009815240046009421 -0.0018739721272140744
img_3 0.01180478185415268 -0.0007505205576308072 -0.0018739730585366492
img_4 0.018906909972429276 -0.0005802376545034349 -0.0018739730585366492
img_5 0.026012616232037544 -0.0005323237855918705 -0.0010705355089157822
img_6 0.03364585340023041 -0.00017325952649116516 -0.0010705364402383566
img_7 0.040716174989938736 -5.836925265612081e-05 0.0008041346445679666
img_8 0.047923821955919266 -5.257362499833107e-05 0.0016071284189820292
img_9 0.05531330034136772 0.0002655179123394191 0.0010713910451158881
img_10 0.06227322295308113 0.0003341675619594753 0.0021419927943497896
img_11 0.06990975141525269 0.0003505247877910733 0.002945501124486328
img_12 0.07711712270975113 0.0004941485822200775 0.0021424982696771626
img_13 0.08436261862516403 0.0006933348486199975 0.002678042510524393
img_14 0.0917484238743782 0.0005294995498843491 0.0037488492671400313
img_15 0.0990300104022026 0.000679253600537777 0.00321324565447867
img_16 0.10634434223175049 0.0008863786933943629 0.003213246585801244
img_17 0.11380256712436676 0.0008491217740811408 0.005355447530746461
img_18 0.12111709266901016 0.0009495022241026163 0.005355447530746461
img_19 0.12871390581130981 0.0011738165048882365 0.007229492533951999
img_20 0.1359969973564148 0.0009815712692216039 0.00669393176212907
img_21 0.14338576793670654 0.0008473547059111297 0.005354998633265496
img_22 0.15084190666675568 0.0009484923211857677 0.005890440195798876
img_23 0.1580522209405899 0.00099096423946321 0.005890442058444024
img_24 0.16561570763587952 0.0009130908874794841 0.006425907835364342
img_25 0.17321473360061646 0.0010231457417830825 0.006693688221275807
img_26 0.18042539060115814 0.0008265701471827924 0.006693691015243531
img_27 0.1878500133752823 0.0007538020727224648 0.005890232045203448
img_28 0.19541111588478088 0.0007983390241861343 0.00562255922704935
img_29 0.2028338462114334 0.0007176382932811975 0.004819294437766076
img_30 0.21022135019302368 0.00044718183926306665 0.0042838379740715036
img_31 0.217752143740654 0.00041820554179139435 0.0034803168382495646
img_32 0.22488971054553986 0.00019826804054901004 0.0024096951819956307
img_33 0.2325955331325531 9.439195127924904e-05 0.003480806015431882
img_34 0.23994694650173187 -2.446584403514862e-06 0.0016066363314166667
img_35 0.247123122215271 0.00019277770479675382 0.0010709987254813316
img_36 0.25482600927352905 -0.00028854800621047616 0.0005356671172194184
img_37 0.26193109154701233 -0.0005908638704568148 -0.001874414272606373
img_38 0.26945844292640686 -0.0005437643267214298 -0.0018744152039289477
img_39 0.27709540724754333 -0.0008030507597140968 -0.003481619991362095
img_40 0.28437238931655884 -0.0010731581132858992 -0.004819857887923718
img_41 0.29179346561431885 -0.000986517989076674 -0.004819856956601145
img_42 0.29921573400497437 -0.0011447409633547068 -0.0056232037022709855
img_43 0.3066735565662384 -0.0014928564196452498 -0.006694531999528409
img_44 0.3140583336353302 -0.0014810957945883274 -0.008032890968024732
img_45 0.321339875459671 -0.00166206038556993 -0.008568543940782549
img_46 0.3287926912307739 -0.0019095097668468952 -0.009639156982302666
img_47 0.3364289402961731 -0.0019831189420074224 -0.009639156982302666
img_48 0.34359943866729736 -0.002235843101516366 -0.010977530851960184
img_49 0.3511299788951874 -0.002257275627925992 -0.011781021021306518
img_50 0.3589032292366028 -0.0022264658473432064 -0.012048663571476936
img_51 0.36615148186683655 -0.002130109816789627 -0.010709679685533048
img_52 0.3736056387424469 -0.0023935826029628515 -0.010977401398122314
img_53 0.38117092847824097 -0.002354178112000227 -0.012851901352405546
img_54 0.3884839415550232 -0.0025093776639550924 -0.012048822827637197
img_55 0.39619022607803345 -0.0026022340171039104 -0.010977535508573057
img_56 0.40347254276275635 -0.0024373214691877365 -0.012316174805164339
img_57 0.41079181432724 -0.0022213663905858994 -0.011512917466461658
img_58 0.41813957691192627 -0.002428376581519842 -0.010174475610256199
img_59 0.4255315065383911 -0.0021973890252411366 -0.011513682082295421
img_60 0.43313130736351013 -0.0019788744393736124 -0.010442961007356645
img_61 0.4407650828361511 -0.002181057585403323 -0.010442958213388922
img_62 0.44776245951652527 -0.002131720306351781 -0.011246041394770145
img_63 0.45508402585983276 -0.0019078557379543781 -0.009638972580432894
img_64 0.4622913897037506 -0.0019773300737142563 -0.008835973218083383
img_65 0.4695385992527008 -0.0018576991278678179 -0.009103742428123953
img_66 0.4769623279571533 -0.0015580401523038745 -0.008300635032355785
img_67 0.48403212428092957 -0.0016167256981134415 -0.00803282856941223
img_68 0.4915607273578644 -0.0014935663202777505 -0.008836004883050919
img_69 0.49874696135520935 -0.0012505835620686412 -0.008567911572754381
img_70 0.5058426856994629 -0.0011279730824753642 -0.006161395460367204
img_71 0.51313316822052 -0.0009277410572394729 -0.005893336143344642
img_72 0.5204081535339355 -0.0006037032580934465 -0.005625869147479534
img_73 0.5272645354270935 -0.0005198565195314586 -0.005358144640922547
img_74 0.5347225666046143 -0.0003761737607419491 -0.005625888705253602
img_75 0.5420050024986267 -0.0002946910972241312 -0.005358094349503518
img_76 0.549320638179779 -0.0001502701488789171 -0.0037518618628382687
img_77 0.5565346479415894 -5.484215944306925e-05 -0.00294820498675108
img_78 0.5637423396110535 4.6295412175823e-05 -0.003751165699213744
img_79 0.5709537267684937 0.00026412788429297507 -0.0021445392630994324
img_80 0.57826828956604 0.00030964406323619187 -0.001341457827948034
img_81 0.585656464099884 0.0006058571161702275 -0.001877033617347479
img_82 0.5928647518157959 0.0005923265125602484 -0.0002709103282541037
img_83 0.6002901792526245 0.0007128014112822711 -0.0002709112595766783
img_84 0.6076027750968933 0.0007720067515037954 -0.00027091219089925295
img_85 0.6150262951850891 0.0007699949201196432 0.0005324955563992262
img_86 0.6221999526023865 0.000835022481624037 0.0008002137183211745
img_87 0.6295885443687439 0.0010246329475194216 0.00026456540217623125
img_88 0.6372559070587158 0.0010878612520173192 0.0024059952702373275
img_89 0.6445373296737671 0.0009829397313296795 0.0034770648926496506
img_90 0.6518527865409851 0.0009471657103858888 0.0018707239069044594
img_91 0.6595600247383118 0.0008391161100007594 0.0021385517902672286
img_92 0.6664495468139648 0.0007926555117592216 0.002941511571407318
img_93 0.6741554141044617 0.0009377776295877993 0.0024059112183749676
img_94 0.6817174553871155 0.0010783863253891468 0.0021382006816565995
img_95 0.6873719692230225 0.001947724842466414 0.004280760884284973
img_96 0.6873008012771606 0.0020698169246315956 0.0032100761309266095
img_97 0.6873008012771606 0.0020698169246315956 0.0032100761309266095
img_98 0.6873008012771606 0.0020698169246315956 0.0032100761309266095
img_99 0.6858794093132019 0.0043918173760175705 0.013118309900164604
img_100 0.6857485175132751 0.01167379692196846 0.014189071953296663
img_101 0.685789167881012 0.018778923898935318 0.013117650523781778
img_102 0.6857587099075317 0.026489777490496635 0.012582334689795973
img_103 0.6857730746269226 0.033776167780160904 0.012582334689795973
img_104 0.6857889890670776 0.04093828797340393 0.010976037010550499
img_105 0.6857443451881409 0.048225998878479004 0.011511763557791712
img_106 0.6859106421470642 0.05526604503393173 0.009638090617954733
img_107 0.6859452724456787 0.06267420947551727 0.008834803476929665
img_108 0.6859542727470398 0.069651760160923 0.007496324833482505
img_109 0.686041533946991 0.07687725871801376 0.007228533271700145
img_110 0.6862755417823792 0.08361172676086426 0.005086897872388363
img_111 0.6865203380584717 0.09108249098062515 0.0021412204951047906
img_112 0.68671715259552 0.09818250685930252 0.0013381363824009897
img_113 0.6867783665657043 0.1052846685051918 -0.0008041723631322384
img_114 0.6869254112243652 0.1123846098780632 -0.0010718846460804345
img_115 0.6871805787086487 0.11954952776432037 -0.002946900669485331
img_116 0.6873443126678467 0.12713943421840668 -0.003214636351913214
img_117 0.6873663663864136 0.1339944303035736 -0.0040177516639232635
img_118 0.6875727772712708 0.14139939844608307 -0.0037500476464629186
img_119 0.6875629425048828 0.14819678664207458 -0.005089260637760163
img_120 0.6877785325050354 0.15584474802017212 -0.005624549929052591
img_121 0.6878198385238647 0.1631915420293808 -0.005624546203762295
img_122 0.687649130821228 0.17053735256195068 -0.005624546203762295
img_123 0.6876211166381836 0.1781308352947235 -0.0042853644117712975
img_124 0.6874411106109619 0.18559817969799042 -0.003482309635728597
img_125 0.687467098236084 0.19306740164756775 -0.001875604270026088
img_126 0.6874106526374817 0.20065726339817047 -0.0021433148067444563
img_127 0.6871793270111084 0.20818984508514404 0.0005350832361727953
img_128 0.6871047616004944 0.2155328094959259 0.0018733094912022352
img_129 0.6868780255317688 0.2233676314353943 0.001873307628557086
img_130 0.6867578625679016 0.2308976799249649 0.0034799578133970503
img_131 0.6865549087524414 0.2384275496006012 0.004015527665615083
img_132 0.6863118410110474 0.24614080786705017 0.005622233264148236
img_133 0.6860921382904053 0.2537901997566223 0.006960724480450155
img_134 0.6859686374664307 0.2613798677921295 0.008299402892589569
img_135 0.6858000755310059 0.2689097225666046 0.009102808311581612
img_136 0.6855190396308899 0.2764960527420044 0.010708845220506193
img_137 0.6853350400924683 0.28377893567085266 0.010708848945796493
img_138 0.6853244304656982 0.2913707196712494 0.010976626537740232
img_139 0.6852077841758728 0.2987789511680603 0.011244446970522405
img_140 0.6852332949638367 0.30594006180763245 0.00963836815208197
img_141 0.6852667927742004 0.31347939372062683 0.009638370014727117
img_142 0.6852295994758606 0.32100144028663635 0.00937088765203953
img_143 0.6852314472198486 0.3283448815345764 0.009638535790145399
img_144 0.6851270794868469 0.33550742268562317 0.009102967567741874
img_145 0.6850602030754089 0.3428552448749542 0.00910297129303217
img_146 0.6852098107337952 0.34971052408218384 0.007497070357203485
img_147 0.6854017376899719 0.3571220934391022 0.005622112192213535
img_148 0.6854681968688965 0.36416032910346985 0.004016085062175989
img_149 0.6855806112289429 0.37138664722442627 0.0029447441920638093
img_150 0.6857720613479614 0.378363698720932 0.0013387383660301568
img_151 0.6859388947486877 0.385772705078125 -3.060558810830117e-07
img_152 0.6861509084701538 0.392749547958374 -0.0008033535559661689
img_153 0.6862980127334595 0.39985132217407227 -0.0026778222527354956
img_154 0.6863173246383667 0.40707316994667053 -0.0026778185274451975
img_155 0.6866544485092163 0.41411566734313965 -0.004285126924514771
img_156 0.6868272423744202 0.42145806550979614 -0.006158650387078524
img_157 0.6869773268699646 0.42861729860305786 -0.006158648524433375
img_158 0.6870218515396118 0.4358420968055725 -0.0069620595313608655
img_159 0.6872127056121826 0.44294437766075134 -0.008033422753214838
img_160 0.6872726678848267 0.45041021704673767 -0.007230414543300868
img_161 0.6872900128364563 0.4576965868473053 -0.006962601095438004
img_162 0.6872014999389648 0.4652864634990692 -0.006694906391203405
img_163 0.6870045065879822 0.47281813621520996 -0.004820496775209905
img_164 0.6869330406188965 0.479979932308197 -0.004017341416329146
img_165 0.6871054768562317 0.48769477009773254 -0.00428517023101449
img_166 0.6869605779647827 0.4951000511646271 -0.003749854862689973
img_167 0.6869890689849854 0.5026904344558716 -0.0029466375708580017
img_168 0.6868304014205933 0.5102797150611877 -0.0007521004881709816
img_169 0.686525821685791 0.5179852247238159 3.1661707907915115e-05
img_170 0.6863842606544495 0.5254517793655396 0.0019054762087762358
img_171 0.6860867738723755 0.5331659913063049 0.0032445010729134096
img_172 0.68570876121521 0.5407547950744629 0.005921720527112484
img_173 0.6856652498245239 0.5481009483337402 0.005921722389757634
img_174 0.6856552958488464 0.5557522773742676 0.005653999280184508
img_175 0.6854702830314636 0.5634667873382568 0.0075287939980626115
img_176 0.6853076219558716 0.5709930658340454 0.007528795860707761
img_177 0.6851457953453064 0.5784000754356384 0.008332140743732454
img_178 0.685012936592102 0.585866391658783 0.008867554366588593
img_179 0.6849119067192078 0.5932737588882446 0.009135333821177484
img_180 0.684842586517334 0.6008632779121399 0.009135337546467781
img_181 0.6848113536834717 0.6081503033638 0.009671011939644815
img_182 0.6846708655357361 0.615369975566864 0.009403365664184095
img_183 0.6849912405014038 0.6226605176925659 0.007260638289153577
img_184 0.6848681569099426 0.6298813223838806 0.00699296221137047
img_185 0.6849581599235535 0.637230396270752 0.006725131534039977
img_186 0.6850875020027161 0.6442683935165405 0.005386925768107177
img_187 0.6850822567939758 0.6518010497093201 0.004315498750656842
img_188 0.68515944480896 0.6584718227386475 0.0035125114955008034
img_189 0.6853803992271423 0.6660031676292419 0.0016380267916247255
img_190 0.6854396462440491 0.6729804277420044 0.0011026398278772833
img_191 0.6856439709663391 0.6800844669342041 -0.000504490570165217
img_192 0.6860716938972473 0.6871855854988098 -0.0037176213227212438
img_193 0.6871363520622253 0.6884057521820068 -0.011748753488063816
img_194 0.6871363520622253 0.6884057521820068 -0.011748753488063816
img_195 0.6871363520622253 0.6884057521820068 -0.011748753488063816
img_196 0.6871017217636108 0.6884673833847046 -0.011481065303087236
img_197 0.6820921897888184 0.6893821358680725 -0.009606435894966127
img_198 0.6747039556503296 0.6891470551490784 -0.00987414922565222
img_199 0.6674908399581909 0.6890957951545715 -0.009874152019619943
img_200 0.6605318188667297 0.6892257332801819 -0.009338853880763054
img_201 0.6530697345733643 0.6888668537139893 -0.010677786543965341
img_202 0.645967423915863 0.6890038847923279 -0.011480972170829775
img_203 0.6385430097579956 0.688966691493988 -0.011480972170829775
img_204 0.6309054493904114 0.6885647177696228 -0.013087129220366478
img_205 0.6235504746437073 0.688416063785553 -0.013622705824673178
img_206 0.6161991953849792 0.688393771648407 -0.014158131554722788
img_207 0.6087028384208679 0.6882550120353699 -0.013622565194964412
img_208 0.6014584302902222 0.6882925033569336 -0.014961122535169128
img_209 0.5938208699226379 0.6882842779159546 -0.014961121603846553
img_210 0.5865402221679688 0.6882708072662354 -0.014425695873796943
img_211 0.5793276429176331 0.6882523894309998 -0.014425697736442089
img_212 0.5718321204185486 0.688115656375885 -0.015496709384024145
img_213 0.5646229386329651 0.6881049871444702 -0.013890619389712814
img_214 0.5573083162307739 0.6881453990936279 -0.013890620321035387
img_215 0.5498849749565125 0.6882485151290894 -0.013890622183680536
img_216 0.5423223376274109 0.6882311701774597 -0.012819865718483927
img_217 0.5349000692367554 0.6883262991905212 -0.01201652362942696
img_218 0.5277982950210571 0.6884728670120239 -0.012016524560749533
img_219 0.5204448699951172 0.6885612607002258 -0.010141612961888313
img_220 0.512850284576416 0.68869948387146 -0.010409252718091013
img_221 0.5056769251823425 0.6889578104019165 -0.009873676113784311
img_222 0.49814924597740173 0.6889709234237671 -0.00826730951666832
img_223 0.49076148867607117 0.6889708042144775 -0.007731751073151829
img_224 0.4834113121032715 0.6891500949859619 -0.006660751067101957
img_225 0.47623690962791443 0.6893815398216248 -0.005321784876286983
img_226 0.4685349762439728 0.6895449161529541 -0.004786431789398194
img_227 0.4612540602684021 0.6895797848701477 -0.005054192617535592
img_228 0.45369189977645874 0.6897404193878174 -0.004786462057381869
img_229 0.446306049823761 0.6899594068527222 -0.0026444238610565667
img_230 0.43888527154922485 0.6901014447212219 -0.0018412740901112559
img_231 0.4313567876815796 0.6902989745140076 -0.0018412731587886812
img_232 0.42397111654281616 0.6904962062835693 0.0003005338367074729
img_233 0.4164433181285858 0.6905551552772522 -0.0013059071497991683
img_234 0.4087732434272766 0.6905039548873901 -0.0010381371248513464
img_235 0.40117311477661133 0.6906955242156982 0.0003008877392858267
img_236 0.39382341504096985 0.6909381151199341 -0.00023448636056855326
img_237 0.3862958550453186 0.6911235451698303 -0.00023448636056855326
img_238 0.3788730800151825 0.6912477016448975 0.0013721822760999205
img_239 0.37134259939193726 0.6914210915565491 0.0013721813447773459
img_240 0.3638879060745239 0.6913496851921082 3.3893622457981116e-05
img_241 0.35657060146331787 0.6914106607437134 0.001640679780393839
img_242 0.3491494059562683 0.6916432976722717 0.0016406788490712645
img_243 0.3417609930038452 0.6916924118995667 0.0013728683115914466
img_244 0.3341996371746063 0.6915596127510071 0.0024436009116470814
img_245 0.3267747759819031 0.6917864084243774 0.0016401067841798067
img_246 0.31967318058013916 0.6918359398841858 0.002443083561956883
img_247 0.3122499883174896 0.6916953325271606 0.0016396706923842434
img_248 0.3047585189342499 0.6915606260299683 0.0013719574781134727
img_249 0.2975112199783325 0.6916118860244751 0.0016397787258028986
img_250 0.2901265323162079 0.6915385723114014 0.002175141125917435
img_251 0.2828435003757477 0.6916452050209045 0.0019073121948167684
img_252 0.2757425010204315 0.6915704607963562 0.0019073121948167684
img_253 0.2683902382850647 0.6913115382194519 0.0013717110268771648
img_254 0.2611464858055115 0.6912403702735901 0.001639405265450478
img_255 0.2539343535900116 0.6911060810089111 0.0016394024714827538
img_256 0.24647964537143707 0.6910326480865479 0.0003011084627360106
img_257 0.23944717645645142 0.6907244920730591 0.0013720033457502723
img_258 0.23227141797542572 0.6907758712768555 0.0003008452476933599
img_259 0.22491905093193054 0.6905287504196167 -0.001038103713653982
img_260 0.21749792993068695 0.6905364394187927 -0.0002349530113860965
img_261 0.2102169692516327 0.6902932524681091 -0.0005027132574468852
img_262 0.20286673307418823 0.6902969479560852 -0.0026443933602422476
img_263 0.19579657912254333 0.689948320388794 -0.0013055328745394945
img_264 0.18840989470481873 0.6898967623710632 -0.00237652100622654
img_265 0.18140916526317596 0.6896684765815735 -0.003983540460467339
img_266 0.1738477647304535 0.6894538402557373 -0.002912955824285746
img_267 0.16631855070590973 0.6894145607948303 -0.005323030054569246
img_268 0.15928496420383453 0.6892683506011963 -0.005858487449586392
img_269 0.15196706354618073 0.6891275644302368 -0.006661842577159404
img_270 0.1444033980369568 0.6889331340789795 -0.007197259459644555
img_271 0.1373322457075119 0.6888615489006042 -0.00746507802978158
img_272 0.12976840138435364 0.688673198223114 -0.008000496774911882
img_273 0.12227511405944824 0.6886107325553894 -0.00826823990792036
img_274 0.11509943008422852 0.6884863972663879 -0.009339205920696259
img_275 0.10763823986053467 0.6883723735809326 -0.009874883107841015
img_276 0.10014808177947998 0.688323974609375 -0.010142511688172817
img_277 0.09289992600679398 0.6883362531661987 -0.010678203776478769
img_278 0.08544372022151947 0.6882323026657104 -0.011213512159883978
img_279 0.07808983325958252 0.6881923079490662 -0.01014227606356144
img_280 0.0708799883723259 0.6881430149078369 -0.010945418849587444
img_281 0.0633811429142952 0.6878576278686523 -0.011213259771466257
img_282 0.056033484637737274 0.6879400014877319 -0.01014272961765528
img_283 0.048685312271118164 0.6882594227790833 -0.009874992072582245
img_284 0.04122567176818848 0.6881493926048279 -0.010410550981760027
img_285 0.03390850871801376 0.6881643533706665 -0.00880384910851717
img_286 0.026418674737215042 0.6883527040481567 -0.008268459700047972
img_287 0.01941779814660549 0.6884105801582336 -0.00746484287083149
img_288 0.011962411925196648 0.6882826685905457 -0.006394293159246446
img_289 0.004434945993125439 0.6886369585990906 -0.0063942959532141685
img_290 -0.0016859318129718304 0.6873908638954163 -0.010677209123969078
img_291 -0.001295178895816207 0.6875703930854797 -0.010409430600702763
img_292 -0.001295178895816207 0.6875703930854797 -0.010409430600702763
img_293 -0.001295178895816207 0.6875703930854797 -0.010409430600702763
img_294 8.735491428524256e-05 0.6846185922622681 -0.02111538127064705
img_295 -3.630723222158849e-05 0.6770887970924377 -0.021383173763751984
img_296 -0.0004786000354215503 0.6696294546127319 -0.020847763866186145
img_297 -0.000597697333432734 0.6622219085693359 -0.021115560084581375
img_298 -0.0005825893604196608 0.6545693874359131 -0.022454047575592998
img_299 -0.0006006940384395421 0.647464394569397 -0.02272189408540726
img_300 -0.0006657510530203581 0.6399359703063965 -0.024328058585524566
img_301 -0.0009739326196722686 0.633083701133728 -0.024863682687282566
img_302 -0.0010213071946054697 0.6254938840866089 -0.0235253106802702
img_303 -0.0012532841647043824 0.6186403632164001 -0.02298974245786667
img_304 -0.001456043915823102 0.6113595962524414 -0.021918920800089836
img_305 -0.0019258387619629502 0.6044482588768005 -0.022722465917468078
img_306 -0.001914686756208539 0.5971642732620239 -0.021651880815625194
img_307 -0.00217049615457654 0.5902496576309204 -0.021651880815625194
img_308 -0.0024288699496537447 0.5832149982452393 -0.020045660436153415
img_309 -0.0027492085937410593 0.5760555863380432 -0.019510002806782722
img_310 -0.0031361838337033987 0.5689014792442322 -0.018439298495650295
img_311 -0.0031257662922143936 0.5617983341217041 -0.01790374703705311
img_312 -0.0033213330898433924 0.5548237562179565 -0.01736837439239025
img_313 -0.00365895195864141 0.547602117061615 -0.016564797610044483
img_314 -0.0038855611346662045 0.5403224229812622 -0.016564801335334778
img_315 -0.003934543579816818 0.5330975651741028 -0.016297010704875
img_316 -0.004120906349271536 0.5259999632835388 -0.01576161198318005
img_317 -0.004204248543828726 0.5184702277183533 -0.015226071700453758
img_318 -0.004384876694530249 0.5112498998641968 -0.01709999702870846
img_319 -0.004334831610321999 0.5038390159606934 -0.016832180321216587
img_320 -0.004531165584921837 0.4963746666908264 -0.01709987223148346
img_321 -0.0044489093124866486 0.48877909779548645 -0.017099874094128616
img_322 -0.004681509919464588 0.4813770651817322 -0.017902890220284465
img_323 -0.004429754801094532 0.47371840476989746 -0.01924180425703526
img_324 -0.004609948955476284 0.4661916196346283 -0.01977725699543953
img_325 -0.004374920856207609 0.4584084451198578 -0.021919975057244304
img_326 -0.004640487022697926 0.4511307179927826 -0.022722907364368442
img_327 -0.004287043586373329 0.4433445334434509 -0.025133190676569942
img_328 -0.004443982616066933 0.43569546937942505 -0.026204001158475883
img_329 -0.004400350619107485 0.42791470885276794 -0.027275351807475093
img_330 -0.004462684504687786 0.4204481542110443 -0.029951829463243488
img_331 -0.004373887088149786 0.41278910636901855 -0.030755179002881054
img_332 -0.004428785759955645 0.4052586555480957 -0.03209375962615013
img_333 -0.004613521974533796 0.3973013460636139 -0.032629333436489105
img_334 -0.004607900977134705 0.3898913562297821 -0.036109492182731635
img_335 -0.004806901793926954 0.38242459297180176 -0.03664504364132882
img_336 -0.004619115497916937 0.37500521540641785 -0.03771610558032991
img_337 -0.00510804308578372 0.3676721453666687 -0.03851940110325813
img_338 -0.0051743034273386 0.360447496175766 -0.03851940110325813
img_339 -0.005452476441860199 0.35322946310043335 -0.040125887840986245
img_340 -0.005577967036515474 0.3456980884075165 -0.03985811024904252
img_341 -0.005936820525676012 0.33847543597221375 -0.04093025997281075
img_342 -0.006015415769070387 0.3313799202442169 -0.04093025997281075
img_343 -0.006306035909801722 0.32428354024887085 -0.04173365607857704
img_344 -0.0069179050624370575 0.31725913286209106 -0.04012624919414521
img_345 -0.007061434909701347 0.310161828994751 -0.04039386287331582
img_346 -0.007564901374280453 0.3029545843601227 -0.03878775984048844
img_347 -0.007656599394977093 0.2960328161716461 -0.03932347148656846
img_348 -0.0082606365904212 0.28876855969429016 -0.03932347148656846
img_349 -0.008242829702794552 0.28202584385871887 -0.03905560076236726
img_350 -0.008675551041960716 0.2745712995529175 -0.038787946105003364
img_351 -0.008936673402786255 0.2678426206111908 -0.03798469901084901
img_352 -0.009460464119911194 0.2605735957622528 -0.03771698847413064
img_353 -0.009803596884012222 0.25335556268692017 -0.03798482567071915
img_354 -0.009795377030968666 0.24612940847873688 -0.03771718218922615
img_355 -0.010345916263759136 0.23904114961624146 -0.03718146309256554
img_356 -0.010303409770131111 0.23163007199764252 -0.0387873724102974
img_357 -0.01069664303213358 0.22423164546489716 -0.038787379860878
img_358 -0.010736655443906784 0.21682140231132507 -0.03905509784817696
img_359 -0.01106603816151619 0.2092972993850708 -0.04119757562875748
img_360 -0.011146610602736473 0.2021947056055069 -0.04119757562875748
img_361 -0.011181785725057125 0.19447579979896545 -0.0425364300608635
img_362 -0.011358080431818962 0.1870100200176239 -0.04441022500395775
img_363 -0.0115647679194808 0.17917391657829285 -0.045481488108634956
img_364 -0.01165994442999363 0.17164218425750732 -0.048158533871173866
img_365 -0.011704707518219948 0.1641046553850174 -0.04976532980799675
img_366 -0.011626494117081165 0.15644216537475586 -0.05324477702379229
img_367 -0.012069162912666798 0.14880050718784332 -0.054583951830863967
img_368 -0.012380711734294891 0.14115534722805023 -0.05538707599043846
img_369 -0.012550527229905128 0.13362324237823486 -0.0572614260017872
img_370 -0.012575537897646427 0.12577727437019348 -0.060473982244729996
img_371 -0.0126035762950778 0.11829350888729095 -0.06368846446275711
img_372 -0.01302378997206688 0.11059427261352539 -0.065026730298996
img_373 -0.013226987794041634 0.10312172025442123 -0.06636577099561691
img_374 -0.01351870410144329 0.09553595632314682 -0.06716877222061157
img_375 -0.013933170586824417 0.08832115679979324 -0.0709187611937523
img_376 -0.014228502288460732 0.08067359030246735 -0.07038345187902452
img_377 -0.014445879496634007 0.07356901466846466 -0.07252582907676695
img_378 -0.014947271905839443 0.06618021428585052 -0.07279352843761444
img_379 -0.015261244960129261 0.058957893401384354 -0.07440060377120973
img_380 -0.015727510675787926 0.05175193399190903 -0.07654178142547609
img_381 -0.016139084473252296 0.04453575611114502 -0.07680964469909671
img_382 -0.01660388894379139 0.03757554292678833 -0.07734489440917969
img_383 -0.017072731629014015 0.030610932037234306 -0.07707709074020386
img_384 -0.017659461125731468 0.02347276359796524 -0.07761258631944656
img_385 -0.018170170485973358 0.016449805349111557 -0.07788039743900299
img_386 -0.01861199177801609 0.009425953030586243 -0.07788039743900299
img_387 -0.019206568598747253 0.0027157715521752834 -0.07734471559524539
img_388 -0.02006881684064865 0.0021073895040899515 -0.07118818163871767
img_389 -0.02006881684064865 0.0021073895040899515 -0.07118818163871767
img_390 -0.02006881684064865 0.0021073895040899515 -0.07118818163871767
img_391 -0.01764887198805809 0.001750672934576869 -0.06315396726131439
img_392 -0.010634582489728928 0.0012457737466320395 -0.05940604582428932
img_393 -0.0037987609393894672 0.0012685502879321575 -0.05967384204268456
img_394 0.003387256059795618 0.0012684145476669073 -0.058603052049875266
img_395 0.010762966237962246 0.0014489851891994476 -0.05967421457171439
img_396 0.017919421195983887 0.001512067625299096 -0.05833533778786659
img_397 0.02526172250509262 0.001757740043103695 -0.05753214657306671
img_398 0.032473884522914886 0.0015876204706728458 -0.059138655662536635
img_399 0.0396379716694355 0.0017767760436981916 -0.05779970064759256
img_400 0.04708019644021988 0.0018369671888649464 -0.056192271411418936
img_401 0.0545508936047554 0.0019681109115481377 -0.057262435555458076
img_402 0.061814889311790466 0.002103474223986268 -0.05672700703144074
img_403 0.06903473287820816 0.002061393577605486 -0.05672700330615044
img_404 0.07654960453510284 0.0022477435413748026 -0.055656075477600105
img_405 0.08391086012125015 0.0022055290173739195 -0.055923856794834144
img_406 0.09149785339832306 0.0019662040285766125 -0.054304454475641264
img_407 0.09871723502874374 0.0023643537424504757 -0.05536685138940812
img_408 0.10617294162511826 0.0021350516472011805 -0.05483137816190721
img_409 0.1134638786315918 0.0021027810871601105 -0.05456358566880227
img_410 0.12093949317932129 0.0022461910266429186 -0.05483130738139153
img_411 0.12828372418880463 0.001965662930160761 -0.054296009242534644
img_412 0.13576863706111908 0.002233408857136965 -0.054563827812671675
img_413 0.1433025300502777 0.0021284716203808784 -0.054563827812671675
img_414 0.15057790279388428 0.0018536999123170972 -0.05429611727595329
img_415 0.15805453062057495 0.001999129541218281 -0.05536716431379319
img_416 0.1655908077955246 0.0018881037831306458 -0.05456361174583436
img_417 0.17284032702445984 0.001798613928258419 -0.05563436076045036
img_418 0.1803131401538849 0.0018117954023182392 -0.05590222030878068
img_419 0.18791399896144867 0.00169287936296314 -0.05643750354647637
img_420 0.19526605308055878 0.0015227135736495256 -0.05670520290732384
img_421 0.20273689925670624 0.0015278916107490659 -0.05777637287974359
img_422 0.2101377695798874 0.000977210933342576 -0.05857943743467332
img_423 0.2174989879131317 0.0009134762804023921 -0.058847222477197654
img_424 0.22458277642726898 0.0009866132168099284 -0.06018571183085442
img_425 0.2321721613407135 0.000590620853472501 -0.0607212632894516
img_426 0.2395000159740448 0.0005743791116401553 -0.06313079595565796
img_427 0.24708974361419678 0.0007082002703100443 -0.06259509921073914
img_428 0.2543303966522217 0.0004383352934382856 -0.06366580724716187
img_429 0.26171427965164185 0.00015162979252636433 -0.06580794602632521
img_430 0.26943421363830566 0.00013362764730118215 -0.06554020941257478
img_431 0.2764585316181183 0.0002861843095161021 -0.06634361296892168
img_432 0.2840813994407654 -9.762687841430306e-05 -0.06714659184217454
img_433 0.29144349694252014 -0.00022445256763603538 -0.06902152299880981
img_434 0.2986510097980499 -0.0005998870474286377 -0.06902152299880981
img_435 0.30638137459754944 -0.0003985945077147335 -0.06955655664205551
img_436 0.31390124559402466 -0.0007384707569144666 -0.07035951316356659
img_437 0.32115983963012695 -0.0008203888428397477 -0.07143067568540575
img_438 0.3287774622440338 -0.0008131741778925061 -0.07116296142339708
img_439 0.3359975516796112 -0.0009595048613846302 -0.07116296142339708
img_440 0.34354108572006226 -0.0010674037039279938 -0.07277032732963563
img_441 0.35118553042411804 -0.0011339745251461864 -0.07196760177612306
img_442 0.3582795262336731 -0.0010316765401512384 -0.07250307500362398
img_443 0.3660122752189636 -0.0014091862831264734 -0.07330629229545593
img_444 0.37348952889442444 -0.0014059068635106087 -0.07196762412786484
img_445 0.38087958097457886 -0.0016317784320563078 -0.07250315696001054
img_446 0.3882729113101959 -0.0013095715548843145 -0.07196771353483201
img_447 0.39587539434432983 -0.0015507220523431897 -0.07330670952796936
img_448 0.4027874171733856 -0.0015060390578582883 -0.07170060276985168
img_449 0.4105857312679291 -0.0014524885918945074 -0.07196831703186037
img_450 0.41800233721733093 -0.0013119939249008894 -0.07089722156524657
img_451 0.4251510500907898 -0.0014513800852000713 -0.0719684287905693
img_452 0.43262797594070435 -0.0014380974462255836 -0.0706298127770424
img_453 0.4399135708808899 -0.0011555006494745612 -0.07089763879776002
img_454 0.4473012387752533 -0.0013733874075114727 -0.07062996923923494
img_455 0.4548282027244568 -0.0011693696724250913 -0.07036218047142029
img_456 0.46187305450439453 -0.0012363757705315948 -0.06982676684856416
img_457 0.46907922625541687 -0.001065167598426342 -0.06955894082784654
img_458 0.47661668062210083 -0.0011608867207542062 -0.06955894082784654
img_459 0.4837593734264374 -0.0008607236668467522 -0.06955894082784654
img_460 0.4911036789417267 -0.00069747882662341 -0.06795261800289155
img_461 0.49833178520202637 -0.0006984422798268497 -0.06795261055231094
img_462 0.5055566430091858 -0.0006994052673690021 -0.06795261055231094
img_463 0.5130519866943359 -0.0004117509815841913 -0.06661365926265718
img_464 0.5199808478355408 -7.649997132830322e-05 -0.06661365926265718
img_465 0.5271996855735779 -0.00018995421123690903 -0.06661365926265718
img_466 0.5343558192253113 0.0003754344943445176 -0.06741676479578018
img_467 0.5416613817214966 -5.6458229664713144e-05 -0.06580980867147444
img_468 0.5490118265151978 0.00025641953106969595 -0.065006785094738
img_469 0.5565003156661987 0.0004440112388692796 -0.06527464091777802
img_470 0.5634029507637024 0.00042207137448713183 -0.06366872787475587
img_471 0.5709359645843506 0.0008006765274330974 -0.06340093910694122
img_472 0.5784753561019897 0.0007513645687140524 -0.06340093910694122
img_473 0.585536003112793 0.000977732939645648 -0.061259288340806975
img_474 0.5930134654045105 0.0010710989590734243 -0.06152705103158951
img_475 0.6002952456474304 0.0014199564466252923 -0.06099146232008935
img_476 0.6077489256858826 0.0011487447191029787 -0.060456033796072006
img_477 0.6151341795921326 0.0014379454078152776 -0.0599203184247017
img_478 0.6222552061080933 0.0015624277293682098 -0.0599203184247017
img_479 0.6299635767936707 0.001345377299003303 -0.05804539844393729
img_480 0.6373818516731262 0.0017112139612436295 -0.05858074128627778
img_481 0.644539475440979 0.0017821338260546327 -0.05804510042071344
img_482 0.6520382761955261 0.0017141620628535748 -0.05697447061538698
img_483 0.6594386696815491 0.0017213536193594337 -0.05831345170736313
img_484 0.6666572690010071 0.00166782783344388 -0.057510260492563255
img_485 0.6681531667709351 0.0030533678364008665 -0.06902389973402025
img_486 0.6680347323417664 0.002877498045563698 -0.06822077929973604
img_487 0.6680347323417664 0.002877498045563698 -0.06822077929973604
img_488 0.6680347323417664 0.002877498045563698 -0.06822077929973604
img_489 0.6671712398529053 0.006310930475592613 -0.058314882218837745
img_490 0.6675431132316589 0.013893535360693932 -0.058582652360200896
img_491 0.6681318283081055 0.020912211388349533 -0.05911824479699136
img_492 0.6683540940284729 0.028255973011255264 -0.05831519514322282
img_493 0.668838620185852 0.035342082381248474 -0.05885078758001328
img_494 0.6691784858703613 0.042312219738960266 -0.059118516743183136
img_495 0.6695492267608643 0.04977208375930786 -0.05858298391103745
img_496 0.670232892036438 0.05659979209303856 -0.05831523612141609
img_497 0.6706221699714661 0.06387428194284439 -0.0588507428765297
img_498 0.6709936857223511 0.0707811564207077 -0.05938619375228883
img_499 0.67142254114151 0.07799430191516876 -0.059386190026998534
img_500 0.6718292832374573 0.08483558148145676 -0.05938618630170823
img_501 0.6723992824554443 0.09204009920358658 -0.060457505285739906
img_502 0.6726629734039307 0.09932047873735428 -0.05911906063556672
img_503 0.6732871532440186 0.10627618432044983 -0.0599225163459778
img_504 0.6735153198242188 0.11361949890851974 -0.058316472917795174
img_505 0.6738587617874146 0.12071478366851807 -0.05858430266380312
img_506 0.6740843057632446 0.1281815469264984 -0.05617493018507957
img_507 0.6741120219230652 0.13559846580028534 -0.054836243391036994
img_508 0.6744306087493896 0.14269211888313293 -0.05269441753625871
img_509 0.6747534275054932 0.15015538036823273 -0.05296222493052483
img_510 0.6753283143043518 0.15766245126724243 -0.051891591399908066
img_511 0.6750803589820862 0.16515353322029114 -0.04867867380380631
img_512 0.6753408908843994 0.1726800948381424 -0.04867867380380631
img_513 0.6753572225570679 0.1802806556224823 -0.04600061103701592
img_514 0.6753969788551331 0.18805992603302002 -0.043591335415840156
img_515 0.6753586530685425 0.19529324769973755 -0.04010995104908943
img_516 0.6754280924797058 0.2031913697719574 -0.03984227776527404
img_517 0.6752640008926392 0.2106134444475174 -0.03555681183934212
img_518 0.6752225160598755 0.21839220821857452 -0.033147692680358894
img_519 0.6754700541496277 0.22585782408714294 -0.033147688955068595
img_520 0.6755470037460327 0.23350927233695984 -0.031006300821900364
img_521 0.6755293607711792 0.24092288315296173 -0.02993495762348175
img_522 0.6756858825683594 0.24851061403751373 -0.029399579390883446
img_523 0.6756635308265686 0.2561672627925873 -0.027525160461664196
img_524 0.6757243871688843 0.26351410150527954 -0.02565095014870167
img_525 0.6757408380508423 0.27104565501213074 -0.02511545084416867
img_526 0.6759898066520691 0.2781415283679962 -0.024044625461101532
img_527 0.6759293675422668 0.28592050075531006 -0.02377684786915779
img_528 0.6761997938156128 0.29283255338668823 -0.02377684600651265
img_529 0.6763773560523987 0.3002999722957611 -0.0237768441438675
img_530 0.6766167879104614 0.3073963522911072 -0.02511540800333023
img_531 0.6769427061080933 0.31473931670188904 -0.02618683129549026
img_532 0.6771687269210815 0.32201817631721497 -0.025651507079601288
img_533 0.6773846745491028 0.32905668020248413 -0.025919329375028607
img_534 0.6775381565093994 0.3363419771194458 -0.026454983279109005
img_535 0.6779346466064453 0.3433104455471039 -0.028061002492904663
img_536 0.6782078742980957 0.3505263328552246 -0.028596296906471252
img_537 0.6786194443702698 0.3574974834918976 -0.02939971163868904
img_538 0.6787647008895874 0.36484116315841675 -0.030470542609691627
img_539 0.6790107488632202 0.37175434827804565 -0.030738294124603275
img_540 0.679474413394928 0.3787839114665985 -0.031809393316507346
img_541 0.6797453761100769 0.38618722558021545 -0.03207718208432198
img_542 0.6800731420516968 0.3930957615375519 -0.03288020938634873
img_543 0.6801773905754089 0.40056484937667847 -0.031809188425540924
img_544 0.680611252784729 0.40753284096717834 -0.032612394541502
img_545 0.6806095242500305 0.4150671362876892 -0.03154129534959794
img_546 0.6807332634925842 0.4223509728908539 -0.030738105997443203
img_547 0.6808549165725708 0.42975881695747375 -0.02993474900722504
img_548 0.6808329820632935 0.43729138374328613 -0.02886388823390007
img_549 0.6808701157569885 0.4447013735771179 -0.02672164142131806
img_550 0.6811739802360535 0.4521016478538513 -0.02672163955867291
img_551 0.6813094019889832 0.4598153233528137 -0.02618604525923729
img_552 0.6809734106063843 0.46723300218582153 -0.02217021770775318
img_553 0.6809636354446411 0.47476571798324585 -0.022438004612922672
img_554 0.6808540225028992 0.4824819564819336 -0.0202963873744011
img_555 0.680830180644989 0.4900146424770355 -0.018154079094529155
img_556 0.6805804371833801 0.4976707696914673 -0.015209456905722622
img_557 0.6802735924720764 0.5053920149803162 -0.013602428138256071
img_558 0.6804096698760986 0.5127959847450256 -0.01226403657346964
img_559 0.6803975105285645 0.5204493403434753 -0.01146071869879961
img_560 0.6803792119026184 0.528099536895752 -0.010657725855708124
img_561 0.6801760196685791 0.535572350025177 -0.00931863393634558
img_562 0.6803869605064392 0.5430389046669006 -0.009586376138031484
img_563 0.6803171634674072 0.5505092144012451 -0.008515232242643833
img_564 0.6802045702934265 0.5580387711524963 -0.0071766963228583345
img_565 0.6802921891212463 0.5653240084648132 -0.00664112437516451
img_566 0.6801655292510986 0.5728535056114197 -0.006908837705850603
img_567 0.6802145838737488 0.5799565315246582 -0.005301851313561203
img_568 0.680218517780304 0.5873621106147766 -0.005837235134094954
img_569 0.6807197332382202 0.5945212841033936 -0.008514617569744587
img_570 0.6805702447891235 0.6018678545951843 -0.0077114622108638295
img_571 0.6810134649276733 0.6089072823524475 -0.010657892562448978
img_572 0.680950403213501 0.6162518858909607 -0.010390226729214191
img_573 0.6812003254890442 0.623292088508606 -0.010925922542810442
img_574 0.6813485026359558 0.6303887367248535 -0.011461176909506323
img_575 0.6815741658210754 0.6377353072166443 -0.013336126692593098
img_576 0.6817723512649536 0.6446486115455627 -0.013336123898625377
img_577 0.6819409728050232 0.6519931554794312 -0.013871636241674425
img_578 0.6823549270629883 0.658905029296875 -0.017084423452615738
img_579 0.6825490593910217 0.666128396987915 -0.016816591843962673
img_580 0.6829853057861328 0.6731594204902649 -0.01922549679875374
img_581 0.6831948757171631 0.680380642414093 -0.019761024042963985
img_582 0.6840273141860962 0.6867314577102661 -0.025115648284554485
img_583 0.6844298839569092 0.6872726082801819 -0.028061669319868095
img_584 0.6844298839569092 0.6872726082801819 -0.028061669319868095
img_585 0.6844298839569092 0.6872726082801819 -0.028061669319868095
img_586 0.6824586987495422 0.6875728368759155 -0.03395104780793191
img_587 0.6748011708259583 0.6881392598152161 -0.03609385713934899
img_588 0.667627215385437 0.6882146000862122 -0.03636150807142258
img_589 0.6603725552558899 0.6881721019744873 -0.03689723089337348
img_590 0.6525635123252869 0.6882766485214233 -0.03716487064957619
img_591 0.6453816890716553 0.6882373690605164 -0.03582597896456719
img_592 0.6382343769073486 0.6881260275840759 -0.03716462105512619
img_593 0.6304442286491394 0.6879255175590515 -0.03689680621027947
img_594 0.6229866147041321 0.6880170702934265 -0.0366291105747223
img_595 0.6157766580581665 0.6881587505340576 -0.03743240237236022
img_596 0.6081725358963013 0.6881372332572937 -0.03770012408494949
img_597 0.6007785797119141 0.6881097555160522 -0.03555784747004509
img_598 0.5933623909950256 0.6883735656738281 -0.036360971629619605
img_599 0.5859243273735046 0.688153862953186 -0.0363609753549099
img_600 0.5783651471138 0.6883063912391663 -0.03529049456119539
img_601 0.5708485245704651 0.6887555122375488 -0.03529049456119539
img_602 0.5637005567550659 0.6886403560638428 -0.03421946614980698
img_603 0.5562717914581299 0.688649594783783 -0.03341592103242875
img_604 0.5489182472229004 0.6886504888534546 -0.03234519809484482
img_605 0.5413832664489746 0.68858802318573 -0.0315418466925621
img_606 0.5339668393135071 0.6888220310211182 -0.030738802626729022
img_607 0.5266484618186951 0.6889857649803162 -0.02913143299520016
img_608 0.5189874768257141 0.6892701983451843 -0.028060911223292354
img_609 0.5117419958114624 0.6894122958183289 -0.02779311127960682
img_610 0.5045331716537476 0.6894902586936951 -0.026990056037902832
img_611 0.49707210063934326 0.6895079612731934 -0.025918848812580112
img_612 0.48961758613586426 0.6896399855613708 -0.02484812587499619
img_613 0.48233747482299805 0.6898209452629089 -0.024312503635883338
img_614 0.47474294900894165 0.6900668740272522 -0.02217063866555691
img_615 0.46724870800971985 0.6901105642318726 -0.02324173226952553
img_616 0.459862619638443 0.6902210116386414 -0.021902987733483315
img_617 0.45223113894462585 0.6903882026672363 -0.021099820733070377
img_618 0.4450553357601166 0.6903559565544128 -0.02056440338492394
img_619 0.4377404451370239 0.690567672252655 -0.02056440152227879
img_620 0.4299677908420563 0.6907275319099426 -0.01949356310069561
img_621 0.4224393665790558 0.6908130645751953 -0.019493564963340763
img_622 0.4152659773826599 0.690891683101654 -0.018958145752549175
img_623 0.407664030790329 0.6908521056175232 -0.01922593265771866
img_624 0.4004172384738922 0.6908077597618103 -0.018155038356781006
img_625 0.3928200602531433 0.6910069584846497 -0.019226154312491417
img_626 0.3852930963039398 0.69109046459198 -0.019226156175136566
img_627 0.3776959776878357 0.6912977695465088 -0.018690589815378193
img_628 0.37048888206481934 0.6914324760437012 -0.020296731963753707
img_629 0.3629527986049652 0.6912791728973389 -0.020296731963753707
img_630 0.3556397259235382 0.69136643409729 -0.019493773579597473
img_631 0.3480750322341919 0.6913914680480957 -0.02083258703351021
img_632 0.34099867939949036 0.6910491585731506 -0.020297158509492874
img_633 0.33347052335739136 0.6912632584571838 -0.020297156646847725
img_634 0.32619425654411316 0.6914109587669373 -0.02136773243546486
img_635 0.3191157877445221 0.6910723447799683 -0.02083215489983559
img_636 0.3116524815559387 0.6907992959022522 -0.02136755920946598
img_637 0.30426591634750366 0.6910184025764465 -0.022438976913690574
img_638 0.297153502702713 0.6906270980834961 -0.022438978776335716
img_639 0.28993797302246094 0.690544068813324 -0.022438982501626018
img_640 0.28265899419784546 0.6905850172042847 -0.02270663902163506
img_641 0.27523064613342285 0.6905087232589722 -0.023510180413723
img_642 0.2681465148925781 0.6904299855232239 -0.023778375238180164
img_643 0.26087942719459534 0.6904805898666382 -0.024045595899224285
img_644 0.25380033254623413 0.6901609301567078 -0.023510038852691647
img_645 0.24637208878993988 0.6899682283401489 -0.02511645667254925
img_646 0.23923282325267792 0.6900251507759094 -0.025651894509792335
img_647 0.23201215267181396 0.6898428201675415 -0.02565189264714718
img_648 0.2245158851146698 0.6896678805351257 -0.026722405105829253
img_649 0.21754968166351318 0.6896703243255615 -0.027793591842055324
img_650 0.21015526354312897 0.689447283744812 -0.026455081999301914
img_651 0.20282591879367828 0.6890900135040283 -0.028061877936124805
img_652 0.19586181640625 0.6891018152236938 -0.028329594060778625
img_653 0.18815164268016815 0.6890752911567688 -0.029400810599327087
img_654 0.18106281757354736 0.6884266138076782 -0.028865458443760875
img_655 0.1737845093011856 0.6886367797851562 -0.029936557635664943
img_656 0.16615080833435059 0.6887428760528564 -0.03073973953723908
img_657 0.15875203907489777 0.6885415315628052 -0.031007578596472744
img_658 0.15164460241794586 0.6884558796882629 -0.031810540705919266
img_659 0.14396795630455017 0.6883938908576965 -0.03154274076223374
img_660 0.13671812415122986 0.6883164644241333 -0.032078128308057785
img_661 0.12946613132953644 0.6882429122924805 -0.03341699019074439
img_662 0.1220364049077034 0.6881238222122192 -0.03341699019074439
img_663 0.11443071812391281 0.6880717873573303 -0.032078072428703315
img_664 0.10707608610391617 0.688062846660614 -0.034219846129417426
img_665 0.09957852959632874 0.6880744695663452 -0.03368428722023964
img_666 0.092153400182724 0.6880797147750854 -0.03288114070892335
img_667 0.08473453670740128 0.6883237361907959 -0.033684484660625465
img_668 0.07744775712490082 0.688201904296875 -0.033149141818284995
img_669 0.06998035311698914 0.6881431341171265 -0.032881248742342
img_670 0.06245731934905052 0.6883293390274048 -0.032881248742342
img_671 0.05516786873340607 0.6882016062736511 -0.03154237940907479
img_672 0.04767623543739319 0.6883155107498169 -0.0310069676488638
img_673 0.04032750427722931 0.688543438911438 -0.030739184468984607
img_674 0.03300626948475838 0.6884623765945435 -0.029936015605926517
img_675 0.02537449076771736 0.6886909008026123 -0.029132647439837463
img_676 0.018413886427879333 0.6888325214385986 -0.027794050052762042
img_677 0.010879493318498135 0.6887357831001282 -0.027794053778052333
img_678 0.0033541633747518063 0.6888837814331055 -0.02699096687138081
img_679 -0.004026188049465418 0.6892668008804321 -0.0248485878109932
img_680 -0.005777011625468731 0.6885143518447876 -0.01815568283200264
img_681 -0.005811244249343872 0.6885762214660645 -0.017084466293454174
img_682 -0.0057405815459787846 0.688575029373169 -0.017619866877794266
img_683 -0.005777003243565559 0.6885144114494324 -0.01735207624733448
img_684 -0.004660695791244507 0.6835979223251343 -0.026453953236341473
img_685 -0.004962691571563482 0.6761943101882935 -0.025650495663285266
img_686 -0.005092954728752375 0.6683619618415833 -0.02698882482945919
img_687 -0.004937861114740372 0.6610079407691956 -0.028863394632935527
img_688 -0.00494495639577508 0.6534152030944824 -0.030469689518213276
img_689 -0.004852644633501768 0.6459993124008179 -0.03288025408983229
img_690 -0.005272603593766689 0.6386049389839172 -0.0331478975713253
img_691 -0.005204211920499802 0.6310663819313049 -0.03475495427846908
img_692 -0.0052433074451982975 0.623835563659668 -0.03314749151468277
img_693 -0.005519850179553032 0.6165614724159241 -0.03528789803385735
img_694 -0.006052863784134388 0.6094759702682495 -0.034752480685710914
img_695 -0.006129382643848658 0.602187991142273 -0.03528809547424317
img_696 -0.0063423761166632175 0.5951531529426575 -0.033949702978134155
img_697 -0.006625059526413679 0.5878714323043823 -0.03528890013694764
img_698 -0.006842380855232477 0.5807141661643982 -0.03475353494286537
img_699 -0.007188743911683559 0.5738037824630737 -0.033146839588880546
img_700 -0.0073866830207407475 0.5667681694030762 -0.03341453522443772
img_701 -0.007769391871988773 0.5595517158508301 -0.03234328329563141
img_702 -0.008098993450403214 0.5526427626609802 -0.03314637392759323
img_703 -0.008546357043087482 0.5455512404441833 -0.030736139044165615
img_704 -0.00876452773809433 0.5384553074836731 -0.03153919056057931
img_705 -0.008888286538422108 0.5311698317527771 -0.031539194285869605
img_706 -0.009145554155111313 0.5241360664367676 -0.03127149865031243
img_707 -0.00930081121623516 0.5169113278388977 -0.031003652140498165
img_708 -0.009948423132300377 0.5097069144248962 -0.030200673267245293
img_709 -0.009883916936814785 0.5024768114089966 -0.030736278742551807
img_710 -0.010250929743051529 0.49513959884643555 -0.029665408656001098
img_711 -0.010398130863904953 0.487796425819397 -0.03180694207549096
img_712 -0.010498248040676117 0.4802035987377167 -0.03207474574446679
img_713 -0.010376636870205402 0.4729715883731842 -0.03314588218927384
img_714 -0.010420301929116249 0.46525704860687256 -0.03475208207964898
img_715 -0.010887544602155685 0.45792174339294434 -0.03555547073483467
img_716 -0.010846029035747051 0.4501417577266693 -0.03635863959789277
img_717 -0.010905602015554905 0.4426693320274353 -0.03796542435884476
img_718 -0.011014778167009354 0.4351406395435333 -0.040106810629367835
img_719 -0.01118287444114685 0.4274240732192993 -0.04037469625473023
img_720 -0.011168974451720715 0.41989102959632874 -0.043586328625679016
img_721 -0.011407156474888325 0.4119962453842163 -0.04438966140151024
img_722 -0.011418073438107967 0.40458348393440247 -0.04599590972065926
img_723 -0.011360320262610912 0.3966149091720581 -0.048405490815639496
img_724 -0.011503973975777626 0.38926637172698975 -0.05161892622709275
img_725 -0.011664355173707008 0.3813669681549072 -0.0518866889178753
img_726 -0.011929905973374844 0.374209463596344 -0.054296229034662254
img_727 -0.012072834186255932 0.3663690388202667 -0.05483179911971093
img_728 -0.012263665907084942 0.35902321338653564 -0.05804450809955597
img_729 -0.012478167191147804 0.3516756296157837 -0.058847948908805854
img_730 -0.01277620904147625 0.3442137837409973 -0.060721732676029205
img_731 -0.013073533773422241 0.3369930386543274 -0.06098955869674683
img_732 -0.013528606854379177 0.32954081892967224 -0.06179257109761238
img_733 -0.01374035608023405 0.32268428802490234 -0.06339915096759798
img_734 -0.014150707051157951 0.3151048719882965 -0.06232823431491853
img_735 -0.014546321704983711 0.30819839239120483 -0.06339928507804872
img_736 -0.014933384954929352 0.3009859025478363 -0.06313157081604005
img_737 -0.015381458215415478 0.2938978970050812 -0.06393495202064516
img_738 -0.01582728885114193 0.2869342267513275 -0.06313177943229675
img_739 -0.01615801639854908 0.2800212502479553 -0.06473889946937562
img_740 -0.016766149550676346 0.27282509207725525 -0.06366835534572601
img_741 -0.017171131446957588 0.26591721177101135 -0.06473970413208006
img_742 -0.01752857305109501 0.258765310049057 -0.06393670290708543
img_743 -0.01797459088265896 0.25179892778396606 -0.06474018841981889
img_744 -0.018379179760813713 0.24446596205234528 -0.06447251886129379
img_745 -0.019001299515366554 0.23757323622703552 -0.06554368883371355
img_746 -0.019333286210894585 0.2303573340177536 -0.06581138819456102
img_747 -0.019675420597195625 0.22301578521728516 -0.06607922166585924
img_748 -0.01997191458940506 0.21586014330387115 -0.06741748005151751
img_749 -0.0206471998244524 0.20848198235034943 -0.06688199937343597
img_750 -0.020887205377221107 0.20119702816009521 -0.06955950707197191
img_751 -0.021053774282336235 0.19371908903121948 -0.07143453508615495
img_752 -0.02125636860728264 0.18643271923065186 -0.07223752140998842
img_753 -0.021579669788479805 0.1785360723733902 -0.07411237806081773
img_754 -0.022105252370238304 0.17145738005638123 -0.07571823894977571
img_755 -0.02237626537680626 0.16367873549461365 -0.07812874764204027
img_756 -0.022677214816212654 0.15621283650398254 -0.08027026057243347
img_757 -0.022882774472236633 0.14836782217025757 -0.08348350971937181
img_758 -0.022942006587982178 0.1408795267343521 -0.08696371316909791
img_759 -0.02346065081655979 0.13330236077308655 -0.08803510665893556
img_760 -0.023686440661549568 0.1255200058221817 -0.09151481091976166
img_761 -0.024209927767515182 0.11788143217563629 -0.09285399317741397
img_762 -0.024450523778796196 0.11034393310546875 -0.09633371978998187
img_763 -0.025028297677636147 0.10289470851421356 -0.09901191294193269
img_764 -0.025368602946400642 0.09517981857061386 -0.10142089426517488
img_765 -0.025615982711315155 0.08751168847084045 -0.10463465005159378
img_766 -0.026031583547592163 0.08017147332429886 -0.10731127113103867
img_767 -0.02652188017964363 0.07264968007802963 -0.10891809314489366
img_768 -0.027236681431531906 0.06546278297901154 -0.11105966567993167
img_769 -0.027770021930336952 0.05812826380133629 -0.11239887773990632
img_770 -0.02832658216357231 0.05067729577422142 -0.11454032361507416
img_771 -0.029025912284851074 0.0436706580221653 -0.1161470115184784
img_772 -0.029539909213781357 0.03652069717645645 -0.11855646222829822
img_773 -0.03005686029791832 0.029490740969777107 -0.12016340345144273
img_774 -0.03075442649424076 0.022239910438656807 -0.12069871276617054
img_775 -0.03159492835402489 0.015310121700167656 -0.12230566889047624
img_776 -0.032305847853422165 0.008367993868887424 -0.12257336080074313
img_777 -0.033290211111307144 0.0026903916150331497 -0.11882416903972627
img_778 -0.03338821232318878 0.002763728378340602 -0.11882416903972627
