img_0 0.0 0.0 0.0
img_1 0.0 0.0 0.0
img_2 0.0 0.0 0.0
img_3 0.0 0.0 0.0
img_4 0.001908059581182897 -1.5665664598873974e-10 0.0072274995036423215
img_5 0.015333720482885838 0.0004993972252123058 0.010708530433475973
img_6 0.015333720482885838 0.0004993972252123058 0.010708530433475973
img_7 0.02258407324552536 0.000883506378158927 0.011244677938520907
img_8 0.02258407324552536 0.000883506378158927 0.011244677938520907
img_9 0.030036069452762604 0.0007838174933567643 0.010174679569900036
img_10 0.03699754923582077 0.0007934432942420244 0.012048567645251751
img_11 0.03699754923582077 0.0007934432942420244 0.012048567645251751
img_12 0.04427698254585266 0.0011261113686487079 0.01151290535926819
img_13 0.051846642047166824 0.0012132636038586497 0.012048886157572273
img_14 0.05887167155742645 0.0012367644812911749 0.012583741918206217
img_15 0.06613916903734207 0.0014516761293634772 0.01258374471217394
img_16 0.07388534396886826 0.0016098815249279141 0.013646073639392856
img_17 0.08848128467798233 0.0016331811202690005 0.015520434826612473
img_18 0.09597643464803696 0.0017495178617537022 0.014984696172177795
img_19 0.10304278135299683 0.001733024138957262 0.015252321958541872
img_20 0.12531353533267975 0.0015849611954763532 0.01605578698217869
img_21 0.13294604420661926 0.0017075171926990151 0.016858974471688274
img_22 0.14015747606754303 0.0017066494328901172 0.016055680811405182
img_23 0.14015747606754303 0.0017066494328901172 0.016055680811405182
img_24 0.14772248268127441 0.0017056635115295649 0.01659122481942177
img_25 0.155075803399086 0.001582813449203968 0.017126649618148807
img_26 0.16242779791355133 0.0015862967120483518 0.015252492390573025
img_27 0.17013806104660034 0.0013365305494517088 0.015520270913839342
img_28 0.17013806104660034 0.0013365305494517088 0.015520270913839342
img_29 0.17735034227371216 0.0012036041589453816 0.016323452815413475
img_30 0.18474170565605164 0.0010181195102632046 0.014181261882185938
img_31 0.19220082461833954 0.0009402423165738583 0.013913517817854883
img_32 0.19951927661895752 0.0008583933813497424 0.013913517817854883
img_33 0.20705027878284454 0.000657097261864692 0.012307142838835716
img_34 0.20705027878284454 0.000657097261864692 0.012307142838835716
img_35 0.21475814282894135 0.0005070603219792247 0.011771595105528833
img_36 0.22182662785053253 0.0004678493132814765 0.011236175894737245
img_37 0.22914719581604004 0.00012155689182691276 0.010432904586195944
img_38 0.22914719581604004 0.00012155689182691276 0.010432904586195944
img_39 0.23674632608890533 0.00013962032971903682 0.009897393174469473
img_40 0.24402779340744019 8.925297879613936e-05 0.008558651432394981
img_41 0.25148946046829224 -0.00027546301134862006 0.008290868252515795
img_42 0.2589491307735443 -0.0005197050049901009 0.006416614167392255
img_43 0.2589491307735443 -0.0005197050049901009 0.006416614167392255
img_44 0.2661224603652954 -0.00053488026605919 0.005881229415535927
img_45 0.2736871838569641 -0.0007352581596933305 0.005613480694592
img_46 0.28114718198776245 -0.0008770746644586325 0.0037388009950518617
img_47 0.2884981632232666 -0.0010944148525595665 0.002667979802936316
img_48 0.2960967421531677 -0.0012577751185745 0.0029357098974287497
img_49 0.2960967421531677 -0.0012577751185745 0.0029357098974287497
img_50 0.30345067381858826 -0.0014811138389632106 0.0018644356168806557
img_51 0.3106933832168579 -0.0014064157148823142 0.0015967779327183964
img_52 0.31843605637550354 -0.0017002149252220988 0.0015967770013958216
img_53 0.3257979154586792 -0.0016884601209312677 -0.0010845635551959276
img_54 0.3257979154586792 -0.0016884601209312677 -0.0010845635551959276
img_55 0.3331739008426666 -0.0017575882375240326 -1.5102908946573734e-05
img_56 0.3407016694545746 -0.0016964887036010623 -1.5102908946573734e-05
img_57 0.3480524718761444 -0.0018190225819125772 -0.0010860225884243844
img_58 0.3480524718761444 -0.0018190225819125772 -0.0010860225884243844
img_59 0.355721116065979 -0.0017661422025412321 0.00025257829111069446
img_60 0.36296817660331726 -0.0018255424220114946 -1.523375976830721e-05
img_61 0.3703179955482483 -0.0019480612827464938 -0.001086011063307524
img_62 0.37784627079963684 -0.0017725893994793296 -0.0010860101319849493
img_63 0.37784627079963684 -0.0017725893994793296 -0.0010860101319849493
img_64 0.3851974308490753 -0.0017805729294195771 -0.0005505236331373454
img_65 0.3927270174026489 -0.0018459470011293888 -0.0005505227018147708
img_66 0.40028899908065796 -0.001605297438800335 -1.5131721738725904e-05
img_67 0.4075342118740082 -0.0014217622810974717 -0.0002828734868671745
img_68 0.4147091209888458 -0.001607447862625122 0.0007881755009293557
img_69 0.4147091209888458 -0.001607447862625122 0.0007881755009293557
img_70 0.42237773537635803 -0.0012953468831256032 0.0013236381346359851
img_71 0.429339736700058 -0.0011024929117411375 0.0015913788229227066
img_72 0.4369034469127655 -0.0010904561495408416 0.0021269007120281462
img_73 0.44414880871772766 -0.0010138287907466292 0.0018591417465358975
img_74 0.44414880871772766 -0.0010138287907466292 0.0018591417465358975
img_75 0.4513932466506958 -0.0008167256601154804 0.0015914121177047495
img_76 0.4587796926498413 -0.000743756303563714 0.00346562871709466
img_77 0.46592026948928833 -0.0007190101314336061 0.003197828773409128
img_78 0.4732707440853119 -0.0004506415280047804 0.0029300812166184187
img_79 0.4732707440853119 -0.0004506415280047804 0.0029300812166184187
img_80 0.48037299513816833 -0.00024621214834041893 0.003733204910531641
img_81 0.48772352933883667 -9.634367597755045e-05 0.004268682561814786
img_82 0.49514561891555786 0.0001802436454454437 0.0050720591098070145
img_83 0.502106785774231 0.0003991908743046224 0.006143002770841122
img_84 0.502106785774231 0.0003991908743046224 0.006143002770841122
img_85 0.5093178153038025 0.00032104674028232694 0.005339701659977436
img_86 0.516631543636322 0.0005437207291834056 0.006142821162939072
img_87 0.523806095123291 0.0006490135565400124 0.007213884964585305
img_88 0.5310154557228088 0.00070102175232023 0.007213886827230453
img_89 0.5310154557228088 0.00070102175232023 0.007213886827230453
img_90 0.5384001731872559 0.001182893174700439 0.007481686770915987
img_91 0.5455029010772705 0.0011748295510187745 0.008284772746264935
img_92 0.5528546571731567 0.0012357382802292705 0.008017000742256641
img_93 0.5602399706840515 0.0013561591040343046 0.00828472897410393
img_94 0.5602399706840515 0.0013561591040343046 0.00828472897410393
img_95 0.5674158334732056 0.0014768445398658514 0.00935602281242609
img_96 0.5749077796936035 0.001424529473297298 0.01042679324746132
img_97 0.5821532011032104 0.0015613068826496601 0.010159004479646684
img_98 0.5893951654434204 0.0018185096560046077 0.009891299530863764
img_99 0.5893951654434204 0.0018185096560046077 0.009891299530863764
img_100 0.5968542695045471 0.0017086289590224624 0.010426818393170835
img_101 0.6042049527168274 0.0017852754099294543 0.010962299071252348
img_102 0.6115213632583618 0.0018042621668428183 0.01096230000257492
img_103 0.6192002296447754 0.0015191435813903809 0.011769887991249565
img_104 0.6265109777450562 0.0014834454050287604 0.011503650806844236
img_105 0.6265109777450562 0.0014834454050287604 0.011503650806844236
img_106 0.6338613629341125 0.00169046048540622 0.012039219029247757
img_107 0.641321063041687 0.0015965959755703807 0.01257476769387722
img_108 0.6486374735832214 0.001627380377613008 0.012574770487844944
img_109 0.6562339663505554 0.001784122665412724 0.01203933730721474
img_110 0.6562339663505554 0.001784122665412724 0.01203933730721474
img_111 0.6636250019073486 0.0014445839915424585 0.012307078577578068
img_112 0.6709434986114502 0.0013509764103218913 0.011503747664391996
img_113 0.678646981716156 0.0014395988546311855 0.011771471239626408
img_114 0.6858247518539429 0.0012179930927231908 0.010432714596390726
img_115 0.6858247518539429 0.0012179930927231908 0.010432714596390726
img_116 0.6905294060707092 0.0008385604596696794 0.008558544330298902
img_117 0.6904587149620056 0.0008379554492421448 0.008290763944387434
img_118 0.6904587149620056 0.0008379554492421448 0.009093970060348512
img_119 0.6904945969581604 0.0007770644151605666 0.008826224133372309
img_120 0.6904945969581604 0.0007770644151605666 0.008826224133372309
img_121 0.6906437277793884 0.0039005670696496964 0.007487451657652856
img_122 0.6905492544174194 0.011797447688877583 0.008558522909879686
img_123 0.6902754306793213 0.019018014892935753 0.00936168245971203
img_124 0.6902066469192505 0.026363404467701912 0.009361684322357181
img_125 0.6902066469192505 0.026363404467701912 0.009361684322357181
img_126 0.6901007890701294 0.033892370760440826 0.009629438631236553
img_127 0.6901726126670837 0.04111737385392189 0.008558366447687149
img_128 0.6901783347129822 0.0487079955637455 0.00962930265814066
img_129 0.6900728344917297 0.05599251389503479 0.008290460333228113
img_130 0.6900728344917297 0.05599251389503479 0.008290460333228113
img_131 0.6901543140411377 0.06321801990270615 0.008826047182083132
img_132 0.6902003884315491 0.07001331448554993 0.006416417658329012
img_133 0.6902231574058533 0.07748240977525711 0.006684184540063144
img_134 0.6903168559074402 0.08475407212972641 0.004797638393938541
img_135 0.6903178095817566 0.09186804294586182 0.004531700164079666
img_136 0.6903178095817566 0.09186804294586182 0.004531700164079666
img_137 0.6906023621559143 0.0992770716547966 0.002121771918609739
img_138 0.6906582117080688 0.10625462979078293 0.0015863635344430806
img_139 0.6909295320510864 0.11347959190607071 -0.0005559489363804461
img_140 0.6911107897758484 0.12066444754600525 -0.0010931459255516531
img_141 0.6911107897758484 0.12066444754600525 -0.0010931459255516531
img_142 0.6911185383796692 0.1277424395084381 -0.002694430528208614
img_143 0.6914200782775879 0.1347198784351349 -0.0032298965379595765
img_144 0.6916199326515198 0.1418822854757309 -0.005372120533138514
img_145 0.6916199326515198 0.1418822854757309 -0.005372120533138514
img_146 0.6917287707328796 0.14898256957530975 -0.005907597951591015
img_147 0.6920177936553955 0.1560211032629013 -0.007781922351568939
img_148 0.6921117305755615 0.16354970633983612 -0.0072464491240680235
img_149 0.6921998858451843 0.17083363234996796 -0.00831739977002144
img_150 0.6922968626022339 0.1782400906085968 -0.007781908847391608
img_151 0.6922968626022339 0.1782400906085968 -0.007781908847391608
img_152 0.692245602607727 0.18528079986572266 -0.008585186675190926
img_153 0.6923107504844666 0.192870631814003 -0.006978823803365231
img_154 0.6922189593315125 0.19997303187847137 -0.007514361292123795
img_155 0.6922768950462341 0.20768532156944275 -0.00671118125319481
img_156 0.6922768950462341 0.20768532156944275 -0.00671118125319481
img_157 0.6921498775482178 0.21509389579296112 -0.00617565168067813
img_158 0.6920903325080872 0.2226259857416153 -0.003765252185985446
img_159 0.691942036151886 0.23015399277210236 -0.004032923839986324
img_160 0.6917961239814758 0.2378089725971222 -0.0018902667798101902
img_161 0.6917961239814758 0.2378089725971222 -0.0018902667798101902
img_162 0.6916341781616211 0.24558161199092865 -0.0005518810357898474
img_163 0.6915323138237 0.2531103789806366 0.0010544415563344958
img_164 0.6913829445838928 0.2607015371322632 0.00132221425883472
img_165 0.6909491419792175 0.2680467665195465 0.0029286937788128853
img_166 0.6909610033035278 0.27606743574142456 0.004267668817192317
img_167 0.6909610033035278 0.27606743574142456 0.004267668817192317
img_168 0.6907526850700378 0.2834733724594116 0.005606353748589755
img_169 0.6907458305358887 0.291002094745636 0.006141788791865111
img_170 0.6903107166290283 0.29853126406669617 0.007480925414711238
img_171 0.6902181506156921 0.30618196725845337 0.00774864898994565
img_172 0.6902181506156921 0.30618196725845337 0.00774864898994565
img_173 0.6903026103973389 0.31352800130844116 0.009087265469133856
img_174 0.6901651620864868 0.3208724558353424 0.008016339503228664
img_175 0.6900684833526611 0.328524649143219 0.009087447077035904
img_176 0.6899321675300598 0.3357461392879486 0.008016602136194708
img_177 0.6899321675300598 0.3357461392879486 0.008016602136194708
img_178 0.6899420022964478 0.3433368504047394 0.009087551385164264
img_179 0.6897730827331543 0.3502536416053772 0.008284226059913637
img_180 0.6899929642677307 0.3578464686870575 0.00774872861802578
img_181 0.6900444626808167 0.36488673090934753 0.006142273079603911
img_182 0.6900444626808167 0.36488673090934753 0.006142273079603911
img_183 0.6901057362556458 0.3721713423728943 0.006142273079603911
img_184 0.6900621056556702 0.37927305698394775 0.0045355898328125486
img_185 0.69038325548172 0.38637471199035645 0.003464732086285949
img_186 0.6904284954071045 0.393720805644989 0.002125987550243736
img_187 0.6904284954071045 0.393720805644989 0.002125987550243736
img_188 0.6906961798667908 0.40082281827926636 0.0007871680427342653
img_189 0.6907258629798889 0.40798598527908325 -0.00028396153356879944
img_190 0.6909398436546326 0.4149634540081024 -0.001890212530270219
img_191 0.6908828020095825 0.42218661308288574 -0.0029611475765705113
img_192 0.6908828020095825 0.42218661308288574 -0.0029611475765705113
img_193 0.6912569403648376 0.4291645288467407 -0.0040322025306522855
img_194 0.6913913488388062 0.4362034201622009 -0.005638600327074529
img_195 0.69175124168396 0.4436093270778656 -0.0064419247210025805
img_196 0.691725492477417 0.45058852434158325 -0.008316250517964365
img_197 0.691725492477417 0.45058852434158325 -0.008316250517964365
img_198 0.6921409368515015 0.45805269479751587 -0.007780821528285743
img_199 0.6920557618141174 0.4652762711048126 -0.008316264487802982
img_200 0.6922603249549866 0.4728679656982422 -0.008584096096456051
img_201 0.6921788454055786 0.479846715927124 -0.008316376246511936
img_202 0.6922767758369446 0.4873755872249603 -0.007780883461236956
img_203 0.6922767758369446 0.4873755872249603 -0.007780883461236956
img_204 0.6920851469039917 0.4945392906665802 -0.007513144519180061
img_205 0.6921789050102234 0.5023127198219299 -0.006977679673582316
img_206 0.6919832229614258 0.5097212195396423 -0.005906702484935522
img_207 0.6920987367630005 0.5173119902610779 -0.004835622385144234
img_208 0.6920987367630005 0.5173119902610779 -0.004835622385144234
img_209 0.6917819976806641 0.5249046087265015 -0.0037645858246833086
img_210 0.6918452382087708 0.5323095917701721 -0.002426189137622715
img_211 0.6915112733840942 0.5403944849967957 -0.0005511168856173754
img_212 0.6914092898368835 0.5476776361465454 0.0002519572153687477
img_213 0.6912305951118469 0.5554517507553101 0.001590669853612781
img_214 0.6912305951118469 0.5554517507553101 0.001590669853612781
img_215 0.6909007430076599 0.5628579258918762 0.0031970851123332977
img_216 0.6907346844673157 0.5705713033676147 0.004268181510269643
img_217 0.6907384395599365 0.5779780745506287 0.005606849677860738
img_218 0.6907384395599365 0.5779780745506287 0.005606849677860738
img_219 0.6906258463859558 0.5854463577270508 0.005339084658771753
img_220 0.690337598323822 0.5930960774421692 0.00721313524991274
img_221 0.6901065707206726 0.6006247997283936 0.007748683448880912
img_222 0.6901533007621765 0.6082773804664612 0.008551934733986855
img_223 0.6901533007621765 0.6082773804664612 0.008551934733986855
img_224 0.6900218725204468 0.6153790354728699 0.008284131996333599
img_225 0.69002765417099 0.6232132315635681 0.008551823906600475
img_226 0.689755916595459 0.6301901340484619 0.008551826700568203
img_227 0.6899040937423706 0.6376603245735168 0.00855182856321335
img_228 0.6899040937423706 0.6376603245735168 0.00855182856321335
img_229 0.6898085474967957 0.6446990370750427 0.00801637303084135
img_230 0.6899945735931396 0.6523524522781372 0.006945416796952487
img_231 0.6899102926254272 0.6593937873840332 0.0064097698777914065
img_232 0.6899695992469788 0.6666771173477173 0.005606732331216335
img_233 0.6899991035461426 0.6740244626998901 0.004267764277756212
img_234 0.6899991035461426 0.6740244626998901 0.004267764277756212
img_235 0.6901106834411621 0.6810025572776794 0.0031969302799552683
img_236 0.6902285814285278 0.6883500814437866 0.0021257572807371625
img_237 0.6901221871376038 0.6885334849357605 0.003731842618435622
img_238 0.6901221871376038 0.6885334849357605 0.003731842618435622
img_239 0.6901221871376038 0.6885334849357605 0.003731842618435622
img_240 0.6901221871376038 0.6885334849357605 0.003731842618435622
img_241 0.6896273493766785 0.6885316371917725 0.0018574243877083065
img_242 0.6823136806488037 0.6883344650268555 -0.0005516756791621448
img_243 0.6749963760375977 0.6881548166275024 -0.002158439718186856
img_244 0.6749963760375977 0.6881548166275024 -0.002158439718186856
img_245 0.6675390005111694 0.6881096959114075 -0.002693929476663471
img_246 0.6599755883216858 0.6877627968788147 -0.0032293642871081838
img_247 0.6527284383773804 0.687480092048645 -0.004568282049149274
img_248 0.645555317401886 0.6875740885734558 -0.00483599165454507
img_249 0.645555317401886 0.6875740885734558 -0.00483599165454507
img_250 0.6380957961082458 0.6873040199279785 -0.006174880079925061
img_251 0.6309536099433899 0.6871032118797302 -0.0067104939371347445
img_252 0.6235690116882324 0.6872139573097229 -0.006978188175708056
img_253 0.6162163019180298 0.6870204210281372 -0.007513675838708878
img_254 0.6162163019180298 0.6870204210281372 -0.007513675838708878
img_255 0.6089683771133423 0.6867687702178955 -0.00804921519011259
img_256 0.6014764904975891 0.6868290901184082 -0.009120126254856588
img_257 0.594123363494873 0.6866512894630432 -0.010458843782544138
img_258 0.5866978764533997 0.6863616108894348 -0.010458847507834436
img_259 0.5866978764533997 0.6863616108894348 -0.010458847507834436
img_260 0.5794171094894409 0.6864377856254578 -0.01072661764919758
img_261 0.5720304846763611 0.6864557862281799 -0.010994357988238336
img_262 0.5647825598716736 0.686229407787323 -0.010726622305810453
img_263 0.5571954846382141 0.6863107681274414 -0.012069639749825
img_264 0.5499731302261353 0.6863369345664978 -0.011802746914327141
img_265 0.5499731302261353 0.6863369345664978 -0.011802746914327141
img_266 0.542580246925354 0.6859955787658691 -0.011267126537859442
img_267 0.5353026986122131 0.6862000226974487 -0.011534832417964939
img_268 0.5281283259391785 0.6863440275192261 -0.010999264195561409
img_269 0.5205287337303162 0.6862439513206482 -0.010463815182447432
img_270 0.5205287337303162 0.6862439513206482 -0.010463815182447432
img_271 0.5134967565536499 0.6863787770271301 -0.01019607484340668
img_272 0.5061116218566895 0.6865152716636658 -0.01046380400657654
img_273 0.49865275621414185 0.6864096522331238 -0.009392808191478252
img_274 0.4913717806339264 0.6864780187606812 -0.008857262320816519
img_275 0.48405930399894714 0.6868488788604736 -0.008054073899984361
img_276 0.48405930399894714 0.6868488788604736 -0.008054073899984361
img_277 0.4764604866504669 0.6868488788604736 -0.007518587168306111
img_278 0.4691087305545807 0.6869041323661804 -0.007250814698636533
img_279 0.4691087305545807 0.6869041323661804 -0.007250814698636533
img_280 0.4544071853160858 0.6872456073760986 -0.005108762998133899
img_281 0.4544071853160858 0.6872456073760986 -0.005108762998133899
img_282 0.4469849765300751 0.6872835159301758 -0.005108764860779048
img_283 0.4394190013408661 0.6874446272850037 -0.00484090019017458
img_284 0.4319324493408203 0.6877256035804749 -0.00270030414685607
img_285 0.4319324493408203 0.6877256035804749 -0.00270030414685607
img_286 0.42461591958999634 0.6876841187477112 -0.00270030414685607
img_287 0.41691166162490845 0.6878273487091064 -0.002968049375340343
img_288 0.40959662199020386 0.687910258769989 -0.0021648835390806202
img_289 0.4022100269794464 0.6881099343299866 -0.0008260747417807581
img_290 0.39461085200309753 0.6882998943328857 -0.0018971599638462064
img_291 0.39461085200309753 0.6882998943328857 -0.0018971599638462064
img_292 0.3871549069881439 0.6886200904846191 0.0007800436578691006
img_293 0.3796619772911072 0.6887366771697998 0.0005122895818203688
img_294 0.37216898798942566 0.6889777183532715 0.00024453070363961166
img_295 0.36467602849006653 0.6890982985496521 0.00024453070363961166
img_296 0.36467602849006653 0.6890982985496521 0.0015833209035918119
img_297 0.3571836054325104 0.6890864372253418 0.0021188009995967154
img_298 0.3496546149253845 0.6892541646957397 0.0013154901098459961
img_299 0.3423745036125183 0.6894894242286682 0.0026540812104940423
img_300 0.3345634937286377 0.689407467842102 0.002386315725743771
img_301 0.3345634937286377 0.689407467842102 0.002386315725743771
img_302 0.3272486627101898 0.6895736455917358 0.0023863185197114944
img_303 0.31982478499412537 0.6896783709526062 0.0031897418666630988
img_304 0.31233280897140503 0.6896544694900513 0.002922015031799675
img_305 0.3052282929420471 0.6896949410438538 0.003725314512848855
img_306 0.3052282929420471 0.6896949410438538 0.003725314512848855
img_307 0.2977001667022705 0.6897281408309937 0.0037253135815262794
img_308 0.2902428209781647 0.6897615790367126 0.004796285647898913
img_309 0.28321021795272827 0.6895442008972168 0.004260762594640256
img_310 0.27578842639923096 0.6896349787712097 0.004260762594640256
img_311 0.27578842639923096 0.6896349787712097 0.004260762594640256
img_312 0.2682252824306488 0.6896027326583862 0.004528507590293885
img_313 0.26090922951698303 0.6895083785057068 0.004528505727648735
img_314 0.2538056969642639 0.6895374059677124 0.004528503865003587
img_315 0.24652233719825745 0.6897493600845337 0.005867558997124433
img_316 0.24652233719825745 0.6897493600845337 0.005867558997124433
img_317 0.239278182387352 0.6895232200622559 0.005332055501639842
img_318 0.2319263219833374 0.689361572265625 0.003993073478341104
img_319 0.22464841604232788 0.6892101168632507 0.004528409335762263
img_320 0.21715658903121948 0.6890537738800049 0.004260667134076359
img_321 0.21001802384853363 0.6889009475708008 0.0037251764442771673
img_322 0.21001802384853363 0.6889009475708008 0.0037251764442771673
img_323 0.2028077095746994 0.6888740658760071 0.004528469406068327
img_324 0.1954231858253479 0.6885345578193665 0.0034575704485178002
img_325 0.18846024572849274 0.6884492635726929 0.0023864733520895247
img_326 0.1810736507177353 0.6884928345680237 0.0029219537973403935
img_327 0.1810736507177353 0.6884928345680237 0.0029219537973403935
img_328 0.17361734807491302 0.6882874369621277 0.0023864896502345805
img_329 0.16654962301254272 0.688025712966919 0.0013155295746400955
img_330 0.15926848351955414 0.6878936886787415 0.0010477534960955384
img_331 0.15156374871730804 0.6876407265663147 -2.3280270397663116e-05
img_332 0.15156374871730804 0.6876407265663147 -2.3280270397663116e-05
img_333 0.14431841671466827 0.687457263469696 -0.0005587817286141217
img_334 0.13703754544258118 0.6874613165855408 -0.0008265408687293531
img_335 0.12958048284053802 0.6872838735580444 -0.0021652088034898047
img_336 0.12254707515239716 0.6869930624961853 -0.0027006717864423995
img_337 0.12254707515239716 0.6869930624961853 -0.0027006717864423995
img_338 0.11498317122459412 0.6870135068893433 -0.004039516672492027
img_339 0.10777107626199722 0.6867977380752563 -0.004039517603814602
img_340 0.1005258783698082 0.6867657899856567 -0.005378210451453926
img_341 0.09296297281980515 0.6866840720176697 -0.005913636181503533
img_342 0.08564547449350357 0.6865437030792236 -0.005913637112826111
img_343 0.08564547449350357 0.6865437030792236 -0.005913637112826111
img_344 0.07829417288303375 0.6864647269248962 -0.0064490921795368195
img_345 0.07104816287755966 0.6863278150558472 -0.007787779904901981
img_346 0.06355470418930054 0.6862637400627136 -0.007252281066030263
img_347 0.06355470418930054 0.6862637400627136 -0.007252281066030263
img_348 0.056202299892902374 0.6861945986747742 -0.006984516512602568
img_349 0.04899309575557709 0.6862449645996094 -0.008590886369347572
img_350 0.04156959056854248 0.6861863136291504 -0.006984238047152758
img_351 0.034254204481840134 0.6861761808395386 -0.0077873929403722295
img_352 0.034254204481840134 0.6861761808395386 -0.0077873929403722295
img_353 0.02700711600482464 0.6860489249229431 -0.008322935551404953
img_354 0.019550886005163193 0.6861721873283386 -0.007251989096403124
img_355 0.012339822016656399 0.6862244606018066 -0.007251990959048272
img_356 0.0052726962603628635 0.6862757205963135 -0.006716588046401741
img_357 0.0021640846971422434 0.6865414977073669 -0.002432392910122871
img_358 0.0021640846971422434 0.6865414977073669 -0.002432392910122871
img_359 0.0020582107827067375 0.6866029500961304 -0.002432392910122871
img_360 0.002093407791107893 0.6865416169166565 -0.0027001658454537396
img_361 0.002093407791107893 0.6865416169166565 -0.0027001658454537396
img_362 0.002093407791107893 0.6865416169166565 -0.0027001658454537396
img_363 0.001552843488752842 0.6826863884925842 0.0005128784105181694
img_364 0.0017687177751213312 0.6752185821533203 -0.0010935304453596475
img_365 0.0016901297494769096 0.6679949760437012 -0.0005580165307037532
img_366 0.0018982422770932317 0.6608932018280029 -0.0013613370247185232
img_367 0.001640800735913217 0.6534876823425293 -0.0002905202563852072
img_368 0.001640800735913217 0.6534876823425293 -0.0002905202563852072
img_369 0.0017093917122110724 0.6462637186050415 -0.0008260541362687945
img_370 0.0015621500788256526 0.6391626596450806 0.0002449674066156149
img_371 0.001775928190909326 0.6320622563362122 0.0002449664752930403
img_372 0.0014595540706068277 0.6250221133232117 0.0018515185220167043
img_373 0.0012613377766683698 0.6175539493560791 0.0026547058951109648
img_374 0.0012613377766683698 0.6175539493560791 0.0026547058951109648
img_375 0.0012443553423509002 0.6106356978416443 0.0037258244119584565
img_376 0.0011650181841105223 0.6034737229347229 0.004529003985226155
img_377 0.0010552479652687907 0.596494197845459 0.005600051023066043
img_378 0.0007779698353260756 0.5892081260681152 0.007206490263342859
img_379 0.0007779698353260756 0.5892081260681152 0.007206490263342859
img_380 0.0008273955318145454 0.5823495388031006 0.00801003910601139
img_381 0.0006722776452079415 0.5752495527267456 0.009615968912839891
img_382 0.0006351236952468753 0.5680866241455078 0.01041921507567167
img_383 0.00039295913302339613 0.560799241065979 0.012025664560496807
img_384 0.00039295913302339613 0.560799241065979 0.012025664560496807
img_385 0.0003745371650438756 0.5535134673118591 0.012828948907554151
img_386 0.0003603986697271466 0.5463507771492004 0.013632158748805523
img_387 0.0004605389549396932 0.5390052795410156 0.013632156886160374
img_388 0.0004883240326307714 0.5317822694778442 0.01497076824307442
img_389 0.0004883240326307714 0.5317822694778442 0.01497076824307442
img_390 0.00042434653732925653 0.524250864982605 0.015506272204220298
img_391 0.0007158814696595073 0.5168476104736328 0.014970789663493633
img_392 0.0007207501330412924 0.5094395279884338 0.014970787800848486
img_393 0.0009757577790878713 0.5018512010574341 0.014703017659485342
img_394 0.0009757577790878713 0.5018512010574341 0.014703017659485342
img_395 0.0010837606387212873 0.4945060610771179 0.014703017659485342
img_396 0.001267824089154601 0.48679545521736145 0.01416756771504879
img_397 0.0012667420087382197 0.4793870747089386 0.01416756771504879
img_398 0.0014484128914773464 0.47155386209487915 0.013632113113999368
img_399 0.0014484128914773464 0.47155386209487915 0.013632113113999368
img_400 0.0017261016182601452 0.4641493260860443 0.013096573762595654
img_401 0.0018255335744470358 0.4565574526786804 0.012293136678636076
img_402 0.002133877482265234 0.44872552156448364 0.010686732828617098
img_403 0.002133877482265234 0.44872552156448364 0.010686732828617098
img_404 0.002286958508193493 0.4410148859024048 0.010151323862373832
img_405 0.0027174977585673332 0.43342679738998413 0.009080142714083196
img_406 0.0027146264910697937 0.4259594678878784 0.008009331300854686
img_407 0.003059202805161476 0.4182473123073578 0.007473729085177184
img_408 0.0029736803844571114 0.41078081727027893 0.006938420236110689
img_409 0.0029736803844571114 0.41078081727027893 0.006938420236110689
img_410 0.0032393040601164103 0.4030676782131195 0.006135004106909037
img_411 0.003319326788187027 0.39578428864479065 0.0058672851882874974
img_412 0.003401022171601653 0.38788577914237976 0.005599463358521462
img_413 0.003333733417093754 0.38096851110458374 0.003993106074631214
img_414 0.0036463204305619 0.373500794172287 0.004260875284671784
img_415 0.0036463204305619 0.373500794172287 0.004260875284671784
img_416 0.0035357472952455282 0.36627814173698425 0.00533167226240039
img_417 0.00357557344250381 0.358808308839798 0.005331668537110091
img_418 0.0035064409021288157 0.3518919348716736 0.005331665743142366
img_419 0.003580635879188776 0.3446061909198761 0.0066706594079732895
img_420 0.003580635879188776 0.3446061909198761 0.0066706594079732895
img_421 0.003346915589645505 0.33725908398628235 0.007206118665635587
img_422 0.003433004254475236 0.33021825551986694 0.008545141667127611
img_423 0.0032468484714627266 0.3230555057525635 0.008812839165329935
img_424 0.0031300142873078585 0.31625881791114807 0.010954976081848145
img_425 0.0031300142873078585 0.31625881791114807 0.010954976081848145
img_426 0.0031037935987114906 0.30897361040115356 0.011758200824260712
img_427 0.0030459382105618715 0.3018731474876404 0.01363198738545179
img_428 0.002825498813763261 0.294706791639328 0.014435283839702608
img_429 0.0027141948230564594 0.2877257168292999 0.01604181155562401
img_430 0.0027141948230564594 0.2877257168292999 0.01604181155562401
img_431 0.0028280927799642086 0.28062623739242554 0.016844986006617546
img_432 0.002630652394145727 0.27345818281173706 0.01845180802047253
img_433 0.002586125396192074 0.266295462846756 0.018987188115715984
img_434 0.0026160983834415674 0.25913241505622864 0.020593700930476192
img_435 0.0026160983834415674 0.25913241505622864 0.020593700930476192
img_436 0.0026235035620629787 0.2519068121910095 0.021664815023541454
img_437 0.002717267721891403 0.2443167120218277 0.023003492504358288
img_438 0.002951242495328188 0.23721995949745178 0.023271212354302413
img_439 0.0029497796203941107 0.22968630492687225 0.023003390058875087
img_440 0.0029497796203941107 0.22968630492687225 0.023003390058875087
img_441 0.0031513129360973835 0.21511822938919067 0.024074139073491096
img_442 0.0031513129360973835 0.21511822938919067 0.024074139073491096
img_443 0.003410501405596733 0.2072894126176834 0.02514475025236607
img_444 0.0034508011303842068 0.20006205141544342 0.024609055370092392
img_445 0.0036804124247282743 0.192169651389122 0.025144470855593685
img_446 0.0036804124247282743 0.192169651389122 0.025144470855593685
img_447 0.003831312293186784 0.18476378917694092 0.023805685341358192
img_448 0.004263716749846935 0.17699716985225677 0.023537922650575638
img_449 0.0044365921057760715 0.16965393722057343 0.02273474074900151
img_450 0.004860627464950085 0.16188779473304749 0.021663825958967205
img_451 0.004860627464950085 0.16188779473304749 0.021663825958967205
img_452 0.00484705762937665 0.15435542166233063 0.021396048367023475
img_453 0.005187410395592451 0.14670966565608978 0.020860599353909496
img_454 0.005277650430798531 0.13899487257003784 0.021396225318312645
img_455 0.005756685044616461 0.13147494196891785 0.01898682489991188
img_456 0.005756685044616461 0.13147494196891785 0.01898682489991188
img_457 0.00593727407976985 0.12382606416940689 0.019522251561284065
img_458 0.006258608773350716 0.11642242968082428 0.01818324811756611
img_459 0.0064695123583078384 0.10871227085590363 0.01845097914338112
img_460 0.006570846773684025 0.10130494832992554 0.017112080007791523
img_461 0.006570846773684025 0.10130494832992554 0.017112080007791523
img_462 0.006805698852986097 0.0937783271074295 0.017112078145146373
img_463 0.0068201422691345215 0.08673857897520065 0.017112078145146373
img_464 0.0071298787370324135 0.07896784693002701 0.017379846423864365
img_465 0.007004879880696535 0.07192596048116684 0.01764754951000214
img_466 0.007173103746026754 0.06439749896526337 0.018183097243309018
img_467 0.007173103746026754 0.06439749896526337 0.018183097243309018
img_468 0.007055977825075388 0.05723254755139351 0.019254004582762718
img_469 0.007336422335356474 0.05001242831349373 0.0197895560413599
img_470 0.007087061181664467 0.04296714812517166 0.021128140389919284
img_471 0.007087061181664467 0.04296714812517166 0.021128140389919284
img_472 0.0072737038135528564 0.03580745309591293 0.021663621068000797
img_473 0.00728618586435914 0.028705060482025146 0.02273461408913136
img_474 0.0071649206802248955 0.02159833535552025 0.024876942858099944
img_475 0.0073107704520225525 0.014315999113023281 0.025947796180844314
img_476 0.006960282102227211 0.007387335412204266 0.02835749089717865
img_477 0.006960282102227211 0.007387335412204266 0.02835749089717865
img_478 0.007333052344620228 0.0004778592847287655 0.027018763124942783
img_479 0.007467774208635092 0.0007264828309416771 0.02594763226807118
img_480 0.007467774208635092 0.0007264828309416771 0.02594763226807118
img_481 0.007467774208635092 0.0007264828309416771 0.02594763226807118
img_482 0.014598216861486435 0.0011546008754521608 0.027286371216177944
img_483 0.014598216861486435 0.0011546008754521608 0.027286371216177944
img_484 0.022189468145370483 0.0015455142129212618 0.02835742384195328
img_485 0.0297243669629097 0.0014529909240081906 0.02755404636263848
img_486 0.0297243669629097 0.0014529909240081906 0.02755404636263848
img_487 0.0297243669629097 0.0014529909240081906 0.02755404636263848
img_488 0.03717601299285889 0.0017195948166772723 0.02969570085406304
img_489 0.044245511293411255 0.0018070974620059133 0.02916017174720765
img_490 0.051202401518821716 0.002071252791211009 0.028624745085835467
img_491 0.058800648897886276 0.002227561781182885 0.030499208718538288
img_492 0.058800648897886276 0.002227561781182885 0.030499208718538288
img_493 0.0659477710723877 0.0020781469065696 0.031034706160426147
img_494 0.08079566061496735 0.002163719153031707 0.031837277114391334
img_495 0.08079566061496735 0.002163719153031707 0.031837277114391334
img_496 0.08803894370794296 0.0023331588599830866 0.031569540500640876
img_497 0.09549868106842041 0.0023849913850426674 0.03130177780985832
img_498 0.09549868106842041 0.0023849913850426674 0.03130177780985832
img_499 0.1098649799823761 0.00211132294498384 0.03264060243964195
img_500 0.1098649799823761 0.00211132294498384 0.03264060243964195
img_501 0.11767294257879257 0.002305026864632964 0.032908327877521515
img_502 0.11767294257879257 0.002305026864632964 0.032908327877521515
img_503 0.12516522407531738 0.002429182641208172 0.03317606449127198
img_504 0.1324923038482666 0.0022435563150793314 0.03317606449127198
img_505 0.13995607197284698 0.0021850033663213253 0.03371158987283706
img_506 0.14737749099731445 0.0023127931635826826 0.032908394932746894
img_507 0.15480676293373108 0.0021899130661040545 0.03371155634522439
img_508 0.15480676293373108 0.0021899130661040545 0.03371155634522439
img_509 0.16248691082000732 0.0020201303996145725 0.033443782478570945
img_510 0.16966448724269867 0.002076493576169014 0.032104883342981345
img_511 0.1771644800901413 0.0019499092595651746 0.03237260878086091
img_512 0.18477611243724823 0.0016452416311949492 0.03183717653155327
img_513 0.18477611243724823 0.0016452416311949492 0.03183717653155327
img_514 0.19213637709617615 0.0015121210599318147 0.030766036361455924
img_515 0.19959516823291779 0.0015579533064737916 0.03049831464886666
img_516 0.20707078278064728 0.001234455849044025 0.03023038990795613
img_517 0.2143615037202835 0.0010873456485569477 0.029694724828004834
img_518 0.2143615037202835 0.0010873456485569477 0.029694724828004834
img_519 0.22182169556617737 0.0008806186961010098 0.028624674305319783
img_520 0.22921320796012878 0.0007860884652473032 0.027286088094115268
img_521 0.23646140098571777 0.0008001816459000111 0.027018317952752117
img_522 0.24400100111961365 0.0004528377903625369 0.026215132325887687
img_523 0.24400100111961365 0.0004528377903625369 0.026215132325887687
img_524 0.2514297664165497 0.00028022381593473256 0.023805493488907817
img_525 0.25882166624069214 0.0001500579237472266 0.024073246866464615
img_526 0.26610681414604187 8.051027543842793e-05 0.023537699133157737
img_527 0.2736791670322418 -0.00023105338914319873 0.02166356705129147
img_528 0.2736791670322418 -0.00023105338914319873 0.02166356705129147
img_529 0.28103721141815186 -0.000439032563008368 0.021395798772573475
img_530 0.28857073187828064 -0.0005839982186444104 0.020592482760548595
img_531 0.295819491147995 -0.0007407956290990114 0.01871857419610024
img_532 0.3029232919216156 -0.0006690333248116076 0.019521821290254593
img_533 0.3029232919216156 -0.0006690333248116076 0.019521821290254593
img_534 0.3182709813117981 -0.0009899900760501623 0.01737983524799347
img_535 0.3256942629814148 -0.0009834165684878826 0.01818311400711536
img_536 0.3330148756504059 -0.001156431157141924 0.01737983897328377
img_537 0.34058165550231934 -0.001269817934371531 0.016308803111314774
img_538 0.34058165550231934 -0.001269817934371531 0.016308803111314774
img_539 0.34058165550231934 -0.001269817934371531 0.016308803111314774
img_540 0.34807288646698 -0.0011476348154246807 0.017379732802510265
img_541 0.35521790385246277 -0.001390816061757505 0.01711196824908257
img_542 0.36281871795654297 -0.001444414141587913 0.016576465219259266
img_543 0.36281871795654297 -0.001444414141587913 0.016576465219259266
img_544 0.370024710893631 -0.001202521612867713 0.017379608005285267
img_545 0.3773791491985321 -0.0013195907231420279 0.017111862078309063
img_546 0.3850491940975189 -0.0012495600385591388 0.017647411674261093
img_547 0.3924335241317749 -0.0010580086382105947 0.017111921682953838
img_548 0.3998549282550812 -0.0009310023160651326 0.01791522279381752
img_549 0.3998549282550812 -0.0009310023160651326 0.01791522279381752
img_550 0.40738382935523987 -0.0009797532111406326 0.018718341365456585
img_551 0.4144490957260132 -0.0007250311318784952 0.01818282529711723
img_552 0.4217625856399536 -0.0005308127729222178 0.02059251442551613
img_553 0.42922529578208923 -0.0006832847138866782 0.020324744284152988
img_554 0.42922529578208923 -0.0006832847138866782 0.020324744284152988
img_555 0.4364628791809082 -0.00023002095986157656 0.019253749400377277
img_556 0.44377821683883667 -0.0001503794628661126 0.02086014114320278
img_557 0.4508475363254547 -0.00012534465349745005 0.021127877756953243
img_558 0.45830199122428894 9.340532415080816e-05 0.0216633826494217
img_559 0.45830199122428894 9.340532415080816e-05 0.0216633826494217
img_560 0.46571943163871765 0.0003765741712413728 0.02246660925447941
img_561 0.4728630781173706 0.000292146229185164 0.023002158850431446
img_562 0.48020699620246887 0.0007060354691930115 0.023537669330835346
img_563 0.4874822795391083 0.000999767449684441 0.023002205416560177
img_564 0.4874822795391083 0.000999767449684441 0.023002205416560177
img_565 0.49455147981643677 0.0010399448219686747 0.024073151871562
img_566 0.5018695592880249 0.001154891331680119 0.024876704439520843
img_567 0.5089995861053467 0.0015772073529660702 0.025412136688828472
img_568 0.5161781311035156 0.0014535564696416259 0.02487675473093987
img_569 0.5161781311035156 0.0014535564696416259 0.02487675473093987
img_570 0.5233858823776245 0.0016328988131135702 0.025680005550384525
img_571 0.5306613445281982 0.0019422511104494333 0.02594776824116707
img_572 0.5379456877708435 0.0018863669829443097 0.02621551044285298
img_573 0.545328676700592 0.002141200704500079 0.02728657610714436
img_574 0.545328676700592 0.002141200704500079 0.02728657610714436
img_575 0.5525382161140442 0.0022155139595270157 0.027286577969789505
img_576 0.5598539710044861 0.0023539401590824127 0.027286579832434658
img_577 0.5672758221626282 0.0024340422824025154 0.028089754283428192
img_578 0.5819052457809448 0.0027206307277083397 0.027286551892757416
img_579 0.5966160297393799 0.00264592538587749 0.028357824310660362
img_580 0.5966160297393799 0.00264592538587749 0.028357824310660362
img_581 0.5966160297393799 0.00264592538587749 0.028357824310660362
img_582 0.6040089726448059 0.002549403579905629 0.027822282165288925
img_583 0.61125648021698 0.0025673818308860064 0.029161015525460243
img_584 0.61125648021698 0.0025673818308860064 0.029161015525460243
img_585 0.6187160015106201 0.0026012456510215998 0.028893269598484046
img_586 0.6263901591300964 0.0025168678257614374 0.028625553473830223
img_587 0.6336056590080261 0.002478457521647215 0.029428966343402866
img_588 0.64092618227005 0.002387797925621271 0.028625862672925
img_589 0.64092618227005 0.002387797925621271 0.028625862672925
img_590 0.6485647559165955 0.0023615348618477583 0.028625862672925
img_591 0.6560237407684326 0.002391404239460826 0.02835813350975514
img_592 0.6634612679481506 0.0019898780155926943 0.02835813350975514
img_593 0.6710308194160461 0.0018372092163190246 0.028090426698327068
img_594 0.6710308194160461 0.0018372092163190246 0.028090426698327068
img_595 0.678530752658844 0.0016805077902972698 0.026751706376671795
img_596 0.6859937310218811 0.0015740097733214498 0.027287214994430545
img_597 0.693389892578125 0.0013471789425238967 0.026751676574349407
img_598 0.6966934204101562 0.0007619966054335237 0.02514526434242726
img_599 0.6966934204101562 0.0007619966054335237 0.02514526434242726
img_600 0.696800947189331 0.0007034637383185327 0.02514526434242726
img_601 0.696800947189331 0.0007034637383185327 0.02514526434242726
img_602 0.696800947189331 0.0007034637383185327 0.02514526434242726
img_603 0.6973167657852173 0.005491587799042463 0.021130021661520008
img_604 0.6973167657852173 0.005491587799042463 0.021130021661520008
img_605 0.6967347860336304 0.012951426208019257 0.023540463298559196
img_606 0.6965929269790649 0.020477600395679474 0.02327279001474381
img_607 0.6963145732879639 0.02788008190691471 0.02327279001474381
img_608 0.6961378455162048 0.035471297800540924 0.024076305329799652
img_609 0.6961378455162048 0.035471297800540924 0.024076305329799652
img_610 0.6957491636276245 0.04280734062194824 0.024076305329799652
img_611 0.6957813501358032 0.050278302282094955 0.024076307192444805
img_612 0.6957458257675171 0.057625699788331985 0.023005278781056408
img_613 0.6955740451812744 0.06509177386760712 0.023005280643701553
img_614 0.6956198811531067 0.07231833785772324 0.02220201864838601
img_615 0.6956198811531067 0.07231833785772324 0.02220201864838601
img_616 0.6953154802322388 0.07965921610593796 0.022469770163297653
img_617 0.6955487132072449 0.08658360689878464 0.020327769219875336
img_618 0.6954700946807861 0.09392940998077393 0.018989026546478275
img_619 0.6952987313270569 0.10108980536460876 0.01845352351665497
img_620 0.6954161524772644 0.10813252627849579 0.01657940074801445
img_621 0.6954161524772644 0.10813252627849579 0.01657940074801445
img_622 0.695613443851471 0.11542143672704697 0.014972913078963757
img_623 0.6957517266273499 0.12270934879779816 0.012295291759073738
img_624 0.6958042979240417 0.1299341470003128 0.012027538381516935
img_625 0.6958042979240417 0.1299341470003128 0.012027538381516935
img_626 0.6960015892982483 0.13703709840774536 0.009885834529995918
img_627 0.6959661245346069 0.14419999718666077 0.0096180634573102
img_628 0.6961840987205505 0.15093551576137543 0.006673092953860759
img_629 0.6962756514549255 0.15840470790863037 0.006405343767255545
img_630 0.6962756514549255 0.15840470790863037 0.006405343767255545
img_631 0.6962658762931824 0.16544443368911743 0.004531145095825197
img_632 0.6965509653091431 0.17273126542568207 0.00292447255924344
img_633 0.6969013810157776 0.1872403919696808 0.0015857173129916193
img_634 0.6967130899429321 0.19452472031116486 0.001317974412813783
img_635 0.6967130899429321 0.19452472031116486 0.001317974412813783
img_636 0.6970212459564209 0.202054962515831 0.0005146970506757498
img_637 0.6966995000839233 0.2092164307832718 0.0021210589911788706
img_638 0.6967194676399231 0.2165365368127823 0.0018520110752433538
img_639 0.6964593529701233 0.22402940690517426 0.0021184752695262436
img_640 0.6964593529701233 0.22402940690517426 0.0021184752695262436
img_641 0.6965851783752441 0.2313760221004486 0.002654008567333222
img_642 0.6963878273963928 0.23914924263954163 0.003189462702721358
img_643 0.6963999271392822 0.24643422663211823 0.003724981099367142
img_644 0.6961947083473206 0.2540854215621948 0.004260476212948561
img_645 0.6961947083473206 0.2540854215621948 0.004260476212948561
img_646 0.6960204839706421 0.2617979943752289 0.006937996018677951
img_647 0.6959320306777954 0.2694494128227234 0.0064025050960481176
img_648 0.6953521370887756 0.2772197723388672 0.009615297429263594
img_649 0.6951760053634644 0.28450462222099304 0.010418718680739403
img_650 0.6951760053634644 0.28450462222099304 0.010418718680739403
img_651 0.6947768926620483 0.2922758460044861 0.012025332078337673
img_652 0.6948990821838379 0.29974502325057983 0.012025333940982819
img_653 0.6946303248405457 0.3073950409889221 0.012560886330902578
img_654 0.6945019960403442 0.3147995173931122 0.013631655834615234
img_655 0.6945019960403442 0.3147995173931122 0.013631655834615234
img_656 0.6942209601402283 0.3224487006664276 0.014167178422212602
img_657 0.6940461993217468 0.3297923803329468 0.015505840070545673
img_658 0.6939284801483154 0.33738261461257935 0.01470255106687546
img_659 0.6937117576599121 0.3449097275733948 0.015505793504416944
img_660 0.6937117576599121 0.3449097275733948 0.015505793504416944
img_661 0.6938480734825134 0.352074533700943 0.01523805875331164
img_662 0.6936292052268982 0.35947880148887634 0.01523805875331164
img_663 0.6936967968940735 0.36664387583732605 0.01389913260936737
img_664 0.693591296672821 0.3742329776287079 0.01389913447201252
img_665 0.693708062171936 0.38109174370765686 0.012292563915252687
img_666 0.693708062171936 0.38109174370765686 0.012292563915252687
img_667 0.693756103515625 0.3886832296848297 0.011221626773476602
img_668 0.6936445236206055 0.3954777121543884 0.010686100460588932
img_669 0.6937407851219177 0.40300849080085754 0.009347395040094854
img_670 0.6938517093658447 0.4100496470928192 0.008008645847439768
img_671 0.6938517093658447 0.4100496470928192 0.008008645847439768
img_672 0.6941114664077759 0.4173368215560913 0.006402113940566779
img_673 0.6939961314201355 0.42431506514549255 0.005331078544259072
img_674 0.6942403316497803 0.431539386510849 0.003992435988038778
img_675 0.6943879723548889 0.4388251006603241 0.0026536136865615853
img_676 0.6943879723548889 0.4388251006603241 0.0026536136865615853
img_677 0.694794237613678 0.4455600082874298 0.0002438426017761231
img_678 0.6948984861373901 0.45296886563301086 -0.0013630260946229102
img_679 0.6950140595436096 0.4600066840648651 -0.0013630260946229102
img_680 0.6950594782829285 0.46741482615470886 -0.0032375492155551915
img_681 0.6950594782829285 0.46741482615470886 -0.0032375492155551915
img_682 0.6952593326568604 0.47457557916641235 -0.002969828899949789
img_683 0.6953870058059692 0.48185983300209045 -0.0037730704061686993
img_684 0.6954142451286316 0.4890829920768738 -0.0037730704061686993
img_685 0.695654034614563 0.4964282512664795 -0.00457634311169386
img_686 0.695654034614563 0.4964282512664795 -0.00457634311169386
img_687 0.6954761743545532 0.5038976073265076 -0.0037730762269347915
img_688 0.6955034136772156 0.5111210346221924 -0.0037730725016444926
img_689 0.6952844262123108 0.5186505913734436 -0.003505351953208447
img_690 0.6953457593917847 0.5260575413703918 -0.0021666018292307854
img_691 0.6953457593917847 0.5260575413703918 -0.0021666018292307854
img_692 0.6952917575836182 0.533771276473999 -0.0016310728387907152
img_693 0.6951625347137451 0.5412401556968689 -0.0005600191652774811
img_694 0.6950252652168274 0.5485854148864746 0.0005108723416924477
img_695 0.694879949092865 0.5562984347343445 0.0015818598913028838
img_696 0.6948679685592651 0.5638890862464905 0.002385102910920978
img_697 0.6943192481994629 0.571662962436676 0.004795089829713107
img_698 0.6943192481994629 0.571662962436676 0.004795089829713107
img_699 0.6940363645553589 0.5790677666664124 0.006669084541499616
img_700 0.6938077807426453 0.586841881275177 0.00720465835183859
img_701 0.6938077807426453 0.586841881275177 0.00720465835183859
img_702 0.6939319968223572 0.5941271781921387 0.00827559642493725
img_703 0.6936541199684143 0.6020827293395996 0.0082755982875824
img_704 0.693487823009491 0.6093668341636658 0.00988222658634186
img_705 0.6933445334434509 0.6167120933532715 0.010417757555842401
img_706 0.6931601166725159 0.6242395043373108 0.010417759418487549
img_707 0.6931601166725159 0.6242395043373108 0.010417759418487549
img_708 0.6931504607200623 0.6319538950920105 0.010685540735721588
img_709 0.6928239464759827 0.6393568515777588 0.01175638195127249
img_710 0.692949652671814 0.6467047333717346 0.01175638381391764
img_711 0.6927233934402466 0.6539257168769836 0.01122090592980385
img_712 0.6927233934402466 0.6539257168769836 0.01122090592980385
img_713 0.6928516626358032 0.6613967418670654 0.010417572222650053
img_714 0.6926684975624084 0.6688023805618286 0.010417574085295204
img_715 0.6928425431251526 0.675844132900238 0.009346617385745052
img_716 0.6928805112838745 0.6831296682357788 0.008543348871171474
img_717 0.6928805112838745 0.6831296682357788 0.008543348871171474
img_718 0.6924409866333008 0.6890646815299988 0.011488900519907478
img_719 0.6924812197685242 0.6886366605758667 0.01122119277715683
img_720 0.6924798488616943 0.6887590885162354 0.01122119277715683
img_721 0.6924452185630798 0.6886975169181824 0.011488871648907663
img_722 0.6924452185630798 0.6886975169181824 0.011488871648907663
img_723 0.692237377166748 0.6883277893066406 0.013095502741634847
img_724 0.6851726174354553 0.6879903674125671 0.013630998320877554
img_725 0.6778932809829712 0.6877686977386475 0.014969934709370135
img_726 0.6707580089569092 0.6875394582748413 0.012828342616558077
img_727 0.6707580089569092 0.6875394582748413 0.012828342616558077
img_728 0.6629794836044312 0.6876845955848694 0.012292802333831789
img_729 0.655806303024292 0.6875351667404175 0.012025058269500736
img_730 0.6483528017997742 0.6871393918991089 0.010686241090297699
img_731 0.6411067247390747 0.6872456073760986 0.010150796733796598
img_732 0.6411067247390747 0.6872456073760986 0.010150796733796598
img_733 0.6336861252784729 0.6870478391647339 0.009347520768642426
img_734 0.6264089345932007 0.6867349743843079 0.00827664975076914
img_735 0.6192341446876526 0.6866143941879272 0.00720551423728466
img_736 0.6119191646575928 0.6866229176521301 0.0072055133059620875
img_737 0.6043916344642639 0.6863849759101868 0.0055987979285419
img_738 0.6043916344642639 0.6863849759101868 0.0055987979285419
img_739 0.5973939895629883 0.6863458156585693 0.00559879606589675
img_740 0.5899724364280701 0.6863042712211609 0.00479558575898409
img_741 0.5824810862541199 0.686023473739624 0.003724595531821252
img_742 0.5751985907554626 0.6861187815666199 0.0026533878408372407
img_743 0.5751985907554626 0.6861187815666199 0.0026533878408372407
img_744 0.5678839087486267 0.6860381960868835 0.0018502632156014445
img_745 0.56056809425354 0.6857185363769531 0.0026535510551184424
img_746 0.5532169938087463 0.6856990456581116 0.0021180659532547
img_747 0.5459363460540771 0.6856836080551147 0.0018503152532503009
img_748 0.538585364818573 0.685670018196106 0.00131484167650342
img_749 0.538585364818573 0.685670018196106 0.00131484167650342
img_750 0.5314459800720215 0.6855381727218628 0.0015826011076569562
img_751 0.5239179730415344 0.6858323216438293 0.0015826001763343815
img_752 0.5168477892875671 0.6856986880302429 0.0013147838180884719
img_753 0.5168477892875671 0.6856986880302429 0.0013147838180884719
img_754 0.501968502998352 0.6857403516769409 0.001582578523084522
img_755 0.501968502998352 0.6857403516769409 0.001582578523084522
img_756 0.49483028054237366 0.6857290267944336 0.002653422765433789
img_757 0.48769068717956543 0.6855876445770264 0.0029211961664259442
img_758 0.48769068717956543 0.6855876445770264 0.0029211961664259442
img_759 0.48002228140830994 0.6857488751411438 0.0031888934317976236
img_760 0.47270581126213074 0.685786783695221 0.003992173820734025
img_761 0.4653540551662445 0.6857574582099915 0.004259939771145583
img_762 0.4582485854625702 0.686033308506012 0.005063222255557776
img_763 0.450826495885849 0.6861181259155273 0.005866419523954392
img_764 0.4430503845214844 0.6861949563026428 0.006134169641882183
img_765 0.43590980768203735 0.6863960027694702 0.007205160800367594
img_766 0.43590980768203735 0.6863960027694702 0.007205160800367594
img_767 0.4283459484577179 0.6863415241241455 0.0074729323387146005
img_768 0.42078229784965515 0.686529815196991 0.0077406326308846465
img_769 0.4133920669555664 0.6869011521339417 0.00827616546303034
img_770 0.4133920669555664 0.6869011521339417 0.00827616546303034
img_771 0.40582650899887085 0.6872057914733887 0.009347076527774336
img_772 0.39833417534828186 0.6871357560157776 0.009079325944185259
img_773 0.3909805119037628 0.6873138546943665 0.010150381363928318
img_774 0.3909805119037628 0.6873138546943665 0.010150381363928318
img_775 0.3832736611366272 0.6874805092811584 0.009882631711661816
img_776 0.3759217858314514 0.6875302791595459 0.010953583754599094
img_777 0.3683895170688629 0.6877539157867432 0.011756975203752521
img_778 0.36068329215049744 0.6880305409431458 0.01148930471390486
img_779 0.36068329215049744 0.6880305409431458 0.01148930471390486
img_780 0.35336577892303467 0.6880077123641968 0.012292696163058283
img_781 0.34579935669898987 0.6881595849990845 0.012560465373098854
img_782 0.33823317289352417 0.6884317994117737 0.013631291687488558
img_783 0.3309152126312256 0.6885157227516174 0.013631291687488558
img_784 0.3309152126312256 0.6885157227516174 0.013631291687488558
img_785 0.32338830828666687 0.6883518695831299 0.015237871557474138
img_786 0.3160322606563568 0.6886070966720581 0.015505616553127767
img_787 0.3086073398590088 0.6887368559837341 0.015505615621805191
img_788 0.30104541778564453 0.6886196136474609 0.015773344784975055
img_789 0.2937258183956146 0.6888102293014526 0.016576558351516724
img_790 0.2937258183956146 0.6888102293014526 0.016576558351516724
img_791 0.28647899627685547 0.6888737678527832 0.016844285652041435
img_792 0.2789153754711151 0.6887463331222534 0.017915468662977215
img_793 0.27163293957710266 0.6888607144355774 0.01845086179673672
img_794 0.27163293957710266 0.6888607144355774 0.01845086179673672
img_795 0.2643142640590668 0.6887869238853455 0.017647303640842438
img_796 0.2567821443080902 0.6888377070426941 0.017647305503487587
img_797 0.24961015582084656 0.6887723207473755 0.01818261295557022
img_798 0.24219058454036713 0.688637375831604 0.01818261295557022
img_799 0.2349105328321457 0.6885049939155579 0.018718155100941665
img_800 0.2349105328321457 0.6885049939155579 0.018718155100941665
img_801 0.2277681529521942 0.688616156578064 0.019789118319749836
img_802 0.22038204967975616 0.688531219959259 0.01791495643556118
img_803 0.2132459431886673 0.6882808804512024 0.018182713538408283
img_804 0.20589560270309448 0.688147246837616 0.01925374381244183
img_805 0.20589560270309448 0.688147246837616 0.01925374381244183
img_806 0.19836841523647308 0.6880635023117065 0.017647385597229007
img_807 0.19122770428657532 0.68805992603302 0.01711185649037361
img_808 0.183843731880188 0.6878723502159119 0.017647312954068187
img_809 0.183843731880188 0.6878723502159119 0.017647312954068187
img_810 0.1766006350517273 0.6876832842826843 0.017111813649535183
img_811 0.16960373520851135 0.6875635385513306 0.016308562830090526
img_812 0.16207575798034668 0.6875019669532776 0.016308562830090526
img_813 0.15472649037837982 0.6872596144676208 0.014969648793339731
img_814 0.14762315154075623 0.6872144937515259 0.014166480861604215
img_815 0.14762315154075623 0.6872144937515259 0.014166480861604215
img_816 0.1400245875120163 0.6871680617332458 0.013095520436763765
img_817 0.13263991475105286 0.6868876814842224 0.012024371884763239
img_818 0.12525667250156403 0.6866152286529541 0.01095347199589014
img_819 0.11787001043558121 0.6865955591201782 0.010685728862881662
img_820 0.11787001043558121 0.6865955591201782 0.010685728862881662
img_821 0.11069610714912415 0.6863352060317993 0.010417914018034935
img_822 0.10334780812263489 0.6861362457275391 0.008276312611997128
img_823 0.09620857238769531 0.6861996054649353 0.008544032461941244
img_824 0.08873549848794937 0.6858891248703003 0.0077350009232759484
img_825 0.08147065341472626 0.6857721209526062 0.006139584351330997
img_826 0.08147065341472626 0.6857721209526062 0.006139584351330997
img_827 0.07404996454715729 0.6857265830039978 0.006139583420008422
img_828 0.06652265042066574 0.6857416033744812 0.006139581557363272
img_829 0.05936483293771744 0.6854521036148071 0.0047970484010875225
img_830 0.05936483293771744 0.6854521036148071 0.0047970484010875225
img_831 0.05203373730182648 0.6855390071868896 0.005064042285084725
img_832 0.044611070305109024 0.6852564811706543 0.004260577261447907
img_833 0.037473805248737335 0.6852260828018188 0.00452825427055359
img_834 0.030191488564014435 0.6854379773139954 0.00426047993823886
img_835 0.022804252803325653 0.6855901479721069 0.0039927344769239426
img_836 0.022804252803325653 0.6855901479721069 0.0039927344769239426
img_837 0.01569986715912819 0.6853780746459961 0.0055995122529566305
img_838 0.01036449521780014 0.6852869987487793 0.013095115311443806
img_839 0.009505046531558037 0.6861329078674316 0.01952161639928818
img_840 0.009505046531558037 0.6861329078674316 0.01952161639928818
img_841 0.009505046531558037 0.6861329078674316 0.01952161639928818
img_842 0.009505046531558037 0.6861329078674316 0.01952161639928818
img_843 0.009505046531558037 0.6861329078674316 0.01952161639928818
img_844 0.009049580432474613 0.6804908514022827 0.023805812001228336
img_845 0.009257274679839611 0.6661677360534668 0.02487672492861747
img_846 0.00932333990931511 0.6592500805854797 0.026483172550797462
img_847 0.00937978457659483 0.65177983045578 0.026750948280096058
img_848 0.00937978457659483 0.65177983045578 0.026750948280096058
img_849 0.009388156235218048 0.6448606848716736 0.02808959595859051
img_850 0.0095169423148036 0.6377601623535156 0.028625113889574994
img_851 0.0095169423148036 0.6377601623535156 0.028625113889574994
img_852 0.009370408952236176 0.6305299401283264 0.03130245581269264
img_853 0.009370408952236176 0.6305299401283264 0.03130245581269264
img_854 0.009692923165857792 0.6236183643341064 0.03130245581269264
img_855 0.009394899941980839 0.616199254989624 0.033711884170770645
img_856 0.0095512131229043 0.6094671487808228 0.03585382923483849
img_857 0.0095512131229043 0.6094671487808228 0.03585382923483849
img_858 0.00942381750792265 0.6021732687950134 0.0363893248140812
img_859 0.00957399234175682 0.5951334834098816 0.03960267826914787
img_860 0.009761298075318336 0.5877285003662109 0.03960267826914787
img_861 0.009689286351203918 0.5806186199188232 0.042280342429876334
img_862 0.009689286351203918 0.5806186199188232 0.042280342429876334
img_863 0.009913604706525803 0.5736441016197205 0.04281577467918397
img_864 0.009902369230985641 0.5664727687835693 0.046029690653085716
img_865 0.009990389458835125 0.5591871738433838 0.047100283205509186
img_866 0.010059644468128681 0.5517078042030334 0.0492440015077591
img_867 0.01026786770671606 0.5446124076843262 0.04951159656047822
img_868 0.01026786770671606 0.5446124076843262 0.04951159656047822
img_869 0.010490217246115208 0.5372688174247742 0.05058255046606064
img_870 0.010720429942011833 0.529925525188446 0.05245671421289444
img_871 0.011182568967342377 0.5224717259407043 0.051921252161264426
img_872 0.011352039873600006 0.5151243805885315 0.05352782085537911
img_873 0.011352039873600006 0.5151243805885315 0.05352782085537911
img_874 0.011681023053824902 0.5076630711555481 0.05406330898404123
img_875 0.011776890605688095 0.5000049471855164 0.055669829249382026
img_876 0.012379065155982971 0.49237504601478577 0.055134352296590805
img_877 0.012867939658463001 0.48479974269866943 0.0545988529920578
img_878 0.013307487592101097 0.477404922246933 0.054331075400114066
img_879 0.013307487592101097 0.477404922246933 0.054331075400114066
img_880 0.013776938430964947 0.4700743854045868 0.05459880083799362
img_881 0.014038126915693283 0.4620569050312042 0.05513433367013933
img_882 0.014038126915693283 0.4620569050312042 0.05513433367013933
img_883 0.014558875933289528 0.4545452892780304 0.05513432994484902
img_884 0.015348243527114391 0.43956631422042847 0.05540214478969575
img_885 0.015750166028738022 0.43168091773986816 0.05486673116683961
img_886 0.015750166028738022 0.43168091773986816 0.05486673116683961
img_887 0.0161916371434927 0.42428719997406006 0.05459899082779885
img_888 0.01657392643392086 0.41664475202560425 0.054063491523265846
img_889 0.01657392643392086 0.41664475202560425 0.054063491523265846
img_890 0.01700945571064949 0.40925073623657227 0.054598964750766754
img_891 0.017403723672032356 0.40203675627708435 0.05459896102547646
img_892 0.017619550228118896 0.39420247077941895 0.05620520561933518
img_893 0.017619550228118896 0.39420247077941895 0.05620520561933518
img_894 0.01788419857621193 0.3869820833206177 0.05647296831011773
img_895 0.0183444581925869 0.37946680188179016 0.05700844898819924
img_896 0.018537351861596107 0.37236493825912476 0.05861500650644302
img_897 0.018802059814333916 0.3648371398448944 0.05915056169033052
img_898 0.018802059814333916 0.3648371398448944 0.05915056169033052
img_899 0.019151294603943825 0.35774409770965576 0.0596860758960247
img_900 0.01947265863418579 0.3505888879299164 0.06209561601281167
img_901 0.019490020349621773 0.34347477555274963 0.06450551003217699
img_902 0.01987716183066368 0.33638498187065125 0.06584406644105913
img_903 0.01987716183066368 0.33638498187065125 0.06584406644105913
img_904 0.01988995261490345 0.32920679450035095 0.06852202117443085
img_905 0.020071368664503098 0.32191795110702515 0.07012839615345001
img_906 0.02023877575993538 0.3149951100349426 0.07253820449113847
img_907 0.020541885867714882 0.3078981637954712 0.07494769245386124
img_908 0.020541885867714882 0.3078981637954712 0.07494769245386124
img_909 0.020791633054614067 0.30079618096351624 0.07789281755685809
img_910 0.020860418677330017 0.2935560643672943 0.08083808422088624
img_911 0.021182289347052574 0.28651928901672363 0.08271232247352601
img_912 0.021306008100509644 0.27946606278419495 0.08619282394647597
img_913 0.021306008100509644 0.27946606278419495 0.08619282394647597
img_914 0.02182753011584282 0.2721986472606659 0.08699613809585574
img_915 0.022092359140515327 0.2650953531265259 0.09047609567642212
img_916 0.02240421250462532 0.25774481892585754 0.09154749661684036
img_917 0.022760579362511635 0.2507706582546234 0.09368916600942613
img_918 0.02314832992851734 0.24324363470077515 0.09770580381155015
img_919 0.02314832992851734 0.24324363470077515 0.09770580381155015
img_920 0.023641861975193024 0.23603501915931702 0.09850893169641496
img_921 0.02410700172185898 0.2284538447856903 0.09984757751226428
img_922 0.025223765522241592 0.2139224112033844 0.10332857072353363
img_923 0.025741565972566605 0.20653104782104492 0.10600543022155763
img_924 0.026349643245339394 0.19914588332176208 0.10654099285602572
img_925 0.026349643245339394 0.19914588332176208 0.10654099285602572
img_926 0.026693478226661682 0.1916101574897766 0.10921849310398103
img_927 0.02756444364786148 0.18431583046913147 0.1094862371683121
img_928 0.02756444364786148 0.18431583046913147 0.1094862371683121
img_929 0.028268413618206978 0.1769414097070694 0.11189600825309753
img_930 0.028862422332167625 0.16912269592285156 0.11082493513822556
img_931 0.029619375243782997 0.16200096905231476 0.1126990541815758
img_932 0.030303502455353737 0.15407101809978485 0.11430525779724122
img_933 0.030303502455353737 0.15407101809978485 0.11430525779724122
img_934 0.031071249395608902 0.14676380157470703 0.11564421653747561
img_935 0.03189115971326828 0.13909278810024261 0.11617979407310484
img_936 0.03265857324004173 0.13160255551338196 0.11617979407310484
img_937 0.033369649201631546 0.1242900937795639 0.11644753068685534
img_938 0.034068942070007324 0.11679104715585709 0.11939276009798051
img_939 0.034068942070007324 0.11679104715585709 0.11939276009798051
img_940 0.03479049727320671 0.10929223895072937 0.11992838978767395
img_941 0.03551575914025307 0.10179702192544937 0.12206998467445375
img_942 0.03628480061888695 0.09436739236116409 0.1231409311294556
img_943 0.03628480061888695 0.09436739236116409 0.1231409311294556
img_944 0.03678126633167267 0.08690299838781357 0.12474754452705385
img_945 0.03746958449482918 0.07970975339412689 0.12635393440723422
img_946 0.03823959082365036 0.07252638787031174 0.128228098154068
img_947 0.03873111680150032 0.0651211366057396 0.13170893490314484
img_948 0.039469510316848755 0.05793268233537674 0.13251215219497683
img_949 0.039469510316848755 0.05793268233537674 0.13251215219497683
img_950 0.04007362574338913 0.05072525143623352 0.13599318265914917
img_951 0.040659449994564056 0.04357651621103287 0.13813515007495886
img_952 0.04121715947985649 0.0364847332239151 0.14215138554573065
img_953 0.041873324662446976 0.029405206441879272 0.14482890069484713
img_954 0.041873324662446976 0.029405206441879272 0.14482890069484713
img_955 0.04205888509750366 0.022253504022955894 0.1464359760284424
img_956 0.041828203946352005 0.014858679845929146 0.14830954372882846
img_957 0.04171493276953697 0.007723524700850248 0.14830954372882846
img_958 0.0423867367208004 0.002748694736510515 0.14482893049716952
img_959 0.0423867367208004 0.002748694736510515 0.14482893049716952
img_960 0.04228144511580467 0.002980803605169058 0.14536444842815402
img_961 0.04228144511580467 0.002980803605169058 0.14536444842815402
img_962 0.04228144511580467 0.002980803605169058 0.14536444842815402
