img_0 0.0 0.0 0.0
img_1 3.534321513143368e-05 6.121621845522895e-05 -0.0002677515149116516
img_2 0.007386585231870413 0.00018167714006267488 -0.000535497791133821
img_3 0.022159423679113388 0.0005429641460068524 -2.0198058336973197e-08
img_4 0.029511868953704834 0.0006654137396253645 0.0005355624016374351
img_5 0.029511868953704834 0.0006654137396253645 0.0005355624016374351
img_6 0.029511868953704834 0.0006654137396253645 0.0005355624016374351
img_7 0.03643897548317909 0.0009139870526269078 0.0018743150867521765
img_8 0.043789058923721313 0.0010501781944185495 0.0032128784805536274
img_9 0.051140643656253815 0.001073797233402729 0.0021418407559394836
img_10 0.051140643656253815 0.001073797233402729 0.0021418407559394836
img_11 0.05813929811120033 0.0012112364638596773 0.0029452086891978983
img_12 0.06573769450187683 0.0014172688825055957 0.0032129660248756417
img_13 0.07312247157096863 0.0015021979343146086 0.002677589422091842
img_14 0.08054398000240326 0.001644499134272337 0.004284054972231387
img_15 0.08054398000240326 0.001644499134272337 0.004284054972231387
img_16 0.0877886563539505 0.0018591901753097773 0.004819571506232024
img_17 0.09517529606819153 0.0018335761269554496 0.004284092225134374
img_18 0.10261134058237076 0.0018654325976967812 0.005088869016617538
img_19 0.10963092744350433 0.0020844738464802504 0.006425214000046255
img_20 0.10963092744350433 0.0020844738464802504 0.006425214000046255
img_21 0.12461511790752411 0.0021746763959527016 0.006960143335163595
img_22 0.13193053007125854 0.002286810427904129 0.00696014240384102
img_23 0.13953092694282532 0.0021560448221862316 0.007227912545204163
img_24 0.13953092694282532 0.0021560448221862316 0.007227912545204163
img_25 0.14691832661628723 0.0021482196170836687 0.007495677564293147
img_26 0.14691832661628723 0.0021482196170836687 0.007495677564293147
img_27 0.1540570855140686 0.0022017299197614193 0.008031154982745647
img_28 0.1615504026412964 0.002139477292075753 0.007495665922760965
img_29 0.1692560762166977 0.002074798569083214 0.0077634239569306365
img_30 0.1692560762166977 0.002074798569083214 0.0077634239569306365
img_31 0.17653882503509521 0.002008880488574505 0.007227826863527299
img_32 0.18371307849884033 0.0018771213945001364 0.007495522499084474
img_33 0.19124244153499603 0.001749902730807662 0.0066922586411237725
img_34 0.19873374700546265 0.001800036639906466 0.006156850140541793
img_35 0.19873374700546265 0.001800036639906466 0.006156850140541793
img_36 0.20623020827770233 0.0016012456035241485 0.005621179472655059
img_37 0.21354585886001587 0.0013363657053560019 0.004818146117031575
img_38 0.22079168260097504 0.0013100584037601948 0.004550387617200614
img_39 0.22824953496456146 0.0011603517923504114 0.004282652400434019
img_40 0.22824953496456146 0.0011603517923504114 0.004282652400434019
img_41 0.23577937483787537 0.0010089239804074168 0.0026759239844977856
img_42 0.24313344061374664 0.0009061302989721298 0.002408084459602833
img_43 0.250410795211792 0.0006789200706407428 0.00187287072185427
img_44 0.25769302248954773 0.00044765707571059465 -0.0002694596769288183
img_45 0.26497355103492737 0.0004456948081497103 -1.7143029253929856e-06
img_46 0.26497355103492737 0.0004456948081497103 -1.7143029253929856e-06
img_47 0.27264589071273804 0.00013948604464530945 -0.0002695638395380229
img_48 0.2800649404525757 -0.00010728099732659757 -0.0026783659122884265
img_49 0.28752225637435913 -0.00018847183673642576 -0.002946120919659733
img_50 0.294772744178772 -0.0003936270368285477 -0.0032140826806426053
img_51 0.294772744178772 -0.0003936270368285477 -0.0032140826806426053
img_52 0.3020488917827606 -0.0006617543986067176 -0.004552154336124659
img_53 0.30975082516670227 -0.0006968153174966574 -0.005087464116513729
img_54 0.3169292211532593 -0.0007945878896862268 -0.005623278208076954
img_55 0.3247010409832001 -0.0009606811217963696 -0.005890930537134411
img_56 0.3247010409832001 -0.0009606811217963696 -0.005890930537134411
img_57 0.33222696185112 -0.0010662206914275885 -0.007497080601751805
img_58 0.3395431935787201 -0.0010598551016300917 -0.007497082464396955
img_59 0.34710434079170227 -0.0013614068739116192 -0.0077648255974054345
img_60 0.35452568531036377 -0.0014190338551998138 -0.007764824666082861
img_61 0.35452568531036377 -0.0014190338551998138 -0.007764824666082861
img_62 0.3616761267185211 -0.001351943239569664 -0.008032964542508127
img_63 0.3694053888320923 -0.0014751716516911983 -0.007230762857943774
img_64 0.3767906725406647 -0.0015897857956588268 -0.008569374680519106
img_65 0.3840731382369995 -0.0014073222409933805 -0.008301624096930027
img_66 0.3840731382369995 -0.0014073222409933805 -0.008301624096930027
img_67 0.3916703462600708 -0.0015316047938540578 -0.008033900521695616
img_68 0.3990567922592163 -0.0016521700890734792 -0.00937273818999529
img_69 0.40662097930908203 -0.0016006327932700515 -0.007230741903185845
img_70 0.41418495774269104 -0.0016553273890167475 -0.0074985185638070115
img_71 0.41418495774269104 -0.0016553273890167475 -0.0074985185638070115
img_72 0.4212518036365509 -0.0017083196435123682 -0.007230824790894986
img_73 0.4285348355770111 -0.00151608616579324 -0.006963045336306097
img_74 0.4358866214752197 -0.0014448470901697874 -0.0064275600016117105
img_75 0.4433799982070923 -0.0013705772580578923 -0.008569570258259775
img_76 0.4433799982070923 -0.0013705772580578923 -0.008569570258259775
img_77 0.45087316632270813 -0.001312361448071897 -0.007498615421354771
img_78 0.4579080045223236 -0.0011814511381089687 -0.0061597852036356935
img_79 0.46504902839660645 -0.0008581569418311119 -0.006427520886063577
img_80 0.4726141393184662 -0.0007843310595490038 -0.0058919452130794525
img_81 0.4726141393184662 -0.0007843310595490038 -0.0058919452130794525
img_82 0.4798944294452667 -0.0007048093830235302 -0.005624230019748211
img_83 0.4870694577693939 -0.000561527325771749 -0.005356499459594489
img_84 0.49452832341194153 -0.00041781639447435737 -0.005624272394925358
img_85 0.501562774181366 -0.0002737228060141206 -0.004285464994609356
img_86 0.501562774181366 -0.0002737228060141206 -0.004285464994609356
img_87 0.5086672306060791 1.8803984858095646e-06 -0.004285464063286782
img_88 0.5162663459777832 3.053182808798738e-05 -0.004017706029117108
img_89 0.5232303142547607 0.00030864396831020713 -0.0037499458994716415
img_90 0.5305471420288086 0.0004648597678169608 -0.0029466743580996995
img_91 0.5379696488380432 0.0006878458661958575 -0.003749902127310635
img_92 0.5379696488380432 0.0006878458661958575 -0.003749902127310635
img_93 0.5448972582817078 0.000906714762095362 -0.002411252120509744
img_94 0.5522493124008179 0.0010114258620887995 -0.0018757197540253405
img_95 0.5595657825469971 0.0010589206358417869 -0.001875717891380191
img_96 0.5669165253639221 0.0011675504501909018 -0.0005371177103370429
img_97 0.574196994304657 0.0014084918657317758 -0.0002693789137993008
img_98 0.5815850496292114 0.0014677284052595496 -0.0008049788884818556
img_99 0.5889715552330017 0.001645422074943781 0.00026597594842314726
img_100 0.5962159037590027 0.0017085561994463205 0.0016045466763898732
img_101 0.5962159037590027 0.0017085561994463205 0.0016045466763898732
img_102 0.6034968495368958 0.0018426782917231321 0.0010690137278288605
img_103 0.6109902262687683 0.0018506883643567562 0.002140107564628125
img_104 0.6182342171669006 0.0019273973302915692 0.0026755211874842644
img_105 0.6256209015846252 0.002008377341553569 0.002140010939911008
img_106 0.6256209015846252 0.002008377341553569 0.002140010939911008
img_107 0.633219838142395 0.0020858575589954853 0.0032110558822751054
img_108 0.6402885317802429 0.0021085552871227264 0.00347881205379963
img_109 0.6478517055511475 0.0020124437287449837 0.0032110856845974927
img_110 0.6553800702095032 0.0020978383254259825 0.003211083821952343
img_111 0.6626254320144653 0.0020598883274942636 0.0037465738132596025
img_112 0.6626254320144653 0.0020598883274942636 0.0037465738132596025
img_113 0.670152485370636 0.0021492985542863607 0.0037465747445821766
img_114 0.6777169704437256 0.0020551953930407763 0.004282124340534211
img_115 0.6849302649497986 0.001963601913303137 0.003478555008769035
img_116 0.6891361474990845 0.001549863489344716 0.005352170672267676
img_117 0.6891361474990845 0.001549863489344716 0.005352170672267676
img_118 0.688994824886322 0.0015491070225834846 0.004816781263798475
img_119 0.6890655159950256 0.0015494475373998284 0.00508453603833914
img_120 0.688994824886322 0.0015490880468860269 0.004816751461476087
img_121 0.689223051071167 0.005528921261429787 0.003745845519006253
img_122 0.689223051071167 0.005528921261429787 0.003745845519006253
img_123 0.6890177130699158 0.013179589062929153 0.005084489937871695
img_124 0.6888759136199951 0.02021893672645092 0.004281224682927132
img_125 0.6887387037277222 0.02750355377793312 0.00508452206850052
img_126 0.6889477968215942 0.035033829510211945 0.004013587255030871
img_127 0.6889477968215942 0.035033829510211945 0.004013587255030871
img_128 0.6888125538825989 0.042318250983953476 0.004816859029233456
img_129 0.6890611052513123 0.04942098259925842 0.0034780350979417567
img_130 0.6889297366142273 0.05670524016022682 0.0034780350979417567
img_131 0.6889765858650208 0.06356099992990494 0.0021394055802375083
img_132 0.6889765858650208 0.06356099992990494 0.0021394055802375083
img_133 0.6889968514442444 0.0706014633178711 0.0018716325284913184
img_134 0.6893367767333984 0.07782643288373947 0.0008005053969100117
img_135 0.6894722580909729 0.08517231047153473 -0.0010737122502177958
img_136 0.6894798874855042 0.09227193892002106 -0.001876802882179618
img_137 0.6894798874855042 0.09227193892002106 -0.001876802882179618
img_138 0.6897757053375244 0.0992499589920044 -0.0032155411317944527
img_139 0.6899048686027527 0.10641803592443466 -0.003215539269149304
img_140 0.690173864364624 0.11320598423480988 -0.005890602711588145
img_141 0.6901821494102478 0.12061429023742676 -0.00642617978155613
img_142 0.6904398202896118 0.12771278619766235 -0.007229310460388661
img_143 0.6904398202896118 0.12771278619766235 -0.007229310460388661
img_144 0.6906325221061707 0.13481351733207703 -0.008300442248582842
img_145 0.6907979846000671 0.14197391271591187 -0.009103608317673208
img_146 0.6909018754959106 0.1495041400194168 -0.009371403604745867
img_147 0.6908282041549683 0.15672776103019714 -0.009103683754801752
img_148 0.6908282041549683 0.15672776103019714 -0.009103683754801752
img_149 0.6911799907684326 0.16431516408920288 -0.00963914953172207
img_150 0.6911094188690186 0.17166180908679962 -0.00856819096952677
img_151 0.6911723613739014 0.1790088713169098 -0.009371593594551086
img_152 0.69081711769104 0.18635764718055725 -0.00856842752546072
img_153 0.69081711769104 0.18635764718055725 -0.00856842752546072
img_154 0.6912345886230469 0.19382338225841522 -0.008032875135540962
img_155 0.6910486817359924 0.20147596299648285 -0.006962034851312639
img_156 0.6911015510559082 0.2090667486190796 -0.006158761680126192
img_157 0.6909711956977844 0.21659672260284424 -0.005623294971883298
img_158 0.6909711956977844 0.21659672260284424 -0.005623294971883298
img_159 0.690732479095459 0.224434956908226 -0.003480980638414622
img_160 0.690758466720581 0.23190221190452576 -0.0034809787757694726
img_161 0.6906082630157471 0.2395610809326172 -0.00053329486399889
img_162 0.690365195274353 0.2473292052745819 -0.00026576398522593086
img_163 0.690365195274353 0.2473292052745819 -0.00026576398522593086
img_164 0.6899077296257019 0.2549821734428406 0.00160869921091944
img_165 0.6900722980499268 0.26251086592674255 0.0026795431040227413
img_166 0.689875066280365 0.2701628506183624 0.004018384031951428
img_167 0.689668595790863 0.27756884694099426 0.00455386145040393
img_168 0.6895655393600464 0.2846713960170746 0.005089507438242435
img_169 0.6895655393600464 0.2846713960170746 0.005089507438242435
img_170 0.6894193887710571 0.2925649583339691 0.005892487708479166
img_171 0.6894453167915344 0.3001561462879181 0.006160246208310128
img_172 0.6891528367996216 0.30744364857673645 0.007231904659420253
img_173 0.6892401576042175 0.3149096965789795 0.006161355413496495
img_174 0.6892401576042175 0.3149096965789795 0.006161355413496495
img_175 0.6888430714607239 0.32200703024864197 0.007232143077999354
img_176 0.6891000270843506 0.33670273423194885 0.006160968914628028
img_177 0.6892675757408142 0.34392645955085754 0.004554673098027706
img_178 0.6892675757408142 0.34392645955085754 0.004554673098027706
img_179 0.6891289353370667 0.351087749004364 0.004554674029350281
img_180 0.6893086433410645 0.35818907618522644 0.0037514953874051575
img_181 0.6893175840377808 0.3652300238609314 0.002680336590856314
img_182 0.6895809173583984 0.3724532425403595 0.002144910162314772
img_183 0.6895809173583984 0.3724532425403595 0.002144910162314772
img_184 0.6896363496780396 0.3795541226863861 3.0023511499166493e-06
img_185 0.6898130774497986 0.3867180049419403 -0.0005326162208802999
img_186 0.6900641918182373 0.39375683665275574 -0.0016034853179007773
img_187 0.6901110410690308 0.40091851353645325 -0.0018712149467319252
img_188 0.6901110410690308 0.40091851353645325 -0.0018712149467319252
img_189 0.690300464630127 0.40771278738975525 -0.004816316068172456
img_190 0.6904065608978271 0.41505858302116394 -0.005351839121431114
img_191 0.6905509233474731 0.42222073674201965 -0.005351837258785963
img_192 0.6908716559410095 0.4293193817138672 -0.007493600249290468
img_193 0.6908716559410095 0.4293193817138672 -0.007493600249290468
img_194 0.6907495260238647 0.4366052746772766 -0.007761351298540833
img_195 0.6911250948905945 0.4440098702907562 -0.00856461562216282
img_196 0.6909759640693665 0.451357364654541 -0.0077613592147827174
img_197 0.6915268301963806 0.4585772454738617 -0.009100195020437242
img_198 0.6915268301963806 0.4585772454738617 -0.009100195020437242
img_199 0.6911707520484924 0.4660477042198181 -0.008297095075249672
img_200 0.6913382411003113 0.4734545648097992 -0.008297091349959373
img_201 0.6910826563835144 0.4809867739677429 -0.007493808399885895
img_202 0.6915618777275085 0.4883301854133606 -0.006690461654216053
img_203 0.6915618777275085 0.4883301854133606 -0.006690461654216053
img_204 0.6912243962287903 0.49598273634910583 -0.006155087146908046
img_205 0.6912354230880737 0.5035170912742615 -0.0050834096036851415
img_206 0.6909564137458801 0.511166512966156 -0.004280588123947383
img_207 0.6907428503036499 0.5190638899803162 -0.0024064341560006133
img_208 0.6908320784568787 0.5267773270606995 -0.0021386684384197
img_209 0.6908320784568787 0.5267773270606995 -0.0021386684384197
img_210 0.6907418966293335 0.5341848731040955 -0.0005321226781234147
img_211 0.690427839756012 0.5417138934135437 0.0002710523549467325
img_212 0.6901782155036926 0.5494921207427979 0.002146237064152956
img_213 0.6901974081993103 0.5570192933082581 0.003484553424641491
img_214 0.6901974081993103 0.5570192933082581 0.003484553424641491
img_215 0.6899936199188232 0.5647915005683899 0.004019947722554208
img_216 0.6898227334022522 0.5721373558044434 0.0050910329446196565
img_217 0.6898560523986816 0.5794838666915894 0.0053587956354022035
img_218 0.6898560523986816 0.5794838666915894 0.0053587956354022035
img_219 0.6895326972007751 0.5870720148086548 0.006697369273751975
img_220 0.6896589994430542 0.5946032404899597 0.00616182666271925
img_221 0.6890832781791687 0.6020062565803528 0.007768184877932072
img_222 0.6894851922988892 0.6094165444374084 0.0066972114145755785
img_223 0.6891183257102966 0.6166991591453552 0.007500485051423313
img_224 0.6891183257102966 0.6166991591453552 0.007500485051423313
img_225 0.6893460750579834 0.6240508556365967 0.006161029916256666
img_226 0.6891253590583801 0.6312077641487122 0.006696220487356187
img_227 0.689501941204071 0.6383123397827148 0.005089528858661653
img_228 0.6892881393432617 0.6455957889556885 0.004821788519620896
img_229 0.6892881393432617 0.6455957889556885 0.004821788519620896
img_230 0.6895361542701721 0.6528236269950867 0.004286060109734535
img_231 0.6894005537033081 0.6597370505332947 0.0026803617365658288
img_232 0.6896639466285706 0.6669614315032959 0.002144849626347422
img_233 0.6898250579833984 0.6742461323738098 2.9553193598985676e-06
img_234 0.6898250579833984 0.6742461323738098 2.9553193598985676e-06
img_235 0.6900373697280884 0.6812330484390259 2.95625181934156e-06
img_236 0.6901785135269165 0.6879577040672302 -0.0010665906593203545
img_237 0.6900721192359924 0.6876516342163086 -0.0010665907757356763
img_238 0.6900721192359924 0.6876516342163086 -0.0010665907757356763
img_239 0.6900721192359924 0.6876516342163086 -0.0010665907757356763
img_240 0.6900721192359924 0.6876516342163086 -0.0010665907757356763
img_241 0.6899660229682922 0.6875905394554138 -0.00026342622004449373
img_242 0.6832149028778076 0.6872861981391907 0.001075432635843754
img_243 0.6760753989219666 0.6872785091400146 0.0021464664023369555
img_244 0.6688655614852905 0.6870181560516357 0.0013431706465780737
img_245 0.6613377928733826 0.6869468092918396 0.0005399423534981907
img_246 0.6541639566421509 0.6868817210197449 -0.0005309439147822559
img_247 0.6469169855117798 0.6867018938064575 -0.0018699823413044219
img_248 0.6392821669578552 0.6865937113761902 -0.0010666796006262302
img_249 0.6392821669578552 0.6865937113761902 -0.0010666796006262302
img_250 0.6247221231460571 0.6863701939582825 -0.003208473790436983
img_251 0.6247221231460571 0.6863701939582825 -0.003208473790436983
img_252 0.6171583533287048 0.6862720251083374 -0.003743975423276424
img_253 0.6098424196243286 0.6862382292747498 -0.0029407527763396493
img_254 0.6026327610015869 0.6862594485282898 -0.0045471927151083955
img_255 0.6026327610015869 0.6862594485282898 -0.0045471927151083955
img_256 0.5949959754943848 0.6861717104911804 -0.005350675433874131
img_257 0.5878585577011108 0.6862099170684814 -0.0042799459770321855
img_258 0.5802956819534302 0.6863647103309631 -0.006421968806535006
img_259 0.5729794502258301 0.6862280368804932 -0.005618802271783353
img_260 0.5729794502258301 0.6862280368804932 -0.005618802271783353
img_261 0.5655922293663025 0.6863307952880859 -0.0050832279957830915
img_262 0.5582772493362427 0.6864292025566101 -0.00588640943169594
img_263 0.5509964227676392 0.686349630355835 -0.0045477328822016725
img_264 0.5509964227676392 0.686349630355835 -0.0045477328822016725
img_265 0.5434680581092834 0.6863226294517517 -0.0029412121511995797
img_266 0.5362225770950317 0.6864051818847656 -0.005083328112959863
img_267 0.5287292003631592 0.6864432692527771 -0.00454777479171753
img_268 0.5213430523872375 0.6865381002426147 -0.0024058222770690922
img_269 0.5139573216438293 0.6868619322776794 -0.0018703389214351773
img_270 0.5139573216438293 0.6868619322776794 -0.0018703389214351773
img_271 0.4919399917125702 0.687197208404541 -0.0005316171445883812
img_272 0.4919399917125702 0.687197208404541 -0.0005316171445883812
img_273 0.48448339104652405 0.6873847842216492 0.0005392863531596961
img_274 0.47712987661361694 0.6873807907104492 0.001610600156709552
img_275 0.4696737825870514 0.6876747608184814 0.003484402783215047
img_276 0.4696737825870514 0.6876747608184814 0.003484402783215047
img_277 0.462392657995224 0.6878942251205444 0.0040198746137320995
img_278 0.45482882857322693 0.6877413988113403 0.004287657793611288
img_279 0.4474055767059326 0.6879544258117676 0.00509093375876546
img_280 0.4474055767059326 0.6879544258117676 0.00509093375876546
img_281 0.4474055767059326 0.6879544258117676 0.00509093375876546
img_282 0.4399826228618622 0.6881614923477173 0.004287709016352892
img_283 0.4325603246688843 0.6883745193481445 0.006697231438010932
img_284 0.4252423942089081 0.6886315941810608 0.008303741924464703
img_285 0.4252423942089081 0.6886315941810608 0.008303741924464703
img_286 0.41760432720184326 0.6886906623840332 0.006696564611047506
img_287 0.40993553400039673 0.6888229250907898 0.007767326664179564
img_288 0.4024764895439148 0.6889486312866211 0.00964169204235077
img_289 0.3950197398662567 0.6890603303909302 0.008303306996822357
img_290 0.3950197398662567 0.6890603303909302 0.008303306996822357
img_291 0.38780876994132996 0.6891229152679443 0.009106582030653952
img_292 0.3801395297050476 0.6891142725944519 0.010980730876326563
img_293 0.37264490127563477 0.6892768144607544 0.010712992399930957
img_294 0.36532703042030334 0.6893820762634277 0.010712989605963232
img_295 0.3576570153236389 0.6893611550331116 0.010980749502778055
img_296 0.3576570153236389 0.6893611550331116 0.010980749502778055
img_297 0.3500559628009796 0.6895837783813477 0.010713020339608194
img_298 0.3429884612560272 0.6895080804824829 0.011248468421399599
img_299 0.3351743221282959 0.689603865146637 0.01178408693522215
img_300 0.3279971778392792 0.689580500125885 0.011516247875988485
img_301 0.3279971778392792 0.689580500125885 0.011516247875988485
img_302 0.32068321108818054 0.6895574927330017 0.0107132438570261
img_303 0.3130844533443451 0.6895372867584229 0.010445499792695047
img_304 0.3057692050933838 0.6893996596336365 0.01124878041446209
img_305 0.2983827292919159 0.6893777847290039 0.010981043800711634
img_306 0.2983827292919159 0.6893777847290039 0.010981043800711634
img_307 0.29110193252563477 0.6894202828407288 0.011516488157212734
img_308 0.28392770886421204 0.6892764568328857 0.012052047066390516
img_309 0.2765779197216034 0.6891878843307495 0.009910341352224348
img_310 0.2692966163158417 0.6891157031059265 0.01124927680939436
img_311 0.2692966163158417 0.6891157031059265 0.01124927680939436
img_312 0.26184114813804626 0.6889706254005432 0.010713829658925535
img_313 0.25456252694129944 0.6887702345848083 0.010446088388562204
img_314 0.24749493598937988 0.688573956489563 0.010981637984514238
img_315 0.24017959833145142 0.6885548233985901 0.010981637053191664
img_316 0.24017959833145142 0.6885548233985901 0.010981637053191664
img_317 0.23286302387714386 0.6882907152175903 0.010178053751587868
img_318 0.225762277841568 0.6882796287536621 0.010178050026297568
img_319 0.21848294138908386 0.6880831122398376 0.010713568888604643
img_320 0.21123750507831573 0.687944233417511 0.0093745943158865
img_321 0.21123750507831573 0.687944233417511 0.0093745943158865
img_322 0.20424209535121918 0.6877562403678894 0.008571464568376541
img_323 0.1968204379081726 0.6876926422119141 0.008571464568376541
img_324 0.18940043449401855 0.6873841285705566 0.00696489028632641
img_325 0.1823323667049408 0.6873348951339722 0.0066971536725759515
img_326 0.1823323667049408 0.6873348951339722 0.0066971536725759515
img_327 0.1746980994939804 0.6872837543487549 0.005893865134567024
img_328 0.16759581863880157 0.6869357824325562 0.005893864203244449
img_329 0.16038653254508972 0.6868932843208313 0.004287488292902709
img_330 0.15282246470451355 0.6868608593940735 0.0037519345059990887
img_331 0.14568430185317993 0.686589241027832 0.003216443117707968
img_332 0.14568430185317993 0.686589241027832 0.003216443117707968
img_333 0.13833242654800415 0.6865655779838562 0.0018775886856019501
img_334 0.1308058351278305 0.6864902377128601 0.0018775868229568007
img_335 0.12359554320573807 0.6863542795181274 0.0026808991096913815
img_336 0.11631466448307037 0.6863347887992859 3.30805778503418e-06
img_337 0.11631466448307037 0.6863347887992859 3.30805778503418e-06
img_338 0.10878743976354599 0.6862735748291016 3.306195367258625e-06
img_339 0.10143564641475677 0.6861510872840881 0.0010743696475401519
img_340 0.09408439695835114 0.6860207319259644 -0.0010676445672288537
img_341 0.08676845580339432 0.6860897541046143 -0.0002643952029757203
img_342 0.08676845580339432 0.6860897541046143 -0.0002643952029757203
img_343 0.07938186079263687 0.6861529350280762 0.00027110078372061247
img_344 0.07192523777484894 0.6859672665596008 -0.002673871582373977
img_345 0.06461027264595032 0.6862928867340088 -0.0018706456758081915
img_346 0.05708179995417595 0.6862457394599915 -0.0010673613287508488
img_347 0.05708179995417595 0.6862457394599915 -0.0010673613287508488
img_348 0.049801118671894073 0.6861310601234436 -0.0013351077213883402
img_349 0.04248442128300667 0.6863244771957397 -0.0005317555624060334
img_350 0.0349917896091938 0.6864508986473083 3.740948159247637e-06
img_351 0.027712080627679825 0.6864508986473083 0.0005391679587773979
img_352 0.027712080627679825 0.6864508986473083 0.0005391679587773979
img_353 0.0203254297375679 0.6866305470466614 0.0010746587067842481
img_354 0.012938285246491432 0.6866838335990906 0.0016101861838251354
img_355 0.005584998521953821 0.6866719722747803 0.0034849322400987153
img_356 0.001095878891646862 0.6870847344398499 -0.0026720743626356125
img_357 0.0012017377885058522 0.6870232224464417 -0.0026720743626356125
img_358 0.0012017377885058522 0.6870232224464417 -0.0026720743626356125
img_359 0.0012017377885058522 0.6870232224464417 -0.0026720743626356125
img_360 0.0012017377885058522 0.6870232224464417 -0.0026720743626356125
img_361 0.0010476111201569438 0.6822488903999329 -0.00160110229626298
img_362 0.0011766342213377357 0.67453533411026 -0.003475387347862125
img_363 0.0011766342213377357 0.67453533411026 -0.003475387347862125
img_364 0.0011168275959789753 0.6674960255622864 -0.003207649569958449
img_365 0.0014099834952503443 0.6597204208374023 -0.004010924138128759
img_366 0.001381013193167746 0.6524978280067444 -0.004010926000773908
img_367 0.0013515229802578688 0.6451455950737 -0.004814877174794675
img_368 0.0013515229802578688 0.6451455950737 -0.004814877174794675
img_369 0.0012805728474631906 0.6377447247505188 -0.0029421458020806313
img_370 0.0013296423712745309 0.6303989887237549 -0.004280831664800645
img_371 0.0010923962108790874 0.6162591576576233 -0.0029420694336295137
img_372 0.0008942341082729399 0.6089744567871094 -0.0016032222192734484
img_373 0.0008942341082729399 0.6089744567871094 -0.0016032222192734484
img_374 0.0007060316274873912 0.6018123626708984 -0.0018709819996729495
img_375 0.0006920595187693834 0.594344973564148 -0.0002646787324920298
img_376 0.00051351438742131 0.5874276757240295 0.0010740594007074835
img_377 0.00034462433541193604 0.5801428556442261 0.002412796020507813
img_378 0.00034462433541193604 0.5801428556442261 0.002412796020507813
img_379 0.00014906989235896617 0.5732848048210144 0.0032162028364837165
img_380 0.0001367634831694886 0.5661234855651855 0.0050901840440928945
img_381 -0.0001799242600100115 0.5588976144790649 0.006161283701658249
img_382 -0.0002076124947052449 0.5519187450408936 0.007500019390136005
img_383 -0.0002076124947052449 0.5519187450408936 0.007500019390136005
img_384 -0.0003287875442765653 0.5445094704627991 0.008035591803491117
img_385 -0.0005902225384488702 0.5374693274497986 0.00964163802564144
img_386 -0.00048228600644506514 0.5299404263496399 0.010177137330174446
img_387 -0.0005886122235096991 0.5230204463005066 0.011516107246279718
img_388 -0.0005886122235096991 0.5230204463005066 0.011516107246279718
img_389 -0.0005026155267842114 0.5155532360076904 0.01151610538363457
img_390 -0.0007367779035121202 0.5082657933235168 0.013122504577040674
img_391 -0.00031935126753523946 0.5007308721542358 0.011513833887875082
img_392 -0.00031935126753523946 0.5007308721542358 0.011513833887875082
img_393 -0.00044946398702450097 0.4936373233795166 0.013118194416165354
img_394 -0.00024629582185298204 0.48623281717300415 0.012315005064010622
img_395 -0.00018740101950243115 0.47858041524887085 0.013386082835495475
img_396 1.6112404409796e-05 0.47129836678504944 0.01177970413118601
img_397 0.0002483478747308254 0.46358680725097656 0.011511933989822865
img_398 0.0002483478747308254 0.46358680725097656 0.011511933989822865
img_399 0.0004063962260261178 0.4559980630874634 0.01097648032009602
img_400 0.0006657642661593854 0.4484703838825226 0.009637637063860895
img_401 0.0007377479341812432 0.44100144505500793 0.009637637063860895
img_402 0.0010576643981039524 0.433475524187088 0.0069604539312422276
img_403 0.0010772867826744914 0.4255784749984741 0.008031468838453295
img_404 0.0014906397555023432 0.41811403632164 0.005354266148060561
img_405 0.0014906397555023432 0.41811403632164 0.005354266148060561
img_406 0.0015656516188755631 0.41070613265037537 0.005086475051939488
img_407 0.0017099602846428752 0.4031780958175659 0.0034801615402102475
img_408 0.001878183800727129 0.3954649567604065 0.0032123909331858167
img_409 0.001878183800727129 0.3954649567604065 0.0032123909331858167
img_410 0.002126813167706132 0.3802851140499115 0.0008027322473935784
img_411 0.002203493844717741 0.372816801071167 0.0010704821906983855
img_412 0.002203493844717741 0.372816801071167 0.0010704821906983855
img_413 0.0023177636321634054 0.36516156792640686 -0.0005367271369323134
img_414 0.0023844828829169273 0.3578181564807892 -0.0010720458813011648
img_415 0.002553503029048443 0.3506563603878021 -0.0008043216075748206
img_416 0.0024062166921794415 0.34331032633781433 0.00026671274099498987
img_417 0.0024062166921794415 0.34331032633781433 0.00026671274099498987
img_418 0.0024081426672637463 0.336086630821228 0.00026671274099498987
img_419 0.0021627387031912804 0.3286801278591156 0.000534437014721334
img_420 0.002201847266405821 0.3216395676136017 0.0018733280012384061
img_421 0.002003551460802555 0.3142933249473572 0.0018733261385932565
img_422 0.0019109437707811594 0.30713123083114624 0.0034797440748661765
img_423 0.0019109437707811594 0.30713123083114624 0.0034797440748661765
img_424 0.0017240329179912806 0.29990747570991516 0.0034797422122210264
img_425 0.001570969820022583 0.29311224818229675 0.006424856372177603
img_426 0.0015832183416932821 0.2857036888599396 0.006692652590572835
img_427 0.001417058170773089 0.2788465619087219 0.008299073204398159
img_428 0.0013366623315960169 0.27150049805641174 0.009369960986077787
img_429 0.0013366623315960169 0.27150049805641174 0.009369960986077787
img_430 0.0011552097275853157 0.2644577622413635 0.012047806754708292
img_431 0.001099401037208736 0.25735604763031006 0.012315534986555578
img_432 0.001083090784959495 0.250070184469223 0.013118826784193516
img_433 0.001031671417877078 0.24321256577968597 0.014189851470291615
img_434 0.0008532254723832011 0.23586490750312805 0.015528323128819467
img_435 0.0008532254723832011 0.23586490750312805 0.015528323128819467
img_436 0.0008297343738377094 0.22827209532260895 0.017402764409780502
img_437 0.0010603643022477627 0.22111335396766663 0.016599580645561218
img_438 0.0010603643022477627 0.22111335396766663 0.016599580645561218
img_439 0.0010690658818930387 0.20660246908664703 0.017670379951596264
img_440 0.0010690658818930387 0.20660246908664703 0.017670379951596264
img_441 0.0010275866370648146 0.19894909858703613 0.019009033218026165
img_442 0.0014499214012175798 0.1916096806526184 0.018473515287041664
img_443 0.0014499214012175798 0.1916096806526184 0.018473515287041664
img_444 0.0015536572318524122 0.18408189713954926 0.018741223961114883
img_445 0.0017928334418684244 0.16932998597621918 0.018205694854259498
img_446 0.0017928334418684244 0.16932998597621918 0.018205694854259498
img_447 0.0020403750240802765 0.16155877709388733 0.018205692991614342
img_448 0.0024976469576358795 0.1539149135351181 0.01579627394676209
img_449 0.0025449455715715885 0.14644482731819153 0.015528465621173385
img_450 0.002905359258875251 0.13916629552841187 0.015260768122971058
img_451 0.002850911347195506 0.13112634420394897 0.014992384240031244
img_452 0.002850911347195506 0.13112634420394897 0.014992384240031244
img_453 0.0033513803500682116 0.12362057715654373 0.012855252251029015
img_454 0.0033513803500682116 0.12362057715654373 0.012855252251029015
img_455 0.0035164745058864355 0.11627691239118576 0.011516628786921503
img_456 0.0037812981754541397 0.10862752050161362 0.011784375645220281
img_457 0.00383324665017426 0.10121992230415344 0.010445518419146538
img_458 0.004091127309948206 0.0934486985206604 0.009910079650580885
img_459 0.004091127309948206 0.0934486985206604 0.009910079650580885
img_460 0.0042370520532131195 0.08585798740386963 0.00857115164399147
img_461 0.0042662532068789005 0.07832647114992142 0.00883896928280592
img_462 0.004545294679701328 0.07074062526226044 0.007233049720525744
img_463 0.004457053262740374 0.06339346617460251 0.008304108865559101
img_464 0.004457053262740374 0.06339346617460251 0.008304108865559101
img_465 0.00462563568726182 0.05586359649896622 0.007500700652599333
img_466 0.004536636173725128 0.048886094242334366 0.007768373470753433
img_467 0.004664395470172167 0.04154033213853836 0.008839466609060764
img_468 0.00451403483748436 0.03456027805805206 0.008036231622099878
img_469 0.004576023202389479 0.02684669755399227 0.010446177795529367
img_470 0.004576023202389479 0.02684669755399227 0.010446177795529367
img_471 0.004507566802203655 0.019868042320013046 0.010713888332247734
img_472 0.004371589981019497 0.012764697894454002 0.01312378514558077
img_473 0.004361169878393412 0.005479670129716396 0.012320577166974546
img_474 0.004361169878393412 0.005479670129716396 0.012320577166974546
img_475 0.00429070508107543 -0.0002757059410214424 0.013391532935202122
img_476 0.0043219467625021935 3.082471084780991e-05 0.013123778626322748
img_477 0.004392636474221945 3.175247911713086e-05 0.01339156646281481
img_478 0.004392636474221945 3.175247911713086e-05 0.01339156646281481
img_479 0.004635909106582403 0.0003411080106161535 0.011517372913658617
img_480 0.004635909106582403 0.0003411080106161535 0.011517372913658617
img_481 0.011136429384350777 0.0006608840776607394 0.007232938427478077
img_482 0.018099963665008545 0.000527604075614363 0.0050909952260553845
img_483 0.025273125618696213 0.0008702136110514402 0.00616202224045992
img_484 0.03265867009758949 0.0010993782198056579 0.006429780274629595
img_485 0.03265867009758949 0.0010993782198056579 0.006429780274629595
img_486 0.03979767858982086 0.001145281014032662 0.006162034813314677
img_487 0.04711322486400604 0.0011291485279798508 0.007768388837575913
img_488 0.054286252707242966 0.001368526485748589 0.008839393965899946
img_489 0.06163816899061203 0.0013110815780237317 0.00857164990156889
img_490 0.06163816899061203 0.0013110815780237317 0.00857164990156889
img_491 0.06912897527217865 0.001620178809389472 0.011249315924942493
img_492 0.07623052597045898 0.0018837320385500789 0.009642789140343666
img_493 0.0837593525648117 0.0018951096571981907 0.010446097701787947
img_494 0.09100115299224854 0.0021543875336647034 0.01098150759935379
img_495 0.09100115299224854 0.0021543875336647034 0.01098150759935379
img_496 0.09828202426433563 0.002234345767647028 0.011249278672039512
img_497 0.10570482909679413 0.002195412991568446 0.011249277740716936
img_498 0.11287979036569595 0.0022149081341922283 0.01151703204959631
img_499 0.12030025571584702 0.002422819146886468 0.013123607262969019
img_500 0.12030025571584702 0.002422819146886468 0.013123607262969019
img_501 0.12804101407527924 0.0025856494903564453 0.013123610988259317
img_502 0.1352483332157135 0.0026802406646311283 0.013926635496318342
img_503 0.1426357477903366 0.0025994908064603806 0.014194345101714136
img_504 0.14995189011096954 0.0026421230286359787 0.013391095213592054
img_505 0.1573396772146225 0.002557412488386035 0.013658821582794188
img_506 0.1573396772146225 0.002557412488386035 0.013658821582794188
img_507 0.1647293120622635 0.002474659588187933 0.015533360652625562
img_508 0.17239807546138763 0.0025325724855065346 0.014462458901107313
img_509 0.1795729398727417 0.0025751227512955666 0.013926951214671135
img_510 0.1795729398727417 0.0025751227512955666 0.013926951214671135
img_511 0.18699826300144196 0.00243363413028419 0.016336899250745773
img_512 0.1943889558315277 0.0023706634528934956 0.014194322749972345
img_513 0.20181098580360413 0.002231222577393055 0.013391368091106418
img_514 0.20937760174274445 0.002210076665505767 0.013927027583122255
img_515 0.21658940613269806 0.002065663691610098 0.011517573148012161
img_516 0.21658940613269806 0.002065663691610098 0.011517573148012161
img_517 0.22405005991458893 0.0018454859964549541 0.011249815113842489
img_518 0.23136694729328156 0.0017441613599658012 0.010446647182106973
img_519 0.23875804245471954 0.0015152131672948599 0.009107606485486032
img_520 0.2463557869195938 0.0014008140424266458 0.009375276044011116
img_521 0.2463557869195938 0.0014008140424266458 0.009375276044011116
img_522 0.2536029815673828 0.0012850920902565122 0.009107512421905996
img_523 0.2608138620853424 0.0011059279786422849 0.007501237560063602
img_524 0.26827332377433777 0.0009782089618965983 0.006430110894143581
img_525 0.2756958305835724 0.0009035051334649324 0.005626881495118142
img_526 0.2756958305835724 0.0009035051334649324 0.005626881495118142
img_527 0.2831195890903473 0.0005779878702014685 0.0056268824264407175
img_528 0.2907906472682953 0.00031506724189966917 0.00455588148906827
img_529 0.29800114035606384 0.0003479172883089632 0.0037525668740272526
img_530 0.30531787872314453 6.930713425390422e-05 0.00294936029240489
img_531 0.30531787872314453 6.930713425390422e-05 0.00294936029240489
img_532 0.3129878342151642 -9.172080899588764e-05 0.0010751071386039261
img_533 0.32019758224487305 -0.0002063955762423575 -0.0005313117289915682
img_534 0.32768964767456055 -0.00045522305299527943 0.00134280847851187
img_535 0.3353240489959717 -0.0005674065905623138 0.0005395411862991751
img_536 0.3353240489959717 -0.0005674065905623138 0.0005395411862991751
img_537 0.3427816927433014 -0.0006246011471375823 -0.0005314931622706354
img_538 0.3500971496105194 -0.0006897012935951352 0.00027170119574293494
img_539 0.35762593150138855 -0.0008713205461390316 -0.0013349435757845642
img_540 0.36501172184944153 -0.0009423900046385825 -0.0018703814130276444
img_541 0.37254002690315247 -0.0010176904033869505 -0.0002638000296428799
img_542 0.37254002690315247 -0.0010176904033869505 -0.0002638000296428799
img_543 0.37996169924736023 -0.0011420749360695481 -0.001067016739398241
img_544 0.38752812147140503 -0.0011501488042995334 -0.0013348764041438703
img_545 0.3949846625328064 -0.0009764812421053648 3.6871060729026803e-06
img_546 0.3949846625328064 -0.0009764812421053648 3.6871060729026803e-06
img_547 0.40233394503593445 -0.0010988516733050346 -0.001870031119324267
img_548 0.4098626673221588 -0.0011741535272449255 -0.0018700320506468417
img_549 0.4170730710029602 -0.0010652020573616028 -0.0002634854754433036
img_550 0.424426406621933 -0.001312072854489088 -0.0013347845524549486
img_551 0.424426406621933 -0.001312072854489088 -0.0013347845524549486
img_552 0.4321626126766205 -0.0012612149585038424 -0.0005319468327797949
img_553 0.43916162848472595 -0.0010200412943959236 -0.0013353063259273767
img_554 0.4466199576854706 -0.0009687779238447547 -0.0007997427601367235
img_555 0.4541473388671875 -0.0009135886211879551 -0.0007997427601367235
img_556 0.46139198541641235 -0.0007357554859481752 -0.0002643022453412414
img_557 0.46139198541641235 -0.0007357554859481752 -0.0002643022453412414
img_558 0.468461275100708 -0.0006151807028800249 0.0008068000897765162
img_559 0.47592025995254517 -0.0005479336832650006 0.0005389904836192728
img_560 0.4831639230251312 -0.0003604211378842592 0.0010743781458586454
img_561 0.49037307500839233 -0.0002302563370903954 0.0010743809398263695
img_562 0.49037307500839233 -0.0002302563370903954 0.0010743809398263695
img_563 0.49783146381378174 -3.856640250887722e-05 0.0008065892616286875
img_564 0.5047582387924194 8.944587898440659e-05 0.0005388543359003962
img_565 0.5120381116867065 0.00021578803716693074 0.0032160941045731306
img_566 0.5193196535110474 0.00048412923933938146 0.0018770263995975258
img_567 0.5193196535110474 0.00048412923933938146 0.0018770263995975258
img_568 0.5263862609863281 0.0007422032067552209 0.0013416456058621409
img_569 0.5338431000709534 0.0009358485694974661 0.004286795854568482
img_570 0.5410169959068298 0.0010278144618496299 0.0029481172095984225
img_571 0.5483677387237549 0.0012943538604304194 0.0034836290869861846
img_572 0.5483677387237549 0.0012943538604304194 0.0034836290869861846
img_573 0.555471658706665 0.001380319008603692 0.005090178456157447
img_574 0.5627163052558899 0.0014784098602831364 0.004822440445423128
img_575 0.5702090859413147 0.0017594541423022747 0.005090239457786084
img_576 0.5774533748626709 0.0017351227579638362 0.006428761873394252
img_577 0.5774533748626709 0.0017351227579638362 0.006428761873394252
img_578 0.584698498249054 0.0018429200863465667 0.006160997319966555
img_579 0.5922731757164001 0.00213487446308136 0.0066974125802516955
img_580 0.5993987321853638 0.002304814523085952 0.007231959607452156
img_581 0.6067654490470886 0.0022354116663336754 0.00776852946728468
img_582 0.6142438650131226 0.0024157296866178513 0.008035806939005852
img_583 0.6142438650131226 0.0024157296866178513 0.008035806939005852
img_584 0.6215589642524719 0.0026581869460642338 0.008839144371449949
img_585 0.6287683248519897 0.00247712479904294 0.00964211579412222
img_586 0.6364054083824158 0.0025507640093564987 0.008838512003421785
img_587 0.6436471343040466 0.0026759663596749306 0.010176757350564005
img_588 0.6436471343040466 0.0026759663596749306 0.010176757350564005
img_589 0.6510694026947021 0.002751503139734268 0.01017675828188658
img_590 0.6585646867752075 0.002582891844213009 0.009641226381063463
img_591 0.6659512519836426 0.0027153349947184324 0.009909005835652351
img_592 0.6733722686767578 0.0025440978351980448 0.010711925104260445
img_593 0.6733722686767578 0.0025440978351980448 0.010711925104260445
img_594 0.680656373500824 0.002377207623794675 0.009372944943606855
img_595 0.6879358887672424 0.0024454400409013033 0.008837507106363773
img_596 0.6928526163101196 0.0020603265147656202 0.017406277358531952
img_597 0.6928504705429077 0.0021827335003763437 0.017406277358531952
img_598 0.6927797794342041 0.0021815025247633457 0.0171384084969759
img_599 0.6927797794342041 0.0021815025247633457 0.0171384084969759
img_600 0.6927797794342041 0.0021815025247633457 0.0171384084969759
img_601 0.693073034286499 0.0077580660581588745 0.014193121343851093
img_602 0.6929325461387634 0.015163594856858253 0.015264074318110945
img_603 0.6929325461387634 0.015163594856858253 0.015264074318110945
img_604 0.6929292678833008 0.02232813835144043 0.013657236471772196
img_605 0.6927221417427063 0.02973167970776558 0.014460332691669466
img_606 0.6929022073745728 0.03683781251311302 0.013121256604790688
img_607 0.6926990747451782 0.04424110800027847 0.01312125846743584
img_608 0.6926990747451782 0.04424110800027847 0.01312125846743584
img_609 0.6928179264068604 0.05134390667080879 0.010711650364100933
img_610 0.692635178565979 0.058505285531282425 0.011514976620674135
img_611 0.6927640438079834 0.06573067605495453 0.009105242788791656
img_612 0.6927700638771057 0.07283245027065277 0.009373007342219353
img_613 0.6928448677062988 0.07993454486131668 0.00830200035125017
img_614 0.6928448677062988 0.07993454486131668 0.00830200035125017
img_615 0.6931034326553345 0.08709849417209625 0.005892487242817879
img_616 0.6932387351989746 0.09414251893758774 0.005356739275157453
img_617 0.6935526728630066 0.10148745775222778 0.0034831936936825514
img_618 0.6935995221138 0.1083490327000618 0.003751148702576757
img_619 0.6935995221138 0.1083490327000618 0.003751148702576757
img_620 0.6938549876213074 0.11556852608919144 0.000807934207841754
img_621 0.6938847303390503 0.12248581647872925 0.0005401888629421593
img_622 0.6939867734909058 0.12989208102226257 -0.001066117198206484
img_623 0.6941708326339722 0.1368088573217392 -0.0016015815781429416
img_624 0.6941708326339722 0.1368088573217392 -0.0016015815781429416
img_625 0.6942532658576965 0.14415447413921356 -0.002137070056051016
img_626 0.6944453120231628 0.15131695568561554 -0.0026726135984063157
img_627 0.6943245530128479 0.15903067588806152 -0.0024048555642366414
img_628 0.6945891380310059 0.16619157791137695 -0.003475746139883995
img_629 0.6943323612213135 0.1736605316400528 -0.002940268255770207
img_630 0.6943323612213135 0.1736605316400528 -0.002940268255770207
img_631 0.6945304870605469 0.1809447705745697 -0.0034757761750370255
img_632 0.6945217251777649 0.18859736621379852 -0.002404700499027968
img_633 0.6944687962532043 0.19609582424163818 -0.0026735216379165654
img_634 0.6944687962532043 0.19609582424163818 -0.0026735216379165654
img_635 0.6944189667701721 0.2037775069475174 -0.0013402675976976754
img_636 0.6941816210746765 0.21130776405334473 -0.00026921520475298177
img_637 0.6940069198608398 0.2188376784324646 0.00026630953652784223
img_638 0.6938635110855103 0.22655069828033447 0.0029437632765620956
img_639 0.6938635110855103 0.22655069828033447 0.0029437632765620956
img_640 0.693805992603302 0.23407946527004242 0.0032114922069013114
img_641 0.6937109231948853 0.24167247116565704 0.0045506851747632035
img_642 0.6934643983840942 0.24925990402698517 0.0037476771976798777
img_643 0.6932585835456848 0.25703343749046326 0.006692864466458561
img_644 0.6929947733879089 0.26474863290786743 0.007496492937207223
img_645 0.6929947733879089 0.26474863290786743 0.007496492937207223
img_646 0.6929039359092712 0.272151917219162 0.008567010983824732
img_647 0.6925572156906128 0.2796173691749573 0.008299267850816252
img_648 0.6926355957984924 0.2872088849544525 0.010441222228109837
img_649 0.6924843788146973 0.294921875 0.010173442773520947
img_650 0.6924843788146973 0.294921875 0.010173442773520947
img_651 0.6923761963844299 0.30208268761634827 0.010441167280077936
img_652 0.692014217376709 0.3096698522567749 0.010976653546094896
img_653 0.6922176480293274 0.3168960511684418 0.010441149584949017
img_654 0.6919289231300354 0.3242392838001251 0.010441151447594168
img_655 0.6919289231300354 0.3242392838001251 0.010441151447594168
img_656 0.6920655369758606 0.3314650356769562 0.00963785406202078
img_657 0.6919599771499634 0.33874908089637756 0.009905607439577581
img_658 0.6921016573905945 0.34585124254226685 0.00829925574362278
img_659 0.692076563835144 0.35313645005226135 0.008031487464904785
img_660 0.692076563835144 0.35313645005226135 0.008031487464904785
img_661 0.6920902132987976 0.3602384626865387 0.007495937868952751
img_662 0.692143440246582 0.3672778010368347 0.006692815572023393
img_663 0.6922007203102112 0.37456315755844116 0.005889555439352991
img_664 0.6925837397575378 0.3815438449382782 0.0034799107816070323
img_665 0.6925837397575378 0.3815438449382782 0.0034799107816070323
img_666 0.6926292777061462 0.3887677490711212 0.0029443958774209027
img_667 0.692855954170227 0.3958086371421814 0.0010700452839955685
img_668 0.6928834915161133 0.4030928611755371 0.0008023137925192716
img_669 0.6930192708969116 0.4100714325904846 -0.0026783584617078313
img_670 0.6930192708969116 0.4100714325904846 -0.0026783584617078313
img_671 0.6932151913642883 0.41723397374153137 -0.001607241807505489
img_672 0.6932970881462097 0.42421165108680725 -0.0029458354692906146
img_673 0.6934945583343506 0.43125200271606445 -0.004284789785742761
img_674 0.6935967206954956 0.43859729170799255 -0.005623491480946542
img_675 0.6938864588737488 0.4461248815059662 -0.005891224369406701
img_676 0.6938864588737488 0.4461248815059662 -0.005891224369406701
img_677 0.6937177181243896 0.4534716010093689 -0.005088008474558593
img_678 0.6940022110939026 0.4607553482055664 -0.006159066688269378
img_679 0.6937297582626343 0.46816402673721313 -0.005355845205485822
img_680 0.693946123123169 0.4755702614784241 -0.005891357548534871
img_681 0.693946123123169 0.4755702614784241 -0.005891357548534871
img_682 0.6940258145332336 0.4830993711948395 -0.004552625119686127
img_683 0.6938126683235168 0.4906308650970459 -0.004284841474145651
img_684 0.6937745213508606 0.4982208013534546 -0.00374941504560411
img_685 0.6936265230178833 0.5058735609054565 -0.002410632790997625
img_686 0.6936265230178833 0.5058735609054565 -0.002410632790997625
img_687 0.6935741305351257 0.5134636163711548 -0.001875189831480384
img_688 0.6933412551879883 0.5212406516075134 0.000803061993792653
img_689 0.6933353543281555 0.5285845398902893 3.020977601408959e-08
img_690 0.6931939721107483 0.5362977981567383 0.0018742927350103855
img_691 0.6931939721107483 0.5362977981567383 0.0018742927350103855
img_692 0.6928970217704773 0.543887734413147 0.0024097729474306115
img_693 0.6927722692489624 0.5516625642776489 0.005623053293675184
img_694 0.6925175786018372 0.5592513680458069 0.004819871857762338
img_695 0.6924459338188171 0.5667824745178223 0.00669457856565714
img_696 0.6924459338188171 0.5667824745178223 0.00669457856565714
img_697 0.692149817943573 0.5740646719932556 0.006962304469197991
img_698 0.6923073530197144 0.5819025635719299 0.008569007739424707
img_699 0.6921030879020691 0.5892456769943237 0.00883671175688505
img_700 0.6920371055603027 0.5967128872871399 0.008033553138375282
img_701 0.6920371055603027 0.5967128872871399 0.008033553138375282
img_702 0.6916595101356506 0.6041176915168762 0.009640153497457506
img_703 0.6919061541557312 0.611527144908905 0.008836944587528707
img_704 0.6917009353637695 0.6187493205070496 0.009104705415666103
img_705 0.6916699409484863 0.6260355710983276 0.007230065297335387
img_706 0.6916177272796631 0.6332573890686035 0.008033155463635921
img_707 0.6916177272796631 0.6332573890686035 0.008033155463635921
img_708 0.6917717456817627 0.6404827237129211 0.007229865528643132
img_709 0.6917902231216431 0.6477063298225403 0.006694381125271321
img_710 0.6917068958282471 0.6548694372177124 0.005355392582714559
img_711 0.6919171810150146 0.6617861390113831 0.004284693393856288
img_712 0.6919171810150146 0.6617861390113831 0.004284693393856288
img_713 0.6920276284217834 0.6690105199813843 0.0032136393710970883
img_714 0.69239342212677 0.6761742234230042 0.0018748510628938677
img_715 0.6923094391822815 0.6832751035690308 0.0016071003628894689
img_716 0.6920538544654846 0.6883555054664612 0.00267808185890317
img_717 0.6920538544654846 0.6883555054664612 0.00267808185890317
img_718 0.6921252012252808 0.6881107687950134 0.002142463112249971
img_719 0.6921252012252808 0.6881107687950134 0.002142463112249971
img_720 0.6921252012252808 0.6881107687950134 0.002142463112249971
img_721 0.6879212260246277 0.6874284744262695 -0.006960179656744004
img_722 0.6879212260246277 0.6874284744262695 -0.006960179656744004
img_723 0.6809940934181213 0.6874766945838928 -0.004282642155885697
img_724 0.6736431121826172 0.6876305937767029 -0.004818161483854055
img_725 0.666326105594635 0.6873598098754883 -0.0072277821600437156
img_726 0.6589372158050537 0.6871071457862854 -0.007495539262890816
img_727 0.6589372158050537 0.6871071457862854 -0.007495539262890816
img_728 0.6517284512519836 0.6872836351394653 -0.008298779837787151
img_729 0.6442325115203857 0.6868561506271362 -0.009369701147079468
img_730 0.6370906233787537 0.686923086643219 -0.009101841598749159
img_731 0.6295298933982849 0.6869919300079346 -0.009637174196541311
img_732 0.6295298933982849 0.6869919300079346 -0.009637174196541311
img_733 0.6222818493843079 0.6867556571960449 -0.010975949466228487
img_734 0.6149283647537231 0.6865915060043335 -0.009904964827001095
img_735 0.6075413227081299 0.686725914478302 -0.01177954860031605
img_736 0.6004035472869873 0.6868100166320801 -0.011511838063597681
img_737 0.5929418206214905 0.6864674091339111 -0.01124409306794405
img_738 0.5929418206214905 0.6864674091339111 -0.01124409306794405
img_739 0.5856305956840515 0.686855673789978 -0.01204724423587322
img_740 0.5782056450843811 0.6867002248764038 -0.012850551865994932
img_741 0.5707093477249146 0.6864292621612549 -0.013118283823132518
img_742 0.5632166862487793 0.6865275502204895 -0.013386056758463384
img_743 0.5632166862487793 0.6865275502204895 -0.013386056758463384
img_744 0.5560764670372009 0.6865006685256958 -0.01231506559997797
img_745 0.5485807061195374 0.6864705085754395 -0.01258289068937302
img_746 0.541411817073822 0.6867443323135376 -0.0120476046577096
img_747 0.5339548587799072 0.6868954300880432 -0.010976475663483145
img_748 0.5339548587799072 0.6868954300880432 -0.010976475663483145
img_749 0.5263893008232117 0.686733603477478 -0.010708730667829515
img_750 0.5193929076194763 0.6869309544563293 -0.009102182462811472
img_751 0.511867105960846 0.6871830821037292 -0.009102182462811472
img_752 0.5043025016784668 0.6870070695877075 -0.009637633338570597
img_753 0.49720075726509094 0.6872591972351074 -0.00883439462631941
img_754 0.4822169840335846 0.6875020265579224 -0.006959950551390649
img_755 0.4822169840335846 0.6875020265579224 -0.006959950551390649
img_756 0.4751134514808655 0.6876127123832703 -0.005353409331291915
img_757 0.4751134514808655 0.6876127123832703 -0.005353409331291915
img_758 0.46755221486091614 0.6880204677581787 -0.004282420035451652
img_759 0.46755221486091614 0.6880204677581787 -0.004282420035451652
img_760 0.4600595235824585 0.6881750226020813 -0.003746880684047938
img_761 0.4528147578239441 0.6881409287452698 -0.00347916060127318
img_762 0.44507548213005066 0.6883515119552612 -0.0042823958210647115
img_763 0.43779486417770386 0.6883826851844788 -0.002140393713489175
img_764 0.43779486417770386 0.6883826851844788 -0.002140393713489175
img_765 0.4303014576435089 0.688521146774292 -0.0024081778246909384
img_766 0.4228099584579468 0.6889064908027649 -0.001872701803222299
img_767 0.41521161794662476 0.6889819502830505 -0.0005340026691555978
img_768 0.4077901542186737 0.6888635158538818 0.00026917597278952593
img_769 0.4077901542186737 0.6888635158538818 0.00026917597278952593
img_770 0.40019121766090393 0.6891675591468811 0.0008046829025261104
img_771 0.39276862144470215 0.6892840266227722 0.0016079813940450553
img_772 0.38545316457748413 0.6892110705375671 0.0024111825041472916
img_773 0.37796011567115784 0.6894378662109375 0.002143440302461386
img_774 0.37796011567115784 0.6894378662109375 0.002143440302461386
img_775 0.37046724557876587 0.6895442605018616 0.002678930759429932
img_776 0.3628681004047394 0.6895851492881775 0.00241117156110704
img_777 0.35544517636299133 0.6896896958351135 0.002411170629784465
img_778 0.34809401631355286 0.6899167895317078 0.0026788916438817982
img_779 0.34809401631355286 0.6899167895317078 0.0026788916438817982
img_780 0.34028396010398865 0.68958979845047 0.0024111396633088593
img_781 0.3330729305744171 0.6898173093795776 0.0032144414726644754
img_782 0.3256851136684418 0.68997722864151 0.0037499817553907637
img_783 0.31819429993629456 0.6898267269134521 0.0034822805318981405
img_784 0.31819429993629456 0.6898267269134521 0.0034822805318981405
img_785 0.31091415882110596 0.689678966999054 0.004017774946987629
img_786 0.3035612404346466 0.6898943185806274 0.004285548347979785
img_787 0.296176016330719 0.6896790266036987 0.004821002017706634
img_788 0.2889316976070404 0.6894604563713074 0.004285502713173629
img_789 0.2889316976070404 0.6894604563713074 0.004285502713173629
img_790 0.28168508410453796 0.689735472202301 0.003749998286366464
img_791 0.27415743470191956 0.6895235776901245 0.004553284961730241
img_792 0.26694732904434204 0.6894907355308533 0.003750010393559933
img_793 0.2595953941345215 0.6893407106399536 0.0032144295983016495
img_794 0.2595953941345215 0.6893407106399536 0.0032144295983016495
img_795 0.2524231970310211 0.6891340613365173 0.004552843049168588
img_796 0.24510759115219116 0.6889171004295349 0.0037495363503694534
img_797 0.2377915382385254 0.6889508962631226 0.0029463001992553473
img_798 0.23079431056976318 0.688685417175293 0.0029462992679327735
img_799 0.223514586687088 0.6885415315628052 0.0026785670779645443
img_800 0.223514586687088 0.6885415315628052 0.0026785670779645443
img_801 0.2161625176668167 0.688644289970398 0.0029463337268680343
img_802 0.2088903933763504 0.6885614395141602 0.002408836036920548
img_803 0.20163790881633759 0.6881780624389648 0.0013418463058769705
img_804 0.1944274753332138 0.6881684064865112 0.0005385417607612909
img_805 0.1944274753332138 0.6881684064865112 0.0005385417607612909
img_806 0.1870410144329071 0.688103199005127 0.0002707985113374889
img_807 0.17972594499588013 0.6875503063201904 -0.0005323659279383719
img_808 0.1727277636528015 0.6877989172935486 0.0002709284308366477
img_809 0.1652708798646927 0.6876132488250732 -0.001067744800820947
img_810 0.1652708798646927 0.6876132488250732 -0.001067744800820947
img_811 0.15781331062316895 0.6871927380561829 -0.0032096763607114558
img_812 0.15077143907546997 0.6871540546417236 -0.0037458194419741635
img_813 0.14318101108074188 0.6871213316917419 -0.004013272002339364
img_814 0.1358645260334015 0.6868446469306946 -0.004816445987671614
img_815 0.1358645260334015 0.6868446469306946 -0.004816445987671614
img_816 0.12868863344192505 0.6869404315948486 -0.005084261298179627
img_817 0.1211971715092659 0.6869785189628601 -0.0053519667126238355
img_818 0.11384354531764984 0.6866505742073059 -0.006690794602036476
img_819 0.10656315088272095 0.6865768432617188 -0.006958512123674156
img_820 0.10656315088272095 0.6865768432617188 -0.006958512123674156
img_821 0.099140964448452 0.686628520488739 -0.008565085008740427
img_822 0.09175198525190353 0.6865081191062927 -0.00802951492369175
img_823 0.08440007269382477 0.6863223314285278 -0.008564933203160765
img_824 0.07690803706645966 0.6863865256309509 -0.008832669816911222
img_825 0.07690803706645966 0.6863865256309509 -0.008832669816911222
img_826 0.06966344267129898 0.686511754989624 -0.00856491643935442
img_827 0.06231037527322769 0.6863298416137695 -0.009903648868203163
img_828 0.05489106476306915 0.6866481900215149 -0.009100390598177912
img_829 0.0476435087621212 0.6866528987884521 -0.008029099553823473
img_830 0.0476435087621212 0.6866528987884521 -0.008029099553823473
img_831 0.04011649265885353 0.6865297555923462 -0.008832105435431005
img_832 0.03280144929885864 0.686655580997467 -0.00802887137979269
img_833 0.02552066370844841 0.6867140531539917 -0.007493346929550173
img_834 0.018061425536870956 0.6865862607955933 -0.00802889745682478
img_835 0.010851358063519001 0.6866441369056702 -0.006422322243452072
img_836 0.010851358063519001 0.6866441369056702 -0.006422322243452072
img_837 0.003963789436966181 0.687116801738739 -0.004013068974018098
img_838 0.0034353570081293583 0.6875474452972412 3.2684765756130223e-06
img_839 0.003506051143631339 0.6875474452972412 0.0002710489497985691
img_840 0.003506051143631339 0.6875474452972412 0.0002710489497985691
img_841 0.003506051143631339 0.6875474452972412 0.0002710489497985691
img_842 0.003506051143631339 0.6875474452972412 0.0002710489497985691
img_843 0.003189688315615058 0.6812424659729004 0.001877466915175319
img_844 0.003168015507981181 0.6739557981491089 0.0029487446881830697
img_845 0.003366868942975998 0.6664291620254517 0.0016104141250252724
img_846 0.003366868942975998 0.6664291620254517 0.0016104141250252724
img_847 0.0030963339377194643 0.6588375568389893 0.0021459416020661592
img_848 0.0034305481240153313 0.6513093709945679 0.0013427601661533122
img_849 0.0034756783861666918 0.6440236568450928 0.0018783390987664461
img_850 0.003276759758591652 0.6370457410812378 0.0010752163361757996
img_851 0.003276759758591652 0.6370457410812378 0.0010752163361757996
img_852 0.003355472581461072 0.6295777559280396 0.0021461769938468937
img_853 0.0031938643660396338 0.6225375533103943 0.0026816795580089097
img_854 0.0031425454653799534 0.6153134107589722 0.00402052141726017
img_855 0.0029595401138067245 0.6080895662307739 0.005626935046166182
img_856 0.002929501235485077 0.6008660197257996 0.006162419915199281
img_857 0.002929501235485077 0.6008660197257996 0.006162419915199281
img_858 0.0025833621621131897 0.5939463376998901 0.008304418995976448
img_859 0.0026433514431118965 0.5867226123809814 0.009107721969485285
img_860 0.0024611656554043293 0.5795574188232422 0.010982228443026544
img_861 0.0023991274647414684 0.5723325610160828 0.011249985545873642
img_862 0.0023991274647414684 0.5723325610160828 0.011249985545873642
img_863 0.00230025895871222 0.5654148459434509 0.013391610234975818
img_864 0.002184948418289423 0.5581890344619751 0.01339160650968552
img_865 0.002245514187961817 0.5510275363922119 0.015265707857906822
img_866 0.002071206923574209 0.5439232587814331 0.01740762405097485
img_867 0.002071206923574209 0.5439232587814331 0.01740762405097485
img_868 0.0020534612704068422 0.5368208885192871 0.01847861707210541
img_869 0.0018745233537629247 0.5292854309082031 0.020085401833057407
img_870 0.0021949957590550184 0.5221293568611145 0.02035310678184032
img_871 0.0021949957590550184 0.5221293568611145 0.02035310678184032
img_872 0.0018913662061095238 0.5144697427749634 0.022227330133318908
img_873 0.00226425239816308 0.5072462558746338 0.020619379356503487
img_874 0.002169697778299451 0.49984148144721985 0.021689528599381454
img_875 0.0026116338558495045 0.49250438809394836 0.020350949838757522
img_876 0.0026904474943876266 0.4851585924625397 0.021689694374799735
img_877 0.0028891016263514757 0.4776308536529541 0.02142191678285599
img_878 0.0028891016263514757 0.4776308536529541 0.02142191678285599
img_879 0.0032244459725916386 0.47022902965545654 0.020886400714516643
img_880 0.003210138063877821 0.4624534845352173 0.02142183855175972
img_881 0.00365285761654377 0.45507046580314636 0.02007490023970604
img_882 0.00365285761654377 0.45507046580314636 0.02007490023970604
img_883 0.003845545230433345 0.44722336530685425 0.019010335206985477
img_884 0.00409000413492322 0.43994277715682983 0.018207168206572536
img_885 0.004232667852193117 0.4321080148220062 0.018207164481282238
img_886 0.004548680502921343 0.42446017265319824 0.015261777676641943
img_887 0.004548680502921343 0.42446017265319824 0.015261777676641943
img_888 0.0048746708780527115 0.4169963598251343 0.016064984723925594
img_889 0.005137946456670761 0.4094093441963196 0.014994053170084957
img_890 0.0053230710327625275 0.394290030002594 0.014458476565778255
img_891 0.005713788326829672 0.3868260383605957 0.012316323816776277
img_892 0.005713788326829672 0.3868260383605957 0.012316323816776277
img_893 0.005736594088375568 0.37923526763916016 0.012851799838244917
img_894 0.006046199705451727 0.37164753675460815 0.011245227418839931
img_895 0.006022084504365921 0.3643595576286316 0.012048755772411825
img_896 0.006113509181886911 0.35677194595336914 0.01044280268251896
img_897 0.006113509181886911 0.35677194595336914 0.01044280268251896
img_898 0.006258339621126652 0.34967225790023804 0.012316995300352573
img_899 0.006172876805067062 0.34226423501968384 0.012049264274537565
img_900 0.00625844020396471 0.3351633846759796 0.013655835762619976
img_901 0.00611221743747592 0.32775402069091797 0.013923566788434986
img_902 0.00611221743747592 0.32775402069091797 0.013923566788434986
img_903 0.0061387005262076855 0.32077541947364807 0.015262251719832422
img_904 0.006002499721944332 0.31348758935928345 0.01633328013122082
img_905 0.006154836155474186 0.30632588267326355 0.017672214657068256
img_906 0.005890568718314171 0.29928141832351685 0.019010744988918304
img_907 0.005890568718314171 0.29928141832351685 0.019010744988918304
img_908 0.005959537345916033 0.29193544387817383 0.020349500700831413
img_909 0.0058895135298371315 0.28495293855667114 0.02195623517036438
img_910 0.005872771143913269 0.27766624093055725 0.02409820817410946
img_911 0.005786233115941286 0.2709905505180359 0.025972211733460423
img_912 0.005663793068379164 0.26345551013946533 0.027578663080930713
img_913 0.005663793068379164 0.26345551013946533 0.027578663080930713
img_914 0.005573580972850323 0.2564709484577179 0.028917571529746063
img_915 0.005718860775232315 0.24900364875793457 0.03025632910430432
img_916 0.0058593046851456165 0.2420269250869751 0.03159491717815399
img_917 0.005775352008640766 0.23461240530014038 0.03239827975630761
img_918 0.005775352008640766 0.23461240530014038 0.03239827975630761
img_919 0.005797388032078743 0.22738687694072723 0.03400455042719841
img_920 0.006269646342843771 0.2126411646604538 0.03507554158568382
img_921 0.006448020692914724 0.2055421769618988 0.03561102598905564
img_922 0.0065394979901611805 0.1980108767747879 0.03614654392004014
img_923 0.0065394979901611805 0.1980108767747879 0.03614654392004014
img_924 0.0065394979901611805 0.1980108767747879 0.03614654392004014
img_925 0.006701219826936722 0.1906048059463501 0.03614654019474984
img_926 0.007229436654597521 0.18284408748149872 0.03668205812573433
img_927 0.007423701696097851 0.17562316358089447 0.03721753880381585
img_928 0.007423701696097851 0.17562316358089447 0.03721753880381585
img_929 0.0076309372670948505 0.1681579202413559 0.03614661842584611
img_930 0.007938390597701073 0.16063392162322998 0.03668216243386269
img_931 0.008419700898230076 0.15330083668231964 0.03587892279028893
img_932 0.008419700898230076 0.15330083668231964 0.03587892279028893
img_933 0.008596991188824177 0.1454060822725296 0.03668208792805672
img_934 0.009007619693875313 0.1380711942911148 0.03400491178035736
img_935 0.009378018788993359 0.13030247390270233 0.03400490805506706
img_936 0.009453226812183857 0.12289438396692276 0.033737182617187514
img_937 0.010037492960691452 0.11501283943653107 0.033737182617187514
img_938 0.010037492960691452 0.11501283943653107 0.033737182617187514
img_939 0.010430658236145973 0.10755425691604614 0.03266628459095955
img_940 0.010782570578157902 0.10003171861171722 0.03186298161745072
img_941 0.010845817625522614 0.09250034391880035 0.032398480921983726
img_942 0.01122504286468029 0.08516339212656021 0.031327556818723686
img_943 0.01122504286468029 0.08516339212656021 0.031327556818723686
img_944 0.01135873794555664 0.07751216739416122 0.03293398767709733
img_945 0.011534007266163826 0.07004553824663162 0.03186298161745072
img_946 0.011701293289661407 0.06257810443639755 0.03239852562546731
img_947 0.011827322654426098 0.055416300892829895 0.03239852562546731
img_948 0.012177173979580402 0.047894664108753204 0.03400491178035736
img_949 0.012173419818282127 0.04072737693786621 0.03507602214813233
img_950 0.012248007580637932 0.033561110496520996 0.03561168536543847
img_951 0.01233538705855608 0.026130303740501404 0.037760071456432336
img_952 0.01233538705855608 0.026130303740501404 0.037760071456432336
img_953 0.01256990060210228 0.018988583236932755 0.03802719339728356
img_954 0.013115622103214264 0.0008219442679546773 0.03936457633972168
img_955 0.013115622103214264 0.0008219442679546773 0.03936457633972168
img_956 0.013115622103214264 0.0008219442679546773 0.03936457633972168
