img_0 0.0 0.0 0.0
img_1 0.00010604995622998103 -6.12279909546487e-05 0.0
img_2 0.006430914159864187 -0.0015912546077743173 0.008298241533339024
img_3 0.013583928346633911 -0.001160028507001698 0.007756092585623266
img_4 0.020840978249907494 -0.000740995048545301 0.00828494690358639
img_5 0.028083983808755875 -0.0004973461618646979 0.008820407092571259
img_6 0.03515317291021347 -0.0005574244423769414 0.009891372174024584
img_7 0.042329732328653336 -0.0005476697697304189 0.009355749003589155
img_8 0.049749620258808136 -0.0003558234893716872 0.010158927179872991
img_9 0.056885976344347 -3.845026367343962e-05 0.010694424621760845
img_10 0.06420024484395981 0.00010098789061885327 0.013103960081934932
img_11 0.07147667557001114 0.0004412142443470657 0.01256849151104689
img_12 0.07861538231372833 0.0005309415864758193 0.013103990815579893
img_13 0.08596806228160858 0.0005048478487879038 0.014442808926105501
img_14 0.09328062832355499 0.0007941351504996419 0.014442809857428074
img_15 0.10045146942138672 0.0010813658591359854 0.015513752587139606
img_16 0.10766444355249405 0.0009483794565312564 0.01712027005851269
img_17 0.11515259742736816 0.0013215139042586088 0.016584720462560654
img_18 0.12239730358123779 0.001380456960760057 0.01712017506361008
img_19 0.12968435883522034 0.0011378162307664752 0.01899472810328007
img_20 0.13696013391017914 0.0013984671095386147 0.017656205222010616
img_21 0.14459173381328583 0.0016556904884055257 0.019262889400124553
img_22 0.15201187133789062 0.0017986409366130829 0.020869279280304912
img_23 0.15907834470272064 0.0019461341435089707 0.020333822816610336
img_24 0.16646221280097961 0.0021575246937572956 0.02140481770038605
img_25 0.17378106713294983 0.002130502136424184 0.02220813184976578
img_26 0.1812407523393631 0.0021124999038875103 0.021940380334854133
img_27 0.18883374333381653 0.0024628136307001114 0.02301139943301678
img_28 0.19604960083961487 0.002261530375108123 0.022208223119378093
img_29 0.2034052312374115 0.0021799663081765175 0.0219404511153698
img_30 0.21100521087646484 0.0021630716510117054 0.022208170965313915
img_31 0.21825039386749268 0.002262766705825925 0.021137127652764324
img_32 0.22589074075222015 0.002056898083537817 0.02113713137805462
img_33 0.23310132324695587 0.002086878288537264 0.02113713324069977
img_34 0.2404191493988037 0.002057901117950678 0.01953072845935822
img_35 0.24802568554878235 0.0017778390320017934 0.019798511639237407
img_36 0.25527358055114746 0.001737662241794169 0.019530750811100006
img_37 0.2626597583293915 0.0018207129323855042 0.01819205097854138
img_38 0.2700910270214081 0.001343712443485856 0.01819205097854138
img_39 0.27737298607826233 0.0013537436025217175 0.016853250563144684
img_40 0.2848662734031677 0.0013575992779806256 0.015514580532908443
img_41 0.2923985421657562 0.0011683367192745209 0.015514579601585867
img_42 0.29985934495925903 0.0009779981337487698 0.013640438206493855
img_43 0.307177871465683 0.0008941495325416327 0.012837113812565804
img_44 0.3144982159137726 0.000559611595235765 0.012033923529088499
img_45 0.3218163251876831 0.00046400955761782825 0.012033925391733648
img_46 0.32952216267585754 0.00043430188088677824 0.01069515384733677
img_47 0.3369925916194916 8.515478111803532e-05 0.009622876532375816
img_48 0.34405258297920227 3.0820301617495716e-05 0.009088092483580112
img_49 0.3516186475753784 9.958331793313846e-05 0.008016673848032953
img_50 0.35918158292770386 -8.45864342409186e-05 0.006142968777567149
img_51 0.3664636015892029 -0.00040711776819080114 0.006410693749785426
img_52 0.37420493364334106 -0.0004187149170320481 0.0064106974750757235
img_53 0.38180381059646606 -0.0005536304670386016 0.004268953576683999
img_54 0.3894035220146179 -0.0008272594423033297 0.005339921452105047
img_55 0.39664968848228455 -0.0008497873204760253 0.005072148982435466
img_56 0.4039290249347687 -0.0006904419278725982 0.002930326852947474
img_57 0.4116003215312958 -0.0009740833775140345 0.00426925253123045
img_58 0.41891542077064514 -0.0008816422196105123 0.0034660664387047295
img_59 0.4266556203365326 -0.001038451329804957 0.002662869868800045
img_60 0.4342549741268158 -0.0012018674751743674 0.0037338908296078444
img_61 0.4414307773113251 -0.0012362992856651545 0.004001679830253125
img_62 0.4490983188152313 -0.0012668166309595108 0.002930968301370741
img_63 0.4564873278141022 -0.001306394231505692 0.004805769771337509
img_64 0.4635184109210968 -0.0010889862896874547 0.004538065288215875
img_65 0.4710824489593506 -0.0010546600678935647 0.00346696749329567
img_66 0.4783972501754761 -0.0010905053932219744 0.004270068835467099
img_67 0.48571446537971497 -0.0011204853653907776 0.004270069766789676
img_68 0.4932766556739807 -0.0009657717309892178 0.004002341534942389
img_69 0.500345766544342 -0.0009374793735332787 0.004270112607628108
img_70 0.5075901746749878 -0.0008453333866782486 0.005608759820461273
img_71 0.5147647857666016 -0.0007438718457706273 0.005876528564840555
img_72 0.5220807790756226 -0.0006396585376933217 0.005073231179267169
img_73 0.5293253064155579 -0.0004192501655779779 0.005608750507235527
img_74 0.5363560914993286 -0.00019619987870100886 0.0061441529542207735
img_75 0.5436373949050903 -0.0001514622854301706 0.00560859637334943
img_76 0.5507755875587463 1.1001131497323513e-05 0.006947290152311327
img_77 0.5580551624298096 0.0001840086333686486 0.008018278516829016
img_78 0.5653688311576843 0.0004262909642420709 0.007215095683932305
img_79 0.5725075602531433 0.0006002412410452962 0.008553940802812578
img_80 0.5796465277671814 0.0006613085279241204 0.009089438244700432
img_81 0.5872458219528198 0.00066916219657287 0.008553920313715935
img_82 0.5944188833236694 0.0007917321054264903 0.010427964851260187
img_83 0.6017009615898132 0.0008676719735376537 0.011499233543872835
img_84 0.6090834736824036 0.001136189908720553 0.011766927316784859
img_85 0.6161144375801086 0.0014025956625118852 0.01230245362967253
img_86 0.6231821775436401 0.0014895499916747212 0.012570192106068134
img_87 0.6309217214584351 0.0016480692429468036 0.013373524881899359
img_88 0.6382714509963989 0.0017463662661612034 0.014712099917232992
img_89 0.6455880999565125 0.0017927899025380611 0.015515411272645
img_90 0.6530115008354187 0.001785523840226233 0.01631869934499264
img_91 0.6603252291679382 0.001966105541214347 0.01631869934499264
img_92 0.6674994826316833 0.002021969063207507 0.016586434096097946
img_93 0.6752034425735474 0.0021497621200978756 0.01685419492423535
img_94 0.6825205087661743 0.002211863175034523 0.01685419492423535
img_95 0.6891847848892212 0.003119971603155136 0.022475942969322205
img_96 0.6894931197166443 0.0035554803907871246 0.020066428929567344
img_97 0.6895272135734558 0.0036173975095152855 0.019798660650849342
img_98 0.6895272135734558 0.0036173975095152855 0.019798660650849342
img_99 0.688467264175415 0.005372077692300081 0.027563672512769703
img_100 0.6878880262374878 0.012275725603103638 0.030508752912282954
img_101 0.6878536343574524 0.019195634871721268 0.029169937595725063
img_102 0.6878920197486877 0.026362299919128418 0.028098903596401215
img_103 0.6877666115760803 0.03333992883563042 0.02676019631326199
img_104 0.6878494024276733 0.040812451392412186 0.0238152239471674
img_105 0.687827467918396 0.04767066612839699 0.023547451943159107
img_106 0.6879371404647827 0.05502082034945488 0.02140556275844574
img_107 0.6881044507026672 0.06206590682268143 0.019799048081040386
img_108 0.6879979968070984 0.06922698765993118 0.01792492344975472
img_109 0.6882196664810181 0.07657776772975922 0.016050744801759723
img_110 0.6882146596908569 0.08349595963954926 0.014444252476096155
img_111 0.6882861256599426 0.0907825380563736 0.01310548558831215
img_112 0.6884083151817322 0.09764157235622406 0.012302159331738952
img_113 0.6883856058120728 0.10523316264152527 0.010963318869471553
img_114 0.6885212063789368 0.1122160330414772 0.01015980076044798
img_115 0.6885172724723816 0.11955926567316055 0.008821602910757067
img_116 0.68880695104599 0.12678512930870056 0.007750672288239005
img_117 0.6886086463928223 0.13413070142269135 0.007215102203190328
img_118 0.6886245608329773 0.1417238563299179 0.007482925895601514
img_119 0.6884998679161072 0.1489442139863968 0.007215267978608609
img_120 0.6885157823562622 0.1565380096435547 0.007483117748051883
img_121 0.6883203983306885 0.16375835239887238 0.008553841151297096
img_122 0.6880054473876953 0.1716534048318863 0.008821614086627962
img_123 0.6878700256347656 0.1789962649345398 0.010159979574382305
img_124 0.6876875162124634 0.1865241527557373 0.010963210836052896
img_125 0.6876416802406311 0.19393110275268555 0.010695465840399265
img_126 0.6872417330741882 0.20158012211322784 0.012302148155868055
img_127 0.6872866749763489 0.20941665768623352 0.012837636284530165
img_128 0.6868720054626465 0.21694061160087585 0.015247102826833727
img_129 0.6865749359130859 0.22483380138874054 0.01578260026872158
img_130 0.6863921880722046 0.23193359375 0.017121491953730587
img_131 0.6861166954040527 0.23976561427116394 0.01738923788070679
img_132 0.6858797669410706 0.24729126691818237 0.01819239370524883
img_133 0.6856003403663635 0.2548787295818329 0.019263468682765964
img_134 0.6856732368469238 0.26210466027259827 0.018460251390933984
img_135 0.6852139234542847 0.26974979043006897 0.02006682008504868
img_136 0.685173749923706 0.2770346403121948 0.019263628870248798
img_137 0.6850664019584656 0.2844414710998535 0.018995866179466248
img_138 0.6851024031639099 0.291851282119751 0.018460320308804515
img_139 0.6849303245544434 0.29925599694252014 0.018728055059909824
img_140 0.6848633885383606 0.3066045939922333 0.017388822510838512
img_141 0.6848812699317932 0.31370437145233154 0.017121177166700363
img_142 0.6848282814025879 0.32092756032943726 0.016585715115070346
img_143 0.685063898563385 0.32803383469581604 0.014711375348269943
img_144 0.684816300868988 0.3352540135383606 0.014175905846059326
img_145 0.6850690245628357 0.3423597514629364 0.011498251929879189
img_146 0.6849859952926636 0.3495808243751526 0.010695218108594421
img_147 0.685296893119812 0.35687118768692017 0.008552650921046734
img_148 0.6853089332580566 0.363726943731308 0.008017214946448805
img_149 0.6854959726333618 0.3712589144706726 0.006142801605165003
img_150 0.6855602860450745 0.3780539929866791 0.005339600611478091
img_151 0.6857337951660156 0.38527894020080566 0.003733002580702305
img_152 0.6859904527664185 0.3922581672668457 0.0023943267296999697
img_153 0.6859373450279236 0.39966529607772827 0.001858820673078299
img_154 0.6861361861228943 0.40676620602607727 0.0002524422015994787
img_155 0.6861696839332581 0.4141734540462494 -1.531094312667847e-05
img_156 0.6864171624183655 0.42145785689353943 -0.0018894881941378119
img_157 0.6864305734634399 0.42855942249298096 -0.0010861749760806563
img_158 0.6865094900131226 0.4361497759819031 -0.0024248640984296803
img_159 0.686386227607727 0.4436180889606476 -0.0013539126375690105
img_160 0.6863961815834045 0.4509640634059906 -0.0005506503512151539
img_161 0.6863295435905457 0.458310604095459 -1.5104189515113832e-05
img_162 0.6861176490783691 0.46602317690849304 0.000788080506026745
img_163 0.686005711555481 0.47355255484580994 0.001591323059983552
img_164 0.6857461929321289 0.4810859262943268 0.003466625697910786
img_165 0.6857550144195557 0.4887346625328064 0.0031989917624741797
img_166 0.6854477524757385 0.49632978439331055 0.005342484451830388
img_167 0.6854072213172913 0.5039156079292297 0.005342486314475536
img_168 0.68511962890625 0.511443018913269 0.008019724860787393
img_169 0.6848457455635071 0.51915442943573 0.008822993375360967
img_170 0.6847809553146362 0.5264997482299805 0.009626209735870361
img_171 0.6844239830970764 0.5342097282409668 0.010964940302073957
img_172 0.6843754053115845 0.5418656468391418 0.010697050020098688
img_173 0.6840822696685791 0.5494502186775208 0.012302816845476626
img_174 0.6839196681976318 0.5569199919700623 0.012838523834943771
img_175 0.68386310338974 0.5640797019004822 0.013373842462897302
img_176 0.683689296245575 0.5717911720275879 0.013106098398566244
img_177 0.6835569143295288 0.5791958570480347 0.013373800553381448
img_178 0.6835983991622925 0.5866650938987732 0.013106063008308412
img_179 0.6835069060325623 0.5936439633369446 0.013106064870953562
img_180 0.6833383440971375 0.6011098623275757 0.01283834781497717
img_181 0.6834937930107117 0.6082751750946045 0.010963968932628633
img_182 0.6834852695465088 0.6154986619949341 0.01123171113431454
img_183 0.6836508512496948 0.6227859258651733 0.00935739651322365
img_184 0.6836192011833191 0.629948079586029 0.00908965338021517
img_185 0.683625340461731 0.6370490193367004 0.006947798654437065
img_186 0.6837522983551025 0.6442124247550964 0.006412295624613763
img_187 0.6839895248413086 0.6513156294822693 0.004270148929208517
img_188 0.6842068433761597 0.6583559513092041 0.003199226688593627
img_189 0.6842544078826904 0.6655800938606262 0.0018603838980197909
img_190 0.6844177842140198 0.6727418899536133 0.0005217768484726548
img_191 0.6844847798347473 0.6798434257507324 -0.0008170570945367218
img_192 0.6849145889282227 0.6868213415145874 -0.0024234731681644917
img_193 0.6861914396286011 0.6886548399925232 -0.012866327539086344
img_194 0.6861914396286011 0.6886548399925232 -0.012866327539086344
img_195 0.6861914396286011 0.6886548399925232 -0.012866327539086344
img_196 0.6861914396286011 0.6886548399925232 -0.012866327539086344
img_197 0.6803738474845886 0.6897704005241394 -0.01768572069704533
img_198 0.6730941534042358 0.6898991465568542 -0.016346942633390427
img_199 0.6655272841453552 0.6897779703140259 -0.017685774713754657
img_200 0.658175528049469 0.6897855401039124 -0.01822123304009438
img_201 0.6507839560508728 0.6896140575408936 -0.01848900318145752
img_202 0.6432906985282898 0.6896301507949829 -0.01955993846058845
img_203 0.6361841559410095 0.6895855069160461 -0.020363230258226398
img_204 0.6286179423332214 0.6894947290420532 -0.020095501095056537
img_205 0.6210165023803711 0.6894637942314148 -0.019559962674975395
img_206 0.6138766407966614 0.6894810199737549 -0.02089863084256649
img_207 0.6064140796661377 0.6893308162689209 -0.01982757262885571
img_208 0.5989914536476135 0.6893555521965027 -0.019024362787604332
img_209 0.5918149948120117 0.6893084049224854 -0.01848889142274857
img_210 0.5840738415718079 0.6893903017044067 -0.019292267039418224
img_211 0.5767238140106201 0.6895321011543274 -0.01822126097977162
img_212 0.5696204304695129 0.6896003484725952 -0.01822126097977162
img_213 0.5620537400245667 0.6894933581352234 -0.01795350573956966
img_214 0.5545651912689209 0.6897502541542053 -0.016614886000752456
img_215 0.5471798181533813 0.6899341940879822 -0.01607933081686497
img_216 0.539793848991394 0.6899917721748352 -0.015543887391686443
img_217 0.5325819253921509 0.6899814009666443 -0.013937176205217837
img_218 0.5252681374549866 0.6901445388793945 -0.013134000822901728
img_219 0.5176345109939575 0.6902447938919067 -0.013134002685546877
img_220 0.5103551745414734 0.6903403997421265 -0.01179537922143936
img_221 0.5030066967010498 0.690671980381012 -0.009920998476445677
img_222 0.4954077899456024 0.6906861662864685 -0.009385506622493269
img_223 0.4882328510284424 0.6906923055648804 -0.008850004523992538
img_224 0.48060131072998047 0.6910046935081482 -0.008850006386637688
img_225 0.4731445610523224 0.6911318898200989 -0.007778976112604141
img_226 0.4656163454055786 0.691129207611084 -0.006975735537707807
img_227 0.4582329988479614 0.6916092038154602 -0.005637017078697681
img_228 0.45077577233314514 0.6915900111198425 -0.006172490771859885
img_229 0.4433469772338867 0.6915133595466614 -0.004564661066979171
img_230 0.43579116463661194 0.6919148564338684 -0.004297116305679084
img_231 0.42858168482780457 0.6920682787895203 -0.004297119099646808
img_232 0.421159952878952 0.6921001672744751 -0.005100345704704523
img_233 0.41349199414253235 0.6924453973770142 -0.004832588601857424
img_234 0.40610527992248535 0.6924198865890503 -0.0034938780590891842
img_235 0.39847132563591003 0.6924465298652649 -0.004297120496630669
img_236 0.39119207859039307 0.6927226781845093 -0.003761644242331386
img_237 0.3837701082229614 0.6927505731582642 -0.00376164517365396
img_238 0.37610042095184326 0.6925957798957825 -0.0034939111210405827
img_239 0.36903145909309387 0.6926204562187195 -0.002958379685878754
img_240 0.36143314838409424 0.6928265690803528 -0.0024228687398135666
img_241 0.35394009947776794 0.6927222609519958 -0.003493880154564977
img_242 0.34673112630844116 0.6928698420524597 -0.003493882017210127
img_243 0.339202880859375 0.69295734167099 -0.003493882017210127
img_244 0.33181652426719666 0.6927995085716248 -0.0037615983746945867
img_245 0.3245348036289215 0.692704439163208 -0.004029373638331891
img_246 0.3171852231025696 0.6929789185523987 -0.004564824514091015
img_247 0.310079962015152 0.6928277015686035 -0.0037615122273564343
img_248 0.3027983605861664 0.6924878358840942 -0.0048324549570679665
img_249 0.29544708132743835 0.692645788192749 -0.004564683884382247
img_250 0.2881660759449005 0.692556619644165 -0.004832427483052017
img_251 0.2809193432331085 0.6922855377197266 -0.0045646759681403646
img_252 0.2737801969051361 0.6923181414604187 -0.004296928644180299
img_253 0.2666046917438507 0.6921653151512146 -0.004564685747027398
img_254 0.25914573669433594 0.6918932795524597 -0.006706757470965385
img_255 0.2521834075450897 0.692001223564148 -0.006171234417706728
img_256 0.2446916550397873 0.691925048828125 -0.006438928190618754
img_257 0.23747774958610535 0.6914817094802856 -0.007242284249514342
img_258 0.2304086834192276 0.691410481929779 -0.008313250727951527
img_259 0.22297753393650055 0.6913496851921082 -0.007509096525609493
img_260 0.21549202501773834 0.6911613345146179 -0.008578836917877197
img_261 0.2084568738937378 0.6910380125045776 -0.009917696937918665
img_262 0.20110441744327545 0.6908661127090454 -0.009649982675909998
img_263 0.1938205063343048 0.6905691027641296 -0.010720990598201753
img_264 0.18667924404144287 0.6904007792472839 -0.012059696018695831
img_265 0.1790083646774292 0.690432071685791 -0.01339866779744625
img_266 0.17169013619422913 0.6902240514755249 -0.013398670591413976
img_267 0.1644420176744461 0.690137505531311 -0.013130888342857363
img_268 0.15709003806114197 0.6901116371154785 -0.013666363433003426
img_269 0.14962707459926605 0.6897850632667542 -0.01339859887957573
img_270 0.14227403700351715 0.6896387338638306 -0.015540330670773986
img_271 0.13499410450458527 0.6897518634796143 -0.015808084979653362
img_272 0.1274276077747345 0.6896265745162964 -0.015540328808128837
img_273 0.12000256776809692 0.6894970536231995 -0.016343589872121818
img_274 0.1128610223531723 0.6893689036369324 -0.01607587188482285
img_275 0.10533270239830017 0.6894286870956421 -0.01527259312570095
img_276 0.09783695638179779 0.6892982721328735 -0.017146885395050052
img_277 0.09059377014636993 0.6894837021827698 -0.017682384699583054
img_278 0.0831349641084671 0.6894319653511047 -0.015808299183845523
img_279 0.07553549110889435 0.6894908547401428 -0.016076073050498966
img_280 0.06864377856254578 0.689540445804596 -0.01527285668998957
img_281 0.06115168333053589 0.6896548867225647 -0.014737336896359919
img_282 0.05369311943650246 0.6895811557769775 -0.015272789634764198
img_283 0.046342119574546814 0.6896934509277344 -0.015005019493401054
img_284 0.03888525068759918 0.6897441148757935 -0.0131309162825346
img_285 0.031499460339546204 0.6899023056030273 -0.011792068369686605
img_286 0.024292083457112312 0.6901097297668457 -0.012595244683325292
img_287 0.01669258065521717 0.6901442408561707 -0.011256393045186998
img_288 0.009483428671956062 0.6902254223823547 -0.00964997336268425
img_289 0.002133302390575409 0.6904187798500061 -0.009382212534546854
img_290 -0.0031093303114175797 0.6891213059425354 -0.008311321958899498
img_291 -0.0030406778678297997 0.6888758540153503 -0.006436963565647604
img_292 -0.0030406778678297997 0.6888758540153503 -0.006436963565647604
img_293 -0.003076412947848439 0.6888148784637451 -0.0061692227609455585
img_294 -0.0017129413317888975 0.6864192485809326 -0.01661032252013684
img_295 -0.0014472365146502852 0.6790062785148621 -0.019555745646357536
img_296 -0.0015226054238155484 0.6715378761291504 -0.02009125240147114
img_297 -0.0014240606687963009 0.6641270518302917 -0.02196556143462658
img_298 -0.0018000511918216944 0.6566661596298218 -0.021162418648600582
img_299 -0.0016439436003565788 0.6490083932876587 -0.021965749561786655
img_300 -0.0018446348840370774 0.6414822936058044 -0.023304350674152374
img_301 -0.0018348643789067864 0.6343172192573547 -0.023839898407459263
img_302 -0.0018657208420336246 0.6270932555198669 -0.024910777807235728
img_303 -0.0020825122483074665 0.6198113560676575 -0.024643016979098323
img_304 -0.002331164199858904 0.6125919222831726 -0.024910762906074527
img_305 -0.002544915536418557 0.6054320931434631 -0.02383966371417046
img_306 -0.002714172936975956 0.5983336567878723 -0.02383966371417046
img_307 -0.0030306275002658367 0.5909928679466248 -0.02276861667633057
img_308 -0.0030481715220957994 0.5840132832527161 -0.023839555680751807
img_309 -0.003358794143423438 0.5769171714782715 -0.02196518331766129
img_310 -0.003650684840977192 0.570066511631012 -0.02169746533036232
img_311 -0.004092777613550425 0.5627278089523315 -0.02035859785974026
img_312 -0.004232353065162897 0.5558729767799377 -0.020358601585030552
img_313 -0.004452571272850037 0.5485299229621887 -0.01982309296727181
img_314 -0.004588466137647629 0.5416755080223083 -0.019019892439246178
img_315 -0.004835369531065226 0.5342711806297302 -0.019019892439246178
img_316 -0.0051094177179038525 0.5272971391677856 -0.017145805060863502
img_317 -0.005271767731755972 0.5198909640312195 -0.01768136024475098
img_318 -0.005506560672074556 0.5126097798347473 -0.016074975952506072
img_319 -0.0054793525487184525 0.5055075287818909 -0.017145955935120583
img_320 -0.005785106215626001 0.4979828894138336 -0.015807345509529114
img_321 -0.0058649214915931225 0.4906980097293854 -0.017681736499071125
img_322 -0.005825696047395468 0.48292237520217896 -0.017414012923836708
img_323 -0.005737315397709608 0.47581809759140015 -0.019020650535821918
img_324 -0.005813330411911011 0.46810635924339294 -0.019556054845452312
img_325 -0.005922860931605101 0.46069854497909546 -0.020627265796065334
img_326 -0.00586741603910923 0.45310521125793457 -0.021430496126413345
img_327 -0.005993447732180357 0.44557565450668335 -0.021698283031582843
img_328 -0.005943487398326397 0.43810588121414185 -0.02330448664724827
img_329 -0.006024361588060856 0.43008580803871155 -0.024911085143685344
img_330 -0.005820215679705143 0.42267149686813354 -0.0278562568128109
img_331 -0.005789448972791433 0.41489294171333313 -0.028124017640948296
img_332 -0.0059692938812077045 0.40724310278892517 -0.029195005074143403
img_333 -0.00591182429343462 0.3995247185230255 -0.03133706748485565
img_334 -0.005896625109016895 0.392113596200943 -0.03321129456162453
img_335 -0.0058660912327468395 0.38451772928237915 -0.03374679014086724
img_336 -0.006122179329395294 0.3769321143627167 -0.03615627810359002
img_337 -0.006147125735878944 0.36939746141433716 -0.037227433174848557
img_338 -0.006213170941919088 0.36192724108695984 -0.03963692113757135
img_339 -0.006330106873065233 0.35451939702033997 -0.04017238691449167
img_340 -0.0063754720613360405 0.3472304940223694 -0.04204668104648591
img_341 -0.006744603626430035 0.34013831615448 -0.04070786014199257
img_342 -0.006945094093680382 0.332610547542572 -0.04151112586259842
img_343 -0.007358411327004433 0.3252144157886505 -0.04231435433030129
img_344 -0.007545089349150658 0.31829896569252014 -0.04231435433030129
img_345 -0.00785065907984972 0.3110818862915039 -0.04311760887503625
img_346 -0.008086130023002625 0.30398425459861755 -0.042046587914228446
img_347 -0.00831913948059082 0.29676422476768494 -0.043385338038206114
img_348 -0.008795691654086113 0.2898612320423126 -0.04124341532588006
img_349 -0.009121289476752281 0.2828284204006195 -0.04177894815802574
img_350 -0.009564191102981567 0.27561795711517334 -0.04070807248353958
img_351 -0.0097069526091218 0.2686389684677124 -0.04097583889961244
img_352 -0.010242544114589691 0.26161497831344604 -0.039904810488224036
img_353 -0.010483196936547756 0.2547015845775604 -0.03936930373311043
img_354 -0.010847733356058598 0.24724270403385162 -0.040440179407596595
img_355 -0.011233365163207054 0.24033482372760773 -0.03963688015937806
img_356 -0.011486701667308807 0.23305490612983704 -0.03990461304783822
img_357 -0.011774895712733269 0.22583667933940887 -0.03910131007432938
img_358 -0.01192078460007906 0.21849137544631958 -0.04017223790287972
img_359 -0.012366929091513157 0.21091191470623016 -0.03990446776151657
img_360 -0.012508945539593697 0.20381152629852295 -0.04177854955196381
img_361 -0.01258647721260786 0.19603289663791656 -0.042849641293287284
img_362 -0.0127114774659276 0.18899251520633698 -0.04338509961962701
img_363 -0.012975380755960941 0.1812838315963745 -0.044723793864250176
img_364 -0.013059391640126705 0.17387306690216064 -0.0457947924733162
img_365 -0.01308633666485548 0.16633586585521698 -0.04820485785603523
img_366 -0.013310890644788742 0.15874741971492767 -0.04927581548690797
img_367 -0.013581907376646996 0.15109917521476746 -0.05007910355925561
img_368 -0.013800693675875664 0.1432042270898819 -0.052220880985260024
img_369 -0.013760587200522423 0.13584521412849426 -0.054630953818559654
img_370 -0.013880838640034199 0.12782183289527893 -0.05784343555569648
img_371 -0.014111416414380074 0.12078307569026947 -0.05918228253722192
img_372 -0.014307097531855106 0.11270057410001755 -0.061324134469032295
img_373 -0.014373010024428368 0.10528312623500824 -0.06346625834703447
img_374 -0.014580036513507366 0.09756748378276825 -0.06480501592159273
img_375 -0.014961838722229004 0.0900469496846199 -0.06801798939704895
img_376 -0.015006872825324535 0.08262556791305542 -0.06989227980375291
img_377 -0.015294456854462624 0.07497497648000717 -0.07176653295755388
img_378 -0.015741901472210884 0.06776522099971771 -0.07230202108621599
img_379 -0.01599055528640747 0.060418158769607544 -0.0744440034031868
img_380 -0.016426587477326393 0.05314633250236511 -0.07605037838220596
img_381 -0.016724102199077606 0.04598519578576088 -0.07631815969944
img_382 -0.01728411205112934 0.03866162896156311 -0.077121302485466
img_383 -0.017699722200632095 0.031448233872652054 -0.07819238305091858
img_384 -0.018033454194664955 0.024473898112773895 -0.07979899644851686
img_385 -0.018790248781442642 0.017226986587047577 -0.08006672561168673
img_386 -0.01902642659842968 0.010306799784302711 -0.0808699205517769
img_387 -0.019882546737790108 0.0036813635379076004 -0.07846002280712128
img_388 -0.020934587344527245 0.00247463071718812 -0.07123108208179475
img_389 -0.020934587344527245 0.00247463071718812 -0.07123108208179475
img_390 -0.020934587344527245 0.00247463071718812 -0.07123108208179475
img_391 -0.020872797816991806 0.002347484463825822 -0.07176655530929565
img_392 -0.015276649966835976 0.0013314693933352828 -0.07042787224054337
img_393 -0.008239025250077248 0.001141854329034686 -0.07149891555309297
img_394 -0.001056657638400793 0.0014866749988868833 -0.07016015052795412
img_395 0.00624924898147583 0.0015869378112256527 -0.06908911466598512
img_396 0.013796579092741013 0.0016168690053746104 -0.06989227980375291
img_397 0.02070196159183979 0.0015630332054570317 -0.06908898055553438
img_398 0.028032086789608 0.002037486294284463 -0.06801809370517732
img_399 0.035471025854349136 0.002021635649725795 -0.06801809370517732
img_400 0.0424858033657074 0.0020346115343272686 -0.06721486896276474
img_401 0.04990939050912857 0.002332504140213132 -0.06694711744785309
img_402 0.05696302652359009 0.0024116996210068464 -0.06721483916044237
img_403 0.06462159007787704 0.0025097455363720655 -0.06641152501106262
img_404 0.07202783226966858 0.002569266827777028 -0.06614380329847336
img_405 0.0792011022567749 0.0028304136358201504 -0.0656082257628441
img_406 0.08650442212820053 0.0024119066074490547 -0.0648050829768181
img_407 0.09409983456134796 0.0026551608461886644 -0.06587612628936768
img_408 0.10126345604658127 0.002796013606712222 -0.06373427063226701
img_409 0.10869400203227997 0.0026898423675447702 -0.06373427063226701
img_410 0.1161084696650505 0.002891379874199629 -0.06426975876092912
img_411 0.12332750111818314 0.002794847125187516 -0.06266318261623383
img_412 0.1309848576784134 0.0029277389403432608 -0.061859939247369766
img_413 0.13825038075447083 0.0030297187622636557 -0.06373418867588043
img_414 0.14575077593326569 0.0029190562199801207 -0.06266325712203981
img_415 0.153158038854599 0.0030063530430197716 -0.062395486980676665
img_416 0.1605718433856964 0.00321780564263463 -0.06293094903230667
img_417 0.16809704899787903 0.002927635330706835 -0.062127646058797836
img_418 0.1754179149866104 0.002778891008347273 -0.06293088942766191
img_419 0.18276214599609375 0.0029908439610153437 -0.06373417377471924
img_420 0.19014574587345123 0.002703644335269928 -0.06266313791275026
img_421 0.19768545031547546 0.0026598928961902857 -0.06426955014467241
img_422 0.20504501461982727 0.0025542895309627056 -0.0637340620160103
img_423 0.2125457376241684 0.0024436230305582285 -0.06426955014467241
img_424 0.21981938183307648 0.0026502751279622316 -0.06614381074905396
img_425 0.22719332575798035 0.0022231664042919874 -0.06587608903646469
img_426 0.23484286665916443 0.002209290862083435 -0.06587608903646469
img_427 0.24221095442771912 0.0022140275686979294 -0.06775045394897462
img_428 0.24954503774642944 0.0017163781449198723 -0.06801819056272508
img_429 0.2568901777267456 0.0018909638747572899 -0.06882146745920183
img_430 0.26402899622917175 0.0016443132190033793 -0.07069560885429382
img_431 0.27174124121665955 0.001466432586312294 -0.07042782753705978
img_432 0.27881795167922974 0.0013354059774428606 -0.07176653295755388
img_433 0.28637510538101196 0.001467251218855381 -0.07337307184934616
img_434 0.2938963770866394 0.0010985423577949405 -0.0725698173046112
img_435 0.30115363001823425 0.0010005959775298834 -0.07524728775024414
img_436 0.3087315559387207 0.0009203576482832432 -0.07471185177564622
img_437 0.3160441517829895 0.0005572453374043107 -0.07631907612085344
img_438 0.32348814606666565 0.0006017102859914303 -0.07792489975690842
img_439 0.33103659749031067 0.0005649497034028172 -0.07712161540985109
img_440 0.3383241295814514 0.00037020741729065776 -0.07685385644435883
img_441 0.3460130989551544 0.00033067906042560935 -0.0787280797958374
img_442 0.3536423444747925 -2.559192944318056e-05 -0.07792487740516665
img_443 0.3606478273868561 -0.00020417665655259043 -0.07953142374753953
img_444 0.3682554364204407 4.92425897391513e-05 -0.07979917526245119
img_445 0.37580451369285583 -0.00043162767542526126 -0.07926367968320848
img_446 0.38332128524780273 -0.00041467190021649003 -0.07979911565780641
img_447 0.3906586766242981 -0.0004486773395910859 -0.07899578660726549
img_448 0.39827659726142883 -0.0004990939050912857 -0.07953124493360521
img_449 0.4055940806865692 -0.0007752310484647751 -0.08033452183008195
img_450 0.41314080357551575 -0.00040023477049544454 -0.07846038043498994
img_451 0.4204491376876831 -0.0007906038081273437 -0.07926367968320848
img_452 0.4279153048992157 -0.0005239685997366905 -0.08006688952445985
img_453 0.43539437651634216 -0.0010012444108724594 -0.079799123108387
img_454 0.4426587224006653 -0.0005996898980811238 -0.07899595797061923
img_455 0.4500071108341217 -0.0009357436210848391 -0.08006704598665235
img_456 0.4571413993835449 -0.0008327221148647368 -0.0792638808488846
img_457 0.4645892381668091 -0.0008101672283373773 -0.08006719499826433
img_458 0.4720954895019531 -0.0004913532757200301 -0.0787285640835762
img_459 0.47937270998954773 -0.0008198462310247123 -0.07926405221223833
img_460 0.4868095815181732 -0.0004893479053862393 -0.07899627834558487
img_461 0.4938548803329468 -0.0006171994609758258 -0.07926402986049653
img_462 0.5012502670288086 -0.0003449836221989244 -0.07792541384696962
img_463 0.5082744359970093 -0.00027944822795689106 -0.07872864603996278
img_464 0.5156917572021484 -0.0001890963176265359 -0.0776575654745102
img_465 0.5227586627006531 -0.0004933771560899913 -0.07819311320781706
img_466 0.5301125049591064 0.00015846214955672622 -0.07712214440107347
img_467 0.5375002026557922 -0.00010545962140895426 -0.0768544152379036
img_468 0.5447500348091125 7.35068169888109e-05 -0.0768544152379036
img_469 0.5519999265670776 0.0003742363187484443 -0.07605167478322984
img_470 0.5592445135116577 0.0005588921485468745 -0.07524846494197847
img_471 0.5663700103759766 0.0005742196226492524 -0.07605174183845521
img_472 0.5741087794303894 0.0007212980417534709 -0.07417738437652588
img_473 0.580987811088562 0.0007015292067080736 -0.07471327483654024
img_474 0.5882136225700378 0.0012033027596771717 -0.07444576174020769
img_475 0.5957122445106506 0.0008898483938537538 -0.07417770475149155
img_476 0.6029977798461914 0.0012682013912126422 -0.07284040749073029
img_477 0.6103491187095642 0.0014074693899601698 -0.07203652709722519
img_478 0.6177905201911926 0.0014837891794741154 -0.07043120265007018
img_479 0.6250782608985901 0.0016459089238196611 -0.07069943100214005
img_480 0.6325201392173767 0.001853989320807159 -0.0698976367712021
img_481 0.6397779583930969 0.0017754323780536652 -0.06936211884021759
img_482 0.6471842527389526 0.0018131007673218846 -0.06989756226539613
img_483 0.6546490788459778 0.0021497183479368687 -0.06829083710908888
img_484 0.6619455814361572 0.002141488017514348 -0.06802311539649963
img_485 0.6676417589187622 0.0035941749811172485 -0.067755363881588
img_486 0.6674924492835999 0.0034815981052815914 -0.06748761981725693
img_487 0.6674924492835999 0.0034815981052815914 -0.06748761981725693
img_488 0.6674924492835999 0.0034815981052815914 -0.06748761981725693
img_489 0.6664046049118042 0.006254883483052254 -0.057044930756092085
img_490 0.6668800115585327 0.013340412639081478 -0.05758043378591538
img_491 0.6673349142074585 0.020617462694644928 -0.058652382344007506
img_492 0.6677826046943665 0.027639273554086685 -0.058117173612117774
img_493 0.66823410987854 0.03479091450572014 -0.059188701212406165
img_494 0.6686538457870483 0.04187392070889473 -0.05918869748711587
img_495 0.6691452264785767 0.04896971955895424 -0.059725057333707816
img_496 0.6694517731666565 0.05586986988782883 -0.05892311036586761
img_497 0.6699405312538147 0.06295429170131683 -0.05945859849452972
img_498 0.6704086661338806 0.07022314518690109 -0.0605294667184353
img_499 0.6707435250282288 0.07750094681978226 -0.058922957628965385
img_500 0.6711617112159729 0.08458970487117767 -0.058922957628965385
img_501 0.671509325504303 0.09168267995119095 -0.058387450873851776
img_502 0.671962559223175 0.09883028268814087 -0.05865518748760224
img_503 0.6722520589828491 0.10617223381996155 -0.05758412927389146
img_504 0.6725795269012451 0.11369484663009644 -0.056780938059091575
img_505 0.6727072596549988 0.12092883884906769 -0.054637122899293906
img_506 0.6728779673576355 0.1285766214132309 -0.052764412015676505
img_507 0.6729766726493835 0.1358119547367096 -0.051424361765384674
img_508 0.6732701659202576 0.14357487857341766 -0.0498192384839058
img_509 0.6734565496444702 0.15086360275745392 -0.04767598211765291
img_510 0.6736769676208496 0.15844742953777313 -0.0466056913137436
img_511 0.6735036969184875 0.1661248654127121 -0.04338889196515084
img_512 0.6735557317733765 0.1738337278366089 -0.04205176234245301
img_513 0.6735544800758362 0.18137218058109283 -0.03883782774209977
img_514 0.6735337376594543 0.1890285462141037 -0.03642876446247101
img_515 0.6733112335205078 0.1965102255344391 -0.03348340094089508
img_516 0.6735320687294006 0.2041586935520172 -0.03321566432714462
img_517 0.6737135052680969 0.21174754202365875 -0.03187692537903786
img_518 0.6737062335014343 0.21928080916404724 -0.030002761632204063
img_519 0.6737518310546875 0.2266906201839447 -0.028663881123065955
img_520 0.6736496686935425 0.23422542214393616 -0.027057541534304626
img_521 0.673851728439331 0.24169103801250458 -0.027057539671659473
img_522 0.6738787889480591 0.24922308325767517 -0.025718703866004947
img_523 0.6740677356719971 0.25656694173812866 -0.024915408343076713
img_524 0.6741769909858704 0.26378896832466125 -0.023576837033033374
img_525 0.6742088198661804 0.271136611700058 -0.023309068754315376
img_526 0.6744845509529114 0.2784161865711212 -0.024112243205308918
img_527 0.6748338937759399 0.2855725884437561 -0.024647779762744914
img_528 0.6750149130821228 0.2929162085056305 -0.02545102126896382
img_529 0.6750543117523193 0.3000186085700989 -0.02438001148402691
img_530 0.6754055619239807 0.30717387795448303 -0.02652184292674064
img_531 0.675593912601471 0.31427299976348877 -0.026521839201450348
img_532 0.6759974956512451 0.3214889466762543 -0.02812848053872586
img_533 0.6762644052505493 0.3284623324871063 -0.02786074765026569
img_534 0.6765698790550232 0.33561816811561584 -0.029467096552252773
img_535 0.6768162250518799 0.34277698397636414 -0.02973486669361591
img_536 0.6770608425140381 0.3498128354549408 -0.03000262379646302
img_537 0.6774151921272278 0.3569067418575287 -0.03107366897165776
img_538 0.677676796913147 0.36418551206588745 -0.030538264662027366
img_539 0.6780387163162231 0.3714025616645813 -0.03241284191608429
img_540 0.6782021522521973 0.3786233365535736 -0.031877432018518455
img_541 0.6786443591117859 0.3858371078968048 -0.03268076106905938
img_542 0.678739070892334 0.39306023716926575 -0.0316099263727665
img_543 0.6790457963943481 0.4005231559276581 -0.032145462930202484
img_544 0.6790699362754822 0.40787166357040405 -0.03053905442357064
img_545 0.6790934801101685 0.4155879020690918 -0.028932519257068644
img_546 0.6789827346801758 0.4227564036846161 -0.028129262849688537
img_547 0.6791660785675049 0.4305289685726166 -0.02625495754182339
img_548 0.6790794730186462 0.4380016326904297 -0.02491629868745804
img_549 0.6790873408317566 0.44541096687316895 -0.022774266079068187
img_550 0.6791895627975464 0.45300179719924927 -0.02304203249514103
img_551 0.6791864037513733 0.4605332911014557 -0.0209000688046217
img_552 0.6791747808456421 0.46843206882476807 -0.018758079037070274
img_553 0.6788931488990784 0.4760293960571289 -0.01634834334254265
img_554 0.6787002086639404 0.4836854934692383 -0.014741858467459682
img_555 0.6787015795707703 0.4909708797931671 -0.013938616961240767
img_556 0.6787039041519165 0.49874526262283325 -0.01233227364718914
img_557 0.6786200404167175 0.5062769055366516 -0.011796736158430578
img_558 0.6785336136817932 0.51393061876297 -0.009654678404331207
img_559 0.6784619688987732 0.5211551785469055 -0.00858366768807173
img_560 0.6784206032752991 0.5286847352981567 -0.00858366582542658
img_561 0.6783791780471802 0.5362154245376587 -0.007780360523611308
img_562 0.6784721612930298 0.5436215400695801 -0.008048090152442455
img_563 0.678531289100647 0.5509670376777649 -0.007244855165481569
img_564 0.6785120368003845 0.5580692291259766 -0.007512634154409171
img_565 0.6785332560539246 0.5655986070632935 -0.006441667675971986
img_566 0.6787545084953308 0.5725141763687134 -0.008583488874137402
img_567 0.6789262294769287 0.5801655650138855 -0.008583487011492252
img_568 0.6789502501487732 0.5870836973190308 -0.009119040332734585
img_569 0.6791922450065613 0.5942432284355164 -0.009654479101300241
img_570 0.6791900992393494 0.6013440489768982 -0.010725393891334535
img_571 0.6795864105224609 0.6086266040802002 -0.012332268059253691
img_572 0.6797807216644287 0.6157850623130798 -0.013135298155248169
img_573 0.6799430847167969 0.62276291847229 -0.013670860789716244
img_574 0.6802538633346558 0.6299821734428406 -0.014474036172032361
img_575 0.6805686950683594 0.6370797753334045 -0.016883915290236473
img_576 0.6807249784469604 0.64424067735672 -0.017151674255728725
img_577 0.6810952425003052 0.6513991355895996 -0.018222896382212642
img_578 0.6813316941261292 0.6585560441017151 -0.019025895744562153
img_579 0.6812912821769714 0.6657207608222961 -0.019293662160634998
img_580 0.6815425753593445 0.6732467412948608 -0.019293660297989842
img_581 0.6816089153289795 0.6803478002548218 -0.018758159130811695
img_582 0.6820179224014282 0.6870747208595276 -0.020900052040815357
img_583 0.6828787922859192 0.687669038772583 -0.026522990316152576
img_584 0.6828787922859192 0.687669038772583 -0.026522990316152576
img_585 0.6828787922859192 0.687669038772583 -0.026522990316152576
img_586 0.6827102899551392 0.6879796981811523 -0.02518431283533573
img_587 0.6770378947257996 0.6887962818145752 -0.023041967302560806
img_588 0.6699318885803223 0.6887763738632202 -0.021435528993606567
img_589 0.6624048948287964 0.6888765096664429 -0.021435528993606567
img_590 0.6552336812019348 0.6890915036201477 -0.02170326374471188
img_591 0.6477395296096802 0.6891317367553711 -0.021971033886075023
img_592 0.6399247646331787 0.6889973282814026 -0.02143559604883194
img_593 0.6327159404754639 0.6891518831253052 -0.021435597911477092
img_594 0.6251149773597717 0.6891311407089233 -0.02090009674429894
img_595 0.6175193786621094 0.6893511414527893 -0.020364612340927127
img_596 0.6102741360664368 0.6894374489784241 -0.020096858963370327
img_597 0.6027807593345642 0.6894655823707581 -0.019561380147933963
img_598 0.5952180624008179 0.6896135210990906 -0.0184902735054493
img_599 0.5877615213394165 0.6896901726722717 -0.019025726243853573
img_600 0.5803049802780151 0.6897708177566528 -0.017954818904399872
img_601 0.5727787613868713 0.6899672150611877 -0.016348220407962803
img_602 0.5655377507209778 0.6902692914009094 -0.015277274884283544
img_603 0.5581107139587402 0.690015435218811 -0.01527727395296097
img_604 0.5507262945175171 0.6901894807815552 -0.01313540525734425
img_605 0.5431662201881409 0.6905336976051331 -0.012867637909948828
img_606 0.5358853340148926 0.6905049681663513 -0.012332195416092876
img_607 0.5283218026161194 0.6905982494354248 -0.01045777834951878
img_608 0.5207955241203308 0.6908606290817261 -0.009654470719397068
img_609 0.5135855078697205 0.6909302473068237 -0.00885117892175913
img_610 0.5062354803085327 0.6909953355789185 -0.007780332118272785
img_611 0.4987090528011322 0.6912375688552856 -0.006977081764489413
img_612 0.49157142639160156 0.6914097666740417 -0.005906174890697003
img_613 0.4842553734779358 0.6913917660713196 -0.005102949682623149
img_614 0.4766214191913605 0.6914307475090027 -0.004299705848097802
img_615 0.4691281020641327 0.6914629936218262 -0.004567479249089957
img_616 0.46156370639801025 0.6912527084350586 -0.004299731459468603
img_617 0.4543558955192566 0.6916509866714478 -0.0026933446060866126
img_618 0.4472525417804718 0.6918537616729736 -0.002693345537409187
img_619 0.4395463466644287 0.6916296482086182 -0.0029611259233206515
img_620 0.43187853693962097 0.6919584274291992 -0.002693403512239456
img_621 0.4247736632823944 0.6919163465499878 -0.003496746066957712
img_622 0.41710415482521057 0.6916370987892151 -0.004032184835523367
img_623 0.4097883403301239 0.6918502449989319 -0.003228868823498488
img_624 0.4026137888431549 0.6919346451759338 -0.0026933557819575076
img_625 0.39494380354881287 0.6916492581367493 -0.004835293628275395
img_626 0.3875928819179535 0.6916847825050354 -0.0037643448449671273
img_627 0.38038334250450134 0.6918343305587769 -0.0045676035806536674
img_628 0.3728901147842407 0.6916236877441406 -0.005638530477881432
img_629 0.36567968130111694 0.6916643381118774 -0.005638529546558858
img_630 0.3580452501773834 0.6915849447250366 -0.006441754288971425
img_631 0.3508685827255249 0.6913250684738159 -0.00751278828829527
img_632 0.3435521423816681 0.6911963820457458 -0.007512790150940418
img_633 0.33598875999450684 0.6912531852722168 -0.008851575665175916
img_634 0.32909539341926575 0.691130518913269 -0.008851577527821066
img_635 0.3216693699359894 0.6908289194107056 -0.009654940105974676
img_636 0.3142142593860626 0.6909621357917786 -0.01019034627825022
img_637 0.3071068227291107 0.6907284259796143 -0.01099368277937174
img_638 0.29996463656425476 0.6904396414756775 -0.010725959204137327
img_639 0.2928597927093506 0.6904546022415161 -0.011529286392033102
img_640 0.2855430841445923 0.6903553009033203 -0.011529286392033102
img_641 0.27822133898735046 0.6900110840797424 -0.013136072084307674
img_642 0.27108240127563477 0.6899824738502502 -0.0128683727234602
img_643 0.26401200890541077 0.6899510025978088 -0.012332812882959844
img_644 0.2566205561161041 0.6896136403083801 -0.014207075349986555
img_645 0.24951690435409546 0.6896533370018005 -0.01420707628130913
img_646 0.24219943583011627 0.6895736455917358 -0.014207078143954279
img_647 0.23491178452968597 0.6891873478889465 -0.01527819223701954
img_648 0.22752569615840912 0.689238965511322 -0.015545921400189403
img_649 0.22031612694263458 0.6893510818481445 -0.01474261749535799
img_650 0.21299494802951813 0.6890304684638977 -0.01634904369711876
img_651 0.20588888227939606 0.688962996006012 -0.01634904555976391
img_652 0.19836163520812988 0.6890248656272888 -0.017152212560176853
img_653 0.19097048044204712 0.6888455152511597 -0.016616690903902054
img_654 0.18379418551921844 0.6887810826301575 -0.01768763363361359
img_655 0.17601948976516724 0.6889185905456543 -0.01822316460311413
img_656 0.16866539418697357 0.6888077259063721 -0.017955431714653972
img_657 0.16162720322608948 0.6886279582977295 -0.01849097572267056
img_658 0.15392376482486725 0.6887704133987427 -0.018758723512291915
img_659 0.1464643031358719 0.6887266635894775 -0.01768773421645165
img_660 0.13890258967876434 0.6888604164123535 -0.01822320185601712
img_661 0.13172991573810577 0.6890523433685303 -0.018490964546799667
img_662 0.1241639032959938 0.6889473795890808 -0.01742004975676537
img_663 0.11666952073574066 0.6889554858207703 -0.018491147086024284
img_664 0.1092471331357956 0.6889703273773193 -0.018491148948669437
img_665 0.10182767361402512 0.6892300248146057 -0.016081087291240696
img_666 0.09419559687376022 0.6893527507781982 -0.016884230077266697
img_667 0.08691608160734177 0.6894756555557251 -0.01634873822331429
img_668 0.07931479066610336 0.689416229724884 -0.015009889379143718
img_669 0.07214199006557465 0.6895851492881775 -0.014474395662546161
img_670 0.06482592225074768 0.6898748278617859 -0.01367076486349106
img_671 0.05712360516190529 0.6898577213287354 -0.012332607060670854
img_672 0.04948399215936661 0.6900745034217834 -0.011528558097779754
img_673 0.042350154370069504 0.6900344491004944 -0.0112610487267375
img_674 0.03488823398947716 0.6901797652244568 -0.0093853659927845
img_675 0.027439728379249573 0.690433144569397 -0.008315346203744411
img_676 0.020122574642300606 0.690555214881897 -0.007511887233704329
img_677 0.012738317251205444 0.6906718611717224 -0.006976514123380185
img_678 0.005314696580171585 0.6908461451530457 -0.004565911367535591
img_679 -0.002032466232776642 0.691124439239502 -0.005101195536553859
img_680 -0.008298017084598541 0.6895031332969666 -0.008314959704875946
img_681 -0.007941631600260735 0.689867377281189 -0.008582644164562225
img_682 -0.007870897650718689 0.6898667812347412 -0.00831470172852278
img_683 -0.007870897650718689 0.6898667812347412 -0.00831470172852278
img_684 -0.00655845832079649 0.6861827969551086 -0.018489137291908268
img_685 -0.006701062433421612 0.6784708499908447 -0.01929239369928837
img_686 -0.0069935861974954605 0.670638918876648 -0.018221329897642136
img_687 -0.006600693333894014 0.6631004214286804 -0.020631249994039536
img_688 -0.00675978884100914 0.655390202999115 -0.021434364840388305
img_689 -0.006676446180790663 0.6477344632148743 -0.024111945182085044
img_690 -0.006367520894855261 0.6400058269500732 -0.02625554613769055
img_691 -0.0065971133299171925 0.6326084733009338 -0.026790590956807137
img_692 -0.006517783273011446 0.6250104308128357 -0.02893327176570893
img_693 -0.006730237510055304 0.6176696419715881 -0.02973630465567112
img_694 -0.006599020678550005 0.6101945638656616 -0.030807239934802055
img_695 -0.007074499037116766 0.6027979850769043 -0.029736157506704334
img_696 -0.007084582466632128 0.5953264236450195 -0.03053943626582623
img_697 -0.007412970066070557 0.5880489945411682 -0.03134261816740037
img_698 -0.0072526829317212105 0.5807561278343201 -0.03268128633499146
img_699 -0.007771326694637537 0.5735454559326172 -0.03294904902577401
img_700 -0.007789280731230974 0.5665639042854309 -0.03294904902577401
img_701 -0.00820592138916254 0.5592882633209229 -0.03241349756717682
img_702 -0.008469362743198872 0.5522540807723999 -0.032145775854587555
img_703 -0.008668188005685806 0.5449713468551636 -0.032413553446531296
img_704 -0.009031699039041996 0.5381230115890503 -0.030539212748408325
img_705 -0.00918158981949091 0.5309017896652222 -0.030271502211689953
img_706 -0.009604811668395996 0.523932158946991 -0.030271504074335102
img_707 -0.009782559238374233 0.5168944597244263 -0.0297360047698021
img_708 -0.01017211377620697 0.5097411274909973 -0.02839735522866249
img_709 -0.01029960811138153 0.5027631521224976 -0.027326328679919243
img_710 -0.010819868184626102 0.4953688085079193 -0.027326330542564392
img_711 -0.011050947941839695 0.48820850253105164 -0.027861958369612697
img_712 -0.011144484393298626 0.48104649782180786 -0.027861958369612697
img_713 -0.01141296699643135 0.47395020723342896 -0.027326460927724845
img_714 -0.011546368710696697 0.46648260951042175 -0.027058709412813197
img_715 -0.011711443774402142 0.4590771794319153 -0.028129724785685543
img_716 -0.011810335330665112 0.45179322361946106 -0.02812972664833069
img_717 -0.012094518169760704 0.44420677423477173 -0.02839750237762928
img_718 -0.011983411386609077 0.4369167983531952 -0.02920066379010678
img_719 -0.01213796529918909 0.4292042851448059 -0.03053951263427735
img_720 -0.012116856873035431 0.4217935800552368 -0.03241363540291786
img_721 -0.012433551251888275 0.4142080545425415 -0.032681427896022804
img_722 -0.012365677393972874 0.40655073523521423 -0.03428772836923599
img_723 -0.0124555928632617 0.39877384901046753 -0.03562664985656739
img_724 -0.012364054098725319 0.3914209306240082 -0.03830382227897645
img_725 -0.012447532266378403 0.38370460271835327 -0.039107143878936775
img_726 -0.012645529583096504 0.375932514667511 -0.04151673614978791
img_727 -0.012667922303080559 0.3685806393623352 -0.04285559058189392
img_728 -0.012759065255522728 0.3606809079647064 -0.04553293436765671
img_729 -0.01271341647952795 0.35314086079597473 -0.04767511412501335
img_730 -0.012933938764035702 0.3455526828765869 -0.04874601587653161
img_731 -0.013015449978411198 0.33807846903800964 -0.0500849410891533
img_732 -0.013292579911649227 0.3304325342178345 -0.05169107392430307
img_733 -0.013357634656131268 0.32301831245422363 -0.05410100519657136
img_734 -0.0137548903003335 0.31568264961242676 -0.0549043118953705
img_735 -0.01386896800249815 0.3084549009799957 -0.05624299496412278
img_736 -0.014250011183321476 0.30105847120285034 -0.055707562714815154
img_737 -0.014331212267279625 0.2938888967037201 -0.05811756104230882
img_738 -0.014860185794532299 0.2866227626800537 -0.058920804411172874
img_739 -0.015105540864169598 0.2794625163078308 -0.05865305289626122
img_740 -0.01556784100830555 0.2721925377845764 -0.059188548475503935
img_741 -0.01604394242167473 0.2653529942035675 -0.058653086423873915
img_742 -0.016442876309156418 0.25795629620552063 -0.0597241260111332
img_743 -0.016742639243602753 0.2511666715145111 -0.0597241260111332
img_744 -0.01724431850016117 0.2439608871936798 -0.05999185517430306
img_745 -0.01762433908879757 0.2370436191558838 -0.0594555623829365
img_746 -0.018077295273542404 0.2300281822681427 -0.059188187122344985
img_747 -0.0185434240847826 0.222759410738945 -0.05892047658562661
img_748 -0.01890830509364605 0.21597358584403992 -0.05918825045228005
img_749 -0.019491253420710564 0.208526149392128 -0.05972379446029664
img_750 -0.019759347662329674 0.20167429745197296 -0.05838515236973764
img_751 -0.020265743136405945 0.19422225654125214 -0.0594562292098999
img_752 -0.02047599107027054 0.1871219128370285 -0.06106255948543551
img_753 -0.02074415795505047 0.1798398643732071 -0.061598069965839386
img_754 -0.021203910931944847 0.1723855584859848 -0.062401335686445236
img_755 -0.021450364962220192 0.16504068672657013 -0.06240133196115495
img_756 -0.02183789759874344 0.15770497918128967 -0.06454324722290039
img_757 -0.021966906264424324 0.15022902190685272 -0.06641758978366852
img_758 -0.022149235010147095 0.14269554615020752 -0.0680239647626877
img_759 -0.022586381062865257 0.13523909449577332 -0.07016613334417343
img_760 -0.022796936333179474 0.12770678102970123 -0.07177241891622543
img_761 -0.02324872463941574 0.11994420737028122 -0.07418234646320344
img_762 -0.023287158459424973 0.11227445304393768 -0.07659194618463518
img_763 -0.02350623533129692 0.10480047762393951 -0.07926962524652482
img_764 -0.024016181007027626 0.09704191237688065 -0.08007289469242096
img_765 -0.024240709841251373 0.0893835499882698 -0.08382129669189455
img_766 -0.024524031206965446 0.08179019391536713 -0.08649867773056027
img_767 -0.02457593008875847 0.07423720508813858 -0.08944380283355714
img_768 -0.025064615532755852 0.0664142519235611 -0.09185346215963366
img_769 -0.025556927546858788 0.05914262682199478 -0.09319247305393222
img_770 -0.02593413181602955 0.05130947008728981 -0.09667261689901353
img_771 -0.026238495483994484 0.04414302855730057 -0.09881464391946791
img_772 -0.026846645399928093 0.036575693637132645 -0.10068880766630174
img_773 -0.027121789753437042 0.029281005263328552 -0.10336656868457797
img_774 -0.027809416875243187 0.021967384964227676 -0.10470525175333024
img_775 -0.028129808604717255 0.014860325492918491 -0.10711520165205003
img_776 -0.028774527832865715 0.007542245555669069 -0.10818608105182649
img_777 -0.029901033267378807 0.0017530177719891071 -0.10604397952556611
img_778 -0.030444856733083725 0.0013184412382543087 -0.1014925092458725
img_779 -0.030415894463658333 0.0012539529707282782 -0.10176028311252595
img_780 -0.030415894463658333 0.0012539529707282782 -0.10176028311252595
img_781 -0.030415894463658333 0.0012539529707282782 -0.10176028311252595
img_782 -0.030415894463658333 0.0012539529707282782 -0.10176028311252595
img_783 -0.030415894463658333 0.0012539529707282782 -0.10176028311252595
img_784 -0.030415894463658333 0.0012539529707282782 -0.10176028311252595
img_785 -0.030415894463658333 0.0012539529707282782 -0.10176028311252595
img_786 -0.030415894463658333 0.0012539529707282782 -0.10176028311252595
img_787 -0.030415894463658333 0.0012539529707282782 -0.10176028311252595
img_788 -0.030415894463658333 0.0012539529707282782 -0.10176028311252595
img_789 -0.030415894463658333 0.0012539529707282782 -0.10176028311252595
img_790 -0.030415894463658333 0.0012539529707282782 -0.10176028311252595
img_791 -0.030415894463658333 0.0012539529707282782 -0.10176028311252595
img_792 -0.030415894463658333 0.0012539529707282782 -0.10176028311252595
img_793 -0.030415894463658333 0.0012539529707282782 -0.10176028311252595
img_794 -0.030415894463658333 0.0012539529707282782 -0.10176028311252595
