img_0 0.0 0.0 0.0
img_1 0.0 0.0 0.0
img_2 0.0 0.0 0.0
img_3 0.0 0.0 0.0
img_4 0.0008836188935674727 -0.0006734082126058638 -0.006694083567708731
img_5 0.00802348181605339 -0.00047636620001867414 -0.007764948531985284
img_6 0.00802348181605339 -0.00047636620001867414 -0.007764948531985284
img_7 0.015375323593616486 -0.0005334545276127756 -0.007229396607726813
img_8 0.022586170583963394 -0.00034074002178385854 -0.006426223553717137
img_9 0.022586170583963394 -0.00034074002178385854 -0.006426223553717137
img_10 0.029973603785037994 -0.00020456996571738273 -0.004552043508738279
img_11 0.0373254120349884 -0.00011560374696273357 -0.005623036529868841
img_12 0.044613149017095566 -3.404093877179548e-05 -0.005355047993361951
img_13 0.05171113461256027 -1.0888350516324863e-05 -0.004552495200186968
img_14 0.05931100249290466 1.5736573914182372e-05 -0.004284711554646492
img_15 0.05931100249290466 1.5736573914182372e-05 -0.004284711554646492
img_16 0.06651979684829712 -1.5151634215726517e-05 -0.0050878357142210015
img_17 0.07394349575042725 6.952903640922159e-05 -0.003481087274849415
img_18 0.08132991939783096 0.00010502836084924638 -0.004819756839424373
img_19 0.08132991939783096 0.00010502836084924638 -0.004819756839424373
img_20 0.08860991895198822 6.993949500611052e-05 -0.005355213768780232
img_21 0.09627924114465714 9.008226334117353e-05 -0.003213300369679928
img_22 0.10356060415506363 6.668454443570226e-05 -0.0029455199837684636
img_23 0.11108864843845367 -0.00013915199087932706 -0.0037488308735191826
img_24 0.11854476481676102 -0.00022831239039078355 -0.0032134009525179867
img_25 0.11854476481676102 -0.00022831239039078355 -0.0032134009525179867
img_26 0.1257910281419754 -0.00019037490710616112 -0.004284515976905823
img_27 0.1333887279033661 -0.0002841383684426546 -0.005623139441013337
img_28 0.14077509939670563 -0.00026446141419000924 -0.003749026916921139
img_29 0.14821842312812805 -0.00041515950579196215 -0.002943415427580476
img_30 0.14821842312812805 -0.00041515950579196215 -0.002943415427580476
img_31 0.1559000164270401 -0.0005598404095508158 -0.0042782044038176545
img_32 0.16317994892597198 -0.0008358649211004376 -0.004813733510673047
img_33 0.17049555480480194 -0.0009322973201051354 -0.0048137325793504715
img_34 0.17823471128940582 -0.0010307643096894026 -0.005616921000182629
img_35 0.17823471128940582 -0.0010307643096894026 -0.005616921000182629
img_36 0.185548797249794 -0.0013779287692159414 -0.006420157849788667
img_37 0.19297298789024353 -0.0013031347189098597 -0.006420156918466089
img_38 0.20046366751194 -0.0014736432349309325 -0.007758709602057935
img_39 0.20763632655143738 -0.0017129400512203574 -0.009097396396100523
img_40 0.2151273638010025 -0.001903523807413876 -0.009632878005504608
img_41 0.2151273638010025 -0.001903523807413876 -0.009632878005504608
img_42 0.22265642881393433 -0.0019148282008245587 -0.010436211712658407
img_43 0.23003970086574554 -0.002297988859936595 -0.010971722193062309
img_44 0.23756720125675201 -0.002319368999451399 -0.010971719399094585
img_45 0.2447102963924408 -0.0023977444507181644 -0.012847078032791616
img_46 0.2447102963924408 -0.0023977444507181644 -0.012847078032791616
img_47 0.2521269917488098 -0.002615423407405615 -0.014452898874878889
img_48 0.2595808804035187 -0.0029068272560834885 -0.014720646664500242
img_49 0.2670392692089081 -0.002832982689142227 -0.015791520476341248
img_50 0.2670392692089081 -0.002832982689142227 -0.015791520476341248
img_51 0.2742820978164673 -0.003008585888892412 -0.01766560785472393
img_52 0.2812782824039459 -0.003254668554291129 -0.017665605992078785
img_53 0.2888759672641754 -0.0033276828471571207 -0.019004182890057564
img_54 0.2964072823524475 -0.003409572411328554 -0.019807798787951466
img_55 0.30371934175491333 -0.0034932312555611134 -0.019807798787951466
img_56 0.30371934175491333 -0.0034932312555611134 -0.019807798787951466
img_57 0.31121256947517395 -0.0035192270297557116 -0.01954006589949131
img_58 0.3187037706375122 -0.003665624652057886 -0.020075559616088867
img_59 0.3257386386394501 -0.003745628986507654 -0.021950289607048038
img_60 0.3327082097530365 -0.0034700690302997828 -0.023288898169994354
img_61 0.3327082097530365 -0.0034700690302997828 -0.023288898169994354
img_62 0.340164452791214 -0.0035825208760797977 -0.023556629195809364
img_63 0.34761765599250793 -0.0038193543441593647 -0.023824356496334076
img_64 0.3551514446735382 -0.0036926865577697754 -0.02221772819757462
img_65 0.3623983860015869 -0.0036700484342873096 -0.02328862808644772
img_66 0.3623983860015869 -0.0036700484342873096 -0.02328862808644772
img_67 0.36968040466308594 -0.003717194776982069 -0.023020859807729718
img_68 0.3771819472312927 -0.0034000910818576813 -0.022753126919269562
img_69 0.3847154676914215 -0.0032653550151735544 -0.022753123193979267
img_70 0.39202752709388733 -0.0034929821267724037 -0.021949945017695434
img_71 0.39942097663879395 -0.003349066013470292 -0.021682130172848705
img_72 0.39942097663879395 -0.003349066013470292 -0.021682130172848705
img_73 0.40670931339263916 -0.0030173594132065773 -0.021414425224065788
img_74 0.41420048475265503 -0.003177803475409746 -0.019540132954716682
img_75 0.42137935757637024 -0.0030119754374027252 -0.020075606182217598
img_76 0.42137935757637024 -0.0030119754374027252 -0.020075606182217598
img_77 0.4287889301776886 -0.002731235232204199 -0.020612249150872234
img_78 0.43598487973213196 -0.0027573786210268736 -0.01900909096002579
img_79 0.4433080554008484 -0.0024679929483681917 -0.01981237716972828
img_80 0.4506639242172241 -0.0022464480716735125 -0.018473863601684574
img_81 0.45780661702156067 -0.0021335077472031116 -0.017135094851255413
img_82 0.45780661702156067 -0.0021335077472031116 -0.017135094851255413
img_83 0.46501976251602173 -0.002012217417359352 -0.01874160394072533
img_84 0.47241920232772827 -0.0015995949506759644 -0.01767006516456604
img_85 0.4796987771987915 -0.0016058242181316018 -0.015796357765793804
img_86 0.4868038594722748 -0.0015344201819971204 -0.0165995080024004
img_87 0.4868038594722748 -0.0015344201819971204 -0.0165995080024004
img_88 0.49437403678894043 -0.0011703195050358772 -0.01606402918696404
img_89 0.5012290477752686 -0.0012804479338228703 -0.01499313209205866
img_90 0.5083692669868469 -0.0012650670250877738 -0.01606412045657635
img_91 0.5159766674041748 -0.0008362139342352748 -0.014993008226156233
img_92 0.5159766674041748 -0.0008362139342352748 -0.014993008226156233
img_93 0.5230129957199097 -0.0006356356316246092 -0.013654392212629318
img_94 0.5377886891365051 -0.0005944731528870761 -0.014725400134921074
img_95 0.5377886891365051 -0.0005944731528870761 -0.014725400134921074
img_96 0.5447543859481812 -0.0005133553058840334 -0.012850838713347914
img_97 0.5522464513778687 -0.00048722457722760737 -0.012583145871758463
img_98 0.5597429871559143 -0.00021424557780846953 -0.013118631206452848
img_99 0.5668125748634338 -0.0001845529186539352 -0.012047629803419113
img_100 0.5668125748634338 -0.0001845529186539352 -0.012047629803419113
img_101 0.5742356181144714 -0.0001515458570793271 -0.011244366876780989
img_102 0.5815932750701904 -0.00011175261170137674 -0.012316149659454823
img_103 0.5889732837677002 -0.0002638264559209347 -0.012048595584928988
img_104 0.5962911248207092 -0.00016833588597364724 -0.010442061349749567
img_105 0.6037849187850952 -0.00012414810771588236 -0.011780849657952787
img_106 0.6111354827880859 -0.00021074879623483866 -0.011245367117226126
img_107 0.6111354827880859 -0.00021074879623483866 -0.011245367117226126
img_108 0.6186654567718506 -0.00011176284897373989 -0.009638789109885694
img_109 0.6260865330696106 -0.00018329601152800024 -0.011245161294937136
img_110 0.6334720849990845 -0.00032757173175923526 -0.010174157097935678
img_111 0.6334720849990845 -0.00032757173175923526 -0.010174157097935678
img_112 0.6407880783081055 -0.000340791855705902 -0.010174157097935678
img_113 0.6483522653579712 -0.00029531741165556014 -0.010441903956234457
img_114 0.6559499502182007 -0.00043587354593910277 -0.010174155235290529
img_115 0.6631235480308533 -0.0005700805340893567 -0.01070965174585581
img_116 0.6631235480308533 -0.0005700805340893567 -0.01070965174585581
img_117 0.6704756617546082 -0.0005263854982331395 -0.011780635453760627
img_118 0.67828369140625 -0.0008020324166864157 -0.012316128239035606
img_119 0.683655858039856 -0.0008682002662681043 -0.019278172403573993
img_120 0.6839091777801514 -0.0005668693920597434 -0.02356327697634697
img_121 0.6839120388031006 -0.0004445120575837791 -0.02356327697634697
img_122 0.6839120388031006 -0.0004445120575837791 -0.02356327697634697
img_123 0.6839120388031006 -0.0004445120575837791 -0.02356327697634697
img_124 0.6839120388031006 -0.0004445120575837791 -0.02356327697634697
img_125 0.683683454990387 0.006357407663017511 -0.021421372890472416
img_126 0.6836628317832947 0.013643610291182995 -0.01847636327147484
img_127 0.6836628317832947 0.013643610291182995 -0.01847636327147484
img_128 0.6834861636161804 0.021300023421645164 -0.016869889572262767
img_129 0.6837171316146851 0.02870463952422142 -0.016869889572262767
img_130 0.6836351156234741 0.03642776980996132 -0.016065863892436034
img_131 0.6839265823364258 0.04357897490262985 -0.01660081557929516
img_132 0.6839265823364258 0.04357897490262985 -0.01660081557929516
img_133 0.6839779615402222 0.05094136297702789 -0.015259089879691604
img_134 0.684158444404602 0.05814657732844353 -0.016594810411334038
img_135 0.6841006278991699 0.06531122326850891 -0.015255976468324663
img_136 0.6842145323753357 0.07277822494506836 -0.016059173271059993
img_137 0.6842145323753357 0.07277822494506836 -0.016059173271059993
img_138 0.6845406889915466 0.07987643033266068 -0.01686258986592293
img_139 0.6846988797187805 0.08715903759002686 -0.01793352141976357
img_140 0.6849995851516724 0.09407174587249756 -0.018468987196683887
img_141 0.6851375102996826 0.10153795778751373 -0.019272143021225933
img_142 0.6851375102996826 0.10153795778751373 -0.019272143021225933
img_143 0.6855184435844421 0.10845434665679932 -0.02114775776863098
img_144 0.6856293082237244 0.11536578088998795 -0.0208802055567503
img_145 0.6859973073005676 0.12282872945070267 -0.022486845031380664
img_146 0.6861937046051025 0.12998831272125244 -0.022754587233066562
img_147 0.6865338087081909 0.13715484738349915 -0.024899622425436974
img_148 0.6865338087081909 0.13715484738349915 -0.024899622425436974
img_149 0.686771810054779 0.14387503266334534 -0.024632258340716365
img_150 0.6869925856590271 0.15140177309513092 -0.024900019168853763
img_151 0.6874151825904846 0.15843355655670166 -0.025167776271700863
img_152 0.6874648928642273 0.16602490842342377 -0.02570323273539543
img_153 0.6874648928642273 0.16602490842342377 -0.02570323273539543
img_154 0.687788724899292 0.17312055826187134 -0.026774320751428604
img_155 0.6880494952201843 0.18021751940250397 -0.025703266263008125
img_156 0.6880600452423096 0.18750251829624176 -0.02516790293157101
img_157 0.6880600452423096 0.18750251829624176 -0.02516790293157101
img_158 0.6879652142524719 0.19498518109321594 -0.023827435448765758
img_159 0.6879708766937256 0.20262932777404785 -0.02329262532293797
img_160 0.6881052255630493 0.20991307497024536 -0.022221593186259277
img_161 0.6881719827651978 0.21768775582313538 -0.020615126937627796
img_162 0.6882212162017822 0.22521793842315674 -0.019811870530247692
img_163 0.6882302761077881 0.23280981183052063 -0.01874089799821377
img_164 0.6882302761077881 0.23280981183052063 -0.01874089799821377
img_165 0.6880464553833008 0.23997721076011658 -0.017134295776486397
img_166 0.6879686713218689 0.24781514704227448 -0.01552783325314522
img_167 0.6879088878631592 0.2553464472293854 -0.013385855592787262
img_168 0.6879088878631592 0.2553464472293854 -0.013385855592787262
img_169 0.6877623200416565 0.2628786861896515 -0.012314848601818088
img_170 0.687502384185791 0.27047431468963623 -0.00963696837425232
img_171 0.6875755190849304 0.27806347608566284 -0.00963696464896202
img_172 0.6874377727508545 0.28577855229377747 -0.007227146532386542
img_173 0.6874377727508545 0.28577855229377747 -0.007227146532386542
img_174 0.687386155128479 0.29330846667289734 -0.006423914805054665
img_175 0.6871878504753113 0.30096435546875 -0.005352569278329611
img_176 0.6871221661567688 0.30849167704582214 -0.004549604374915363
img_177 0.6871210932731628 0.31602227687835693 -0.0034784644376486544
img_178 0.6871210932731628 0.31602227687835693 -0.0034784644376486544
img_179 0.6870755553245544 0.323245644569397 -0.0037461996544152507
img_180 0.6871728301048279 0.33034664392471313 -0.0034784374292939906
img_181 0.6870768070220947 0.3450385630130768 -0.0032108516898006205
img_182 0.6871004104614258 0.35238444805145264 -0.0032108516898006205
img_183 0.6871004104614258 0.35238444805145264 -0.0032108516898006205
img_184 0.6873009204864502 0.3597905933856964 -0.00294311298057437
img_185 0.6873587965965271 0.36744198203086853 -0.004014049656689168
img_186 0.6874927282333374 0.37436673045158386 -0.005622367840260268
img_187 0.687603235244751 0.3814614415168762 -0.006157429423183203
img_188 0.687603235244751 0.3814614415168762 -0.006157429423183203
img_189 0.6877525448799133 0.3884984850883484 -0.0069604525342583665
img_190 0.688156247138977 0.39571893215179443 -0.00883459858596325
img_191 0.6881471872329712 0.402698278427124 -0.009102360345423223
img_192 0.6883901953697205 0.4099810719490051 -0.011244363151490692
img_193 0.6883901953697205 0.4099810719490051 -0.011244363151490692
img_194 0.6886807084083557 0.41695743799209595 -0.011244362220168114
img_195 0.6889005303382874 0.42393332719802856 -0.013118426315486435
img_196 0.6890692114830017 0.43140050768852234 -0.012850658036768436
img_197 0.6892688274383545 0.43868234753608704 -0.014456960372626783
img_198 0.6892688274383545 0.43868234753608704 -0.014456960372626783
img_199 0.6896905303001404 0.4458412528038025 -0.015260431915521623
img_200 0.6899383664131165 0.452815979719162 -0.01633129082620144
img_201 0.6900219917297363 0.46010079979896545 -0.016866831108927727
img_202 0.6899681687355042 0.4673859179019928 -0.016331443563103676
img_203 0.6899681687355042 0.4673859179019928 -0.016331443563103676
img_204 0.6903365254402161 0.4747878909111023 -0.017402427271008495
img_205 0.6901452541351318 0.4820774793624878 -0.015795817598700523
img_206 0.6902670860290527 0.4897899329662323 -0.01499254070222378
img_207 0.6901650428771973 0.4971469044685364 -0.014188338071107866
img_208 0.6902364492416382 0.5046674013137817 -0.013920897617936136
img_209 0.6902364492416382 0.5046674013137817 -0.013920897617936136
img_210 0.6901973485946655 0.5120145678520203 -0.01204664167016745
img_211 0.6901473999023438 0.519607663154602 -0.01097546983510256
img_212 0.6901933550834656 0.5270127654075623 -0.010707788169384004
img_213 0.6898481249809265 0.534509003162384 -0.008290361613035202
img_214 0.6898481249809265 0.534509003162384 -0.008290361613035202
img_215 0.6898077130317688 0.5423808097839355 -0.007489720359444618
img_216 0.6895469427108765 0.5500359535217285 -0.005079665221273899
img_217 0.6894797682762146 0.557687520980835 -0.004276501014828682
img_218 0.689264714717865 0.565354585647583 -0.00159407895989716
img_219 0.689264714717865 0.565354585647583 -0.00159407895989716
img_220 0.6891706585884094 0.5727483630180359 -0.00159407895989716
img_221 0.6891120672225952 0.5803397297859192 -0.00025524501688778406
img_222 0.6889373064041138 0.587868869304657 0.00028022617334499966
img_223 0.6888291835784912 0.595276951789856 0.001083587994799018
img_224 0.6888291835784912 0.595276951789856 0.001083587994799018
img_225 0.6886797547340393 0.6027436852455139 0.0021543828770518303
img_226 0.6886281371116638 0.6102768182754517 0.0024222650099545717
img_227 0.6885745525360107 0.6178030371665955 0.0034928051754832276
img_228 0.6886543035507202 0.6253326535224915 0.00268958555534482
img_229 0.6886543035507202 0.6253326535224915 0.00268958555534482
img_230 0.6884231567382812 0.6324329376220703 0.0034928161185234794
img_231 0.6885033249855042 0.6398406624794006 0.002689538756385446
img_232 0.6886255741119385 0.6469417214393616 0.003225013613700867
img_233 0.6886374354362488 0.6542267203330994 0.001350702252238989
img_234 0.6886374354362488 0.6542267203330994 0.001350702252238989
img_235 0.6888397336006165 0.6614498496055603 0.0005475267535075546
img_236 0.6888357996940613 0.668674111366272 -0.00025580526562407613
img_237 0.68894362449646 0.6758356690406799 -0.001862151548266411
img_238 0.6890980005264282 0.68281489610672 -0.0021299347281456
img_239 0.6890980005264282 0.68281489610672 -0.0021299347281456
img_240 0.6895301938056946 0.6866093873977661 -0.004539686255156994
img_241 0.6894951462745667 0.6866707801818848 -0.004271916579455137
img_242 0.6894951462745667 0.6866707801818848 -0.004271916579455137
img_243 0.6894951462745667 0.6866707801818848 -0.004271916579455137
img_244 0.6894951462745667 0.6866707801818848 -0.004271916579455137
img_245 0.6844801902770996 0.6869369149208069 -0.012032517232000828
img_246 0.6772319674491882 0.6867180466651917 -0.01176478061825037
img_247 0.6700208187103271 0.6866804361343384 -0.01256805565208197
img_248 0.6627391576766968 0.6866495013237 -0.012835807166993621
img_249 0.6627391576766968 0.6866495013237 -0.012835807166993621
img_250 0.6553825736045837 0.6862542033195496 -0.013371273875236513
img_251 0.6479936242103577 0.6861693263053894 -0.014442343264818192
img_252 0.640744686126709 0.6859679222106934 -0.014977844431996346
img_253 0.6333903074264526 0.6858331561088562 -0.01631663553416729
img_254 0.626248836517334 0.6857048273086548 -0.016048917546868324
img_255 0.626248836517334 0.6857048273086548 -0.016048917546868324
img_256 0.6188172698020935 0.6855790019035339 -0.016048919409513477
img_257 0.6113283038139343 0.6854545474052429 -0.019526543095707897
img_258 0.6040424108505249 0.6853518486022949 -0.01979435980319977
img_259 0.5964434742927551 0.685318648815155 -0.019258996471762657
img_260 0.5964434742927551 0.685318648815155 -0.019258996471762657
img_261 0.5890857577323914 0.6850929856300354 -0.020597873255610466
img_262 0.5819450616836548 0.6851176023483276 -0.021133404225111015
img_263 0.5745223760604858 0.6851520538330078 -0.020330181345343593
img_264 0.5670609474182129 0.6849976778030396 -0.021668817847967148
img_265 0.5670609474182129 0.6849976778030396 -0.021668817847967148
img_266 0.5601330399513245 0.6850253939628601 -0.02220428921282292
img_267 0.5524245500564575 0.684951663017273 -0.020865511149168018
img_268 0.54517662525177 0.6849192380905151 -0.02140103653073311
img_269 0.5378589630126953 0.6848921775817871 -0.021401038393378265
img_270 0.5378589630126953 0.6848921775817871 -0.021401038393378265
img_271 0.5304696559906006 0.6848666667938232 -0.021668804809451103
img_272 0.523259162902832 0.6849004626274109 -0.0200624018907547
img_273 0.5158355832099915 0.6849269270896912 -0.021669028326869014
img_274 0.5084131360054016 0.6850878000259399 -0.02166903018951416
img_275 0.5012330412864685 0.6851821541786194 -0.01952529698610306
img_276 0.4938189387321472 0.6852046251296997 -0.01952529884874821
img_277 0.4864662289619446 0.6852257251739502 -0.01925753802061081
img_278 0.4864662289619446 0.6852257251739502 -0.01925753802061081
img_279 0.479223370552063 0.6854264736175537 -0.018989782780408863
img_280 0.47155874967575073 0.685755729675293 -0.01872203312814236
img_281 0.4642750918865204 0.685647189617157 -0.01738334074616433
img_282 0.4642750918865204 0.685647189617157 -0.01738334074616433
img_283 0.4569243788719177 0.6857749819755554 -0.01631227135658264
img_284 0.44939911365509033 0.685958981513977 -0.01631227135658264
img_285 0.44215407967567444 0.6860159635543823 -0.015241317451000215
img_286 0.44215407967567444 0.6860159635543823 -0.015241317451000215
img_287 0.4346279501914978 0.6861919164657593 -0.014438080601394178
img_288 0.4272806942462921 0.6865429282188416 -0.014973595738410951
img_289 0.41985929012298584 0.6866540908813477 -0.01256377622485161
img_290 0.41239580512046814 0.6865640878677368 -0.012295869179069994
img_291 0.41239580512046814 0.6865640878677368 -0.012295869179069994
img_292 0.4048033356666565 0.6867186427116394 -0.012563445605337623
img_293 0.39731088280677795 0.6869352459907532 -0.011224364861845972
img_294 0.38974982500076294 0.6870201230049133 -0.01175973750650883
img_295 0.3822976350784302 0.6875362992286682 -0.010688685812056066
img_296 0.3822976350784302 0.6875362992286682 -0.010688685812056066
img_297 0.37487512826919556 0.6874932050704956 -0.009885480627417566
img_298 0.36727461218833923 0.6875070929527283 -0.009349873289465906
img_299 0.3597846031188965 0.687699556350708 -0.008814463391900063
img_300 0.3523636758327484 0.68788743019104 -0.008011184632778168
img_301 0.3523636758327484 0.68788743019104 -0.008011184632778168
img_302 0.3447995185852051 0.687825620174408 -0.008546686731278896
img_303 0.3375221788883209 0.6882551312446594 -0.008011180907487871
img_304 0.3297836184501648 0.6883783340454102 -0.00801118277013302
img_305 0.32246482372283936 0.6881308555603027 -0.007207873277366162
img_306 0.3151504695415497 0.6883672475814819 -0.008011107333004476
img_307 0.3151504695415497 0.6883672475814819 -0.008011107333004476
img_308 0.3075835406780243 0.6884278655052185 -0.007743223570287228
img_309 0.3002348840236664 0.6882400512695312 -0.005870089400559665
img_310 0.29298916459083557 0.6883438229560852 -0.006405654363334179
img_311 0.2854614555835724 0.6884532570838928 -0.0056023839861154565
img_312 0.2854614555835724 0.6884532570838928 -0.0056023839861154565
img_313 0.27809077501296997 0.6882491111755371 -0.005333976820111276
img_314 0.2709352374076843 0.6883483529090881 -0.005601032171398401
img_315 0.2635124623775482 0.6883899569511414 -0.005601032171398401
img_316 0.2561614513397217 0.6883087158203125 -0.0037270104512572297
img_317 0.2561614513397217 0.6883087158203125 -0.0037270104512572297
img_318 0.24884390830993652 0.6880298852920532 -0.0045303115621209145
img_319 0.24167071282863617 0.6882460117340088 -0.004798043053597213
img_320 0.23435381054878235 0.6882199048995972 -0.004798042122274638
img_321 0.22696711122989655 0.6880717277526855 -0.005065762903541326
img_322 0.22696711122989655 0.6880717277526855 -0.005065762903541326
img_323 0.21986103057861328 0.6880465149879456 -0.005065764766186477
img_324 0.21236835420131683 0.6878396272659302 -0.005333473440259695
img_325 0.2050473988056183 0.6876949071884155 -0.006940871011465786
img_326 0.19791318476200104 0.6877444386482239 -0.0058706067502498635
img_327 0.19791318476200104 0.6877444386482239 -0.0058706067502498635
img_328 0.1907014548778534 0.6875419020652771 -0.005067309364676476
img_329 0.17617352306842804 0.687198281288147 -0.006673693656921388
img_330 0.16860860586166382 0.6870039105415344 -0.007209199015051127
img_331 0.16860860586166382 0.6870039105415344 -0.007209199015051127
img_332 0.16121971607208252 0.6867510676383972 -0.008280228823423386
img_333 0.1540796011686325 0.6865653395652771 -0.009618800133466722
img_334 0.14665700495243073 0.686636745929718 -0.009618801064789295
img_335 0.13951459527015686 0.6863381266593933 -0.009351054206490517
img_336 0.13951459527015686 0.6863381266593933 -0.009351054206490517
img_337 0.1322677731513977 0.68622225522995 -0.010689824819564821
img_338 0.12459741532802582 0.6861206293106079 -0.012028467841446401
img_339 0.11745566129684448 0.6859616637229919 -0.012563972733914852
img_340 0.11027922481298447 0.6858681440353394 -0.013634981587529184
img_341 0.10267210006713867 0.6857880353927612 -0.013902965933084491
img_342 0.10267210006713867 0.6857880353927612 -0.013902965933084491
img_343 0.09539376199245453 0.6855222582817078 -0.014972977340221405
img_344 0.08799675107002258 0.6854491233825684 -0.015241034328937534
img_345 0.08079347014427185 0.6854366064071655 -0.016043424606323246
img_346 0.07322492450475693 0.6851906776428223 -0.015775665640830997
img_347 0.07322492450475693 0.6851906776428223 -0.015775665640830997
img_348 0.06591008603572845 0.6852448582649231 -0.01738189905881882
img_349 0.058733049780130386 0.6851859092712402 -0.017649661749601368
img_350 0.05127175152301788 0.6850115060806274 -0.01738192513585091
img_351 0.043917104601860046 0.6848944425582886 -0.017917437478899956
img_352 0.043917104601860046 0.6848944425582886 -0.017917437478899956
img_353 0.0368136502802372 0.6849604845046997 -0.017917437478899956
img_354 0.029423341155052185 0.6849092245101929 -0.01657841354608536
img_355 0.022071614861488342 0.6849086880683899 -0.01791704632341862
img_356 0.014923814684152603 0.6849141716957092 -0.018453106284141544
img_357 0.007261186372488737 0.6848721504211426 -0.016581028699874878
img_358 0.0010057445615530014 0.6851596832275391 -0.01256244443356991
img_359 0.0012508518993854523 0.6849731206893921 -0.010421772487461567
img_360 0.0012508518993854523 0.6849731206893921 -0.010421772487461567
img_361 0.0012508518993854523 0.6849731206893921 -0.010421772487461567
img_362 0.001489799004048109 0.6775631904602051 -0.012831528671085836
img_363 0.001489799004048109 0.6775631904602051 -0.012831528671085836
img_364 0.0014332110295072198 0.6703976392745972 -0.012295773252844814
img_365 0.0014332110295072198 0.6703976392745972 -0.012295773252844814
img_366 0.0012347089359536767 0.6628736853599548 -0.013098623603582384
img_367 0.0012347089359536767 0.6628736853599548 -0.013098623603582384
img_368 0.001138480962254107 0.6555277705192566 -0.013098623603582384
img_369 0.0010832188418135047 0.6486110687255859 -0.012563168071210386
img_370 0.0010270432103425264 0.6413267850875854 -0.012027685530483723
img_371 0.0008694833377376199 0.6341047883033752 -0.01149219460785389
img_372 0.0008694833377376199 0.6341047883033752 -0.01149219460785389
img_373 0.00043715263018384576 0.6272510290145874 -0.011224361136555673
img_374 0.000465520191937685 0.6203358173370361 -0.010421449318528177
img_375 0.000211532402317971 0.6129283308982849 -0.009885762818157673
img_376 0.00017848931020125747 0.6060107350349426 -0.007743710186332465
img_377 0.00017848931020125747 0.6060107350349426 -0.007743710186332465
img_378 -0.00023079870152287185 0.5987914204597473 -0.007476008031517269
img_379 -0.00017740846669767052 0.5917518138885498 -0.005869694985449313
img_380 -0.0005032747867517173 0.5844075083732605 -0.005334182642400266
img_381 -0.0004698161210399121 0.5774286985397339 -0.004263196140527725
img_382 -0.0004698161210399121 0.5774286985397339 -0.004263196140527725
img_383 -0.0010661602718755603 0.570206880569458 -0.0031920776236802344
img_384 -0.000982995959930122 0.5630443692207336 -0.0031920785550028086
img_385 -0.0011821924708783627 0.5560048222541809 -0.002656554337590933
img_386 -0.0009903263999149203 0.5484145283699036 -0.0018534082919359211
img_387 -0.0009903263999149203 0.5484145283699036 -0.0018534082919359211
img_388 -0.0014278506860136986 0.5411915183067322 -0.0010501245269551875
img_389 -0.0012942049652338028 0.5338460803031921 -0.0021210340782999992
img_390 -0.001415179343894124 0.5268056988716125 -0.0013176960637792947
img_391 -0.001142796128988266 0.5189706683158875 -0.0010499814525246622
img_392 -0.0010795631678774953 0.5118691325187683 -0.001585516845807433
img_393 -0.0010795631678774953 0.5118691325187683 -0.001585516845807433
img_394 -0.0010569365695118904 0.5038500428199768 -0.0026564872823655605
img_395 -0.001041594659909606 0.49631965160369873 -0.0029242667369544515
img_396 -0.0009224701207131147 0.4885859787464142 -0.0031927146483212714
img_397 -0.0009224701207131147 0.4885859787464142 -0.0031927146483212714
img_398 -0.000875355617608875 0.4812580347061157 -0.004528157878667117
img_399 -0.0006626383983530104 0.473606139421463 -0.005599002353847028
img_400 -0.0005980279529467225 0.4661920666694641 -0.0072069084271788614
img_401 -0.00040507735684514046 0.45866790413856506 -0.008276920765638353
img_402 -0.00046992767602205276 0.4508330821990967 -0.009883307851850986
img_403 -0.00046992767602205276 0.4508330821990967 -0.009883307851850986
img_404 -0.00019153274479322135 0.44323909282684326 -0.010954323224723337
img_405 -0.0004534036561381072 0.4354669749736786 -0.012025334872305395
img_406 -8.60805157572031e-05 0.42781180143356323 -0.01309608668088913
img_407 -0.00014935483341105282 0.42028138041496277 -0.013363874517381193
img_408 -0.00014935483341105282 0.42028138041496277 -0.013363874517381193
img_409 6.811236380599439e-05 0.41274717450141907 -0.015773968771100048
img_410 -4.969159635948017e-05 0.40527960658073425 -0.016577238216996196
img_411 7.083013042574748e-05 0.3976246416568756 -0.017648227512836456
img_412 -0.0003028716309927404 0.390468955039978 -0.01738051883876324
img_413 -0.00014997285325080156 0.3829970359802246 -0.018719233572483066
img_414 -0.00014997285325080156 0.3829970359802246 -0.018719233572483066
img_415 -0.000319403043249622 0.37583547830581665 -0.018451442942023277
img_416 -0.0005620390293188393 0.36843281984329224 -0.019254561513662345
img_417 -0.00044786863145418465 0.3615120053291321 -0.018719071522355083
img_418 -0.00044786863145418465 0.3615120053291321 -0.018719071522355083
img_419 -0.0006948164664208889 0.35398581624031067 -0.017915826290845874
img_420 -0.0007812443654984236 0.34718865156173706 -0.018987243995070457
img_421 -0.0013103890232741833 0.339792937040329 -0.01764898002147675
img_422 -0.001082325354218483 0.33268648386001587 -0.01711345836520195
img_423 -0.001082325354218483 0.33268648386001587 -0.01711345836520195
img_424 -0.0016964297974482179 0.32571789622306824 -0.015774818137288094
img_425 -0.0015983365010470152 0.31849145889282227 -0.015774818137288094
img_426 -0.001991105265915394 0.3115185797214508 -0.014436148107051851
img_427 -0.0020939221139997244 0.30439695715904236 -0.013630487024784086
img_428 -0.0023657509591430426 0.2973814606666565 -0.013096608221530916
img_429 -0.0023657509591430426 0.2973814606666565 -0.013096608221530916
img_430 -0.002601721789687872 0.2901601493358612 -0.012025564908981323
img_431 -0.0027938620187342167 0.28300005197525024 -0.012025566771626474
img_432 -0.003056730143725872 0.2758394181728363 -0.010686628520488739
img_433 -0.0031326108146458864 0.2687392234802246 -0.010686628520488739
img_434 -0.0031326108146458864 0.2687392234802246 -0.010686628520488739
img_435 -0.003176431404426694 0.26133134961128235 -0.009347731247544292
img_436 -0.0033146205823868513 0.2541097104549408 -0.009615453891456127
img_437 -0.0034907041117548943 0.24682578444480896 -0.008812143467366695
img_438 -0.0035217145923525095 0.23929616808891296 -0.009883150458335878
img_439 -0.0035217145923525095 0.23929616808891296 -0.009883150458335878
img_440 -0.0034888770896941423 0.23188404738903046 -0.009883150458335878
img_441 -0.003561421064659953 0.2245442271232605 -0.009883152320981027
img_442 -0.003459085011854768 0.21700997650623322 -0.011222496628761293
img_443 -0.0036481551360338926 0.2096075564622879 -0.01122249849140644
img_444 -0.0036481551360338926 0.2096075564622879 -0.01122249849140644
img_445 -0.0034173233434557915 0.20182964205741882 -0.012829085811972618
img_446 -0.0035885085817426443 0.1939963400363922 -0.012293641455471517
img_447 -0.003361400682479143 0.18658247590065002 -0.014704494737088684
img_448 -0.0035382146015763283 0.17936404049396515 -0.014972125180065634
img_449 -0.0035382146015763283 0.17936404049396515 -0.014972125180065634
img_450 -0.0032640446443110704 0.17170698940753937 -0.017114153131842613
img_451 -0.0032224985770881176 0.1638084501028061 -0.017649643123149875
img_452 -0.0032879586797207594 0.1560944765806198 -0.01979184709489346
img_453 -0.0030800059903413057 0.14874400198459625 -0.02086270600557328
img_454 -0.0030800059903413057 0.14874400198459625 -0.02086270600557328
img_455 -0.003031449858099222 0.1409047544002533 -0.022469392046332363
img_456 -0.0028853826224803925 0.1332484632730484 -0.0248788595199585
img_457 -0.0032216724939644337 0.12541785836219788 -0.025414425879716873
img_458 -0.0029106135480105877 0.1181846559047699 -0.02675308473408223
img_459 -0.0029106135480105877 0.1181846559047699 -0.02675308473408223
img_460 -0.003359368070960045 0.11066398024559021 -0.027288619428873066
img_461 -0.0032368379179388285 0.1034964993596077 -0.028894944116473198
img_462 -0.0035303684417158365 0.09578774869441986 -0.02916272357106209
img_463 -0.003666771575808525 0.08868756890296936 -0.029698232188820842
img_464 -0.0037473777774721384 0.08120430260896683 -0.029966488480567936
img_465 -0.0037473777774721384 0.08120430260896683 -0.029966488480567936
img_466 -0.003889198647812009 0.07411868870258331 -0.03050090558826924
img_467 -0.0039347331039607525 0.06683021038770676 -0.031036539003252994
img_468 -0.004329778254032135 0.059800006449222565 -0.030501097440719608
img_469 -0.0045128799974918365 0.05263981968164444 -0.03076885454356671
img_470 -0.0045128799974918365 0.05263981968164444 -0.03076885454356671
img_471 -0.004842905327677727 0.0453631654381752 -0.029965752735733993
img_472 -0.005055699031800032 0.03826408088207245 -0.029965754598379142
img_473 -0.0054505267180502415 0.03098919615149498 -0.028627233579754826
img_474 -0.005643267184495926 0.024258308112621307 -0.028627235442399982
img_475 -0.005643267184495926 0.024258308112621307 -0.028627235442399982
img_476 -0.005920664872974157 0.017040356993675232 -0.028091778978705413
img_477 -0.0061473846435546875 0.010233085602521896 -0.027018260210752494
img_478 -0.006492971908301115 0.0026664002798497677 -0.02675112895667553
img_479 -0.006844386458396912 0.00010381219908595085 -0.025412376970052723
img_480 -0.006844386458396912 0.00010381219908595085 -0.025412376970052723
img_481 -0.006844386458396912 0.00010381219908595085 -0.025412376970052723
img_482 -0.006844386458396912 0.00010381219908595085 -0.025412376970052723
img_483 -0.006844386458396912 0.00010381219908595085 -0.025412376970052723
img_484 -0.0015783943235874176 3.119779285043478e-05 -0.02273486182093621
img_485 0.00517799099907279 0.00018375391664449126 -0.02327041141688824
img_486 0.012354847975075245 0.00020040995150338858 -0.02300266362726689
img_487 0.012354847975075245 0.00020040995150338858 -0.02300266362726689
img_488 0.01977972686290741 0.00027448864420875907 -0.021396338939666755
img_489 0.0270669087767601 0.0004859415930695832 -0.021931860595941547
img_490 0.0270669087767601 0.0004859415930695832 -0.021931860595941547
img_491 0.041642505675554276 0.0005280202021822333 -0.02059040777385235
img_492 0.041642505675554276 0.0005280202021822333 -0.02059040777385235
img_493 0.048882391303777695 0.0006846405449323356 -0.02085777930915356
img_494 0.05637868866324425 0.0007731811492703855 -0.021393286064267162
img_495 0.06369471549987793 0.000677876581903547 -0.020589992403984073
img_496 0.06369471549987793 0.000677876581903547 -0.020589992403984073
img_497 0.07108606398105621 0.000831807847134769 -0.021125484257936478
img_498 0.07857967913150787 0.0007959360955283046 -0.020857736468315125
img_499 0.08589276671409607 0.0005821503582410514 -0.019251244142651558
img_500 0.09332157671451569 0.000806535710580647 -0.020054610446095467
img_501 0.09332157671451569 0.000806535710580647 -0.020054610446095467
img_502 0.10092329978942871 0.0009601406054571271 -0.019786918535828594
img_503 0.10830226540565491 0.0005079840775579214 -0.019519174471497536
img_504 0.11545518040657043 0.0006136069423519075 -0.01978730596601963
img_505 0.12307921797037125 0.0005850068992003798 -0.01978730596601963
img_506 0.13046231865882874 0.00025517481844872236 -0.0195195022970438
img_507 0.13046231865882874 0.00025517481844872236 -0.0195195022970438
img_508 0.1379574090242386 0.0003537333686836064 -0.020054930821061138
img_509 0.14555619657039642 0.0002625506604090333 -0.02059045806527138
img_510 0.15254934132099152 -3.906519850715995e-06 -0.02059045806527138
img_511 0.16000688076019287 -9.625040547689423e-05 -0.020858224481344226
img_512 0.16771242022514343 -0.00013454127474687994 -0.02139371447265149
img_513 0.16771242022514343 -0.00013454127474687994 -0.02139371447265149
img_514 0.17495699226856232 -0.00022832686954643577 -0.021661449223756794
img_515 0.1826542317867279 -0.0006399942794814706 -0.02219692058861256
img_516 0.19001348316669464 -0.0004359097802080214 -0.02326814830303192
img_517 0.19001348316669464 -0.0004359097802080214 -0.02326814830303192
img_518 0.19714657962322235 -0.0007243548752740026 -0.02353584580123425
img_519 0.2049177885055542 -0.001029769191518426 -0.02460695430636406
img_520 0.2123068869113922 -0.0010279230773448944 -0.025945728644728657
img_521 0.2194853276014328 -0.0011529389303177595 -0.026481574401259422
img_522 0.2194853276014328 -0.0011529389303177595 -0.026481574401259422
img_523 0.2270708531141281 -0.001537436619400978 -0.026214025914669033
img_524 0.23447901010513306 -0.001424832851625979 -0.0283606555312872
img_525 0.2416742444038391 -0.0015067285858094692 -0.029162200167775158
img_526 0.2491571307182312 -0.0019699912518262863 -0.02969773672521115
img_527 0.2491571307182312 -0.0019699912518262863 -0.02969773672521115
img_528 0.2564378082752228 -0.002063796389847994 -0.031036410480737697
img_529 0.2639038562774658 -0.0021116931457072496 -0.03130439296364785
img_530 0.27117854356765747 -0.002217110712081194 -0.031839430332183845
img_531 0.2788788676261902 -0.002462367992848158 -0.03398127853870392
img_532 0.2788788676261902 -0.002462367992848158 -0.03398127853870392
img_533 0.2859474718570709 -0.002580160042271018 -0.032910287380218506
img_534 0.29358580708503723 -0.0025866241194307804 -0.03371356800198556
img_535 0.30111509561538696 -0.0026568244211375713 -0.035319920629262924
img_536 0.30873093008995056 -0.0028645149432122707 -0.035051479935646064
img_537 0.30873093008995056 -0.0028645149432122707 -0.035051479935646064
img_538 0.3157484829425812 -0.0029272963292896748 -0.034517340362071984
img_539 0.3232828676700592 -0.0028811953961849213 -0.03612389415502549
img_540 0.330849289894104 -0.0029096489306539297 -0.036391612142324455
img_541 0.33802592754364014 -0.0029871624428778887 -0.03532060235738755
img_542 0.3458435833454132 -0.00295709609054029 -0.03585616499185562
img_543 0.3458435833454132 -0.00295709609054029 -0.03585616499185562
img_544 0.35323402285575867 -0.0030383893754333258 -0.0355883464217186
img_545 0.36031773686408997 -0.002678236924111843 -0.03532067686319352
img_546 0.3679131269454956 -0.002885375404730439 -0.035052951425313957
img_547 0.3679131269454956 -0.002885375404730439 -0.035052951425313957
img_548 0.3753722012042999 -0.002963188337162137 -0.035320695489645004
img_549 0.38287821412086487 -0.0027383395936340094 -0.03505292162299156
img_550 0.3904123604297638 -0.002696275245398283 -0.03505291789770126
img_551 0.3975895345211029 -0.0027641861233860254 -0.03478514775633811
img_552 0.4049898087978363 -0.002470516599714756 -0.03371430933475494
img_553 0.4049898087978363 -0.002470516599714756 -0.03371430933475494
img_554 0.4193849265575409 -0.0024029333144426346 -0.03344649821519852
img_555 0.4193849265575409 -0.0024029333144426346 -0.03344649821519852
img_556 0.42696741223335266 -0.002288599731400609 -0.03291021659970284
img_557 0.4343574643135071 -0.0019814560655504465 -0.03264285624027253
img_558 0.4343574643135071 -0.0019814560655504465 -0.03264285624027253
img_559 0.44132348895072937 -0.0020251518581062555 -0.03157167509198189
img_560 0.4488934874534607 -0.001896810019388795 -0.03183937817811966
img_561 0.45618751645088196 -0.0015752576291561127 -0.031301304697990424
img_562 0.4634369909763336 -0.001558452844619751 -0.030235489830374718
img_563 0.4634369909763336 -0.001558452844619751 -0.030235489830374718
img_564 0.4706924259662628 -0.0013491567224264145 -0.030503254383802417
img_565 0.47783899307250977 -0.0011997829424217343 -0.02996779978275299
img_566 0.48519882559776306 -0.0010529080173000693 -0.028628906235098835
img_567 0.4923821687698364 -0.0008299658074975014 -0.02916435711085796
img_568 0.4923821687698364 -0.0008299658074975014 -0.02916435711085796
img_569 0.4996672570705414 -0.0007975106709636748 -0.02969988249242306
img_570 0.5066760182380676 -0.0005158319836482406 -0.02809352427721024
img_571 0.5139650702476501 -0.00035317341098561883 -0.027825739234685905
img_572 0.5212526917457581 -0.0001885939564090222 -0.029164411127567295
img_573 0.5212526917457581 -0.0001885939564090222 -0.029164411127567295
img_574 0.5285041332244873 -9.391666390001774e-05 -0.027022320777177814
img_575 0.5358248949050903 1.4367018593475223e-05 -0.027022320777177814
img_576 0.5430729985237122 2.1854712031199597e-06 -0.027290083467960365
img_577 0.5504985451698303 4.443249054020271e-05 -0.02568366937339306
img_578 0.5504985451698303 4.443249054020271e-05 -0.02568366937339306
img_579 0.5576117038726807 0.0002903865824919194 -0.02568366937339306
img_580 0.5651080012321472 0.0003427478368394077 -0.025415927171707157
img_581 0.5726016163825989 0.00027472394867800176 -0.024344893172383312
img_582 0.5797163248062134 0.0006525474600493908 -0.024344893172383312
img_583 0.5797163248062134 0.0006525474600493908 -0.024344893172383312
img_584 0.5872858166694641 0.0007132450700737536 -0.023809224367141727
img_585 0.5945227146148682 0.00035725769703276455 -0.02407689951360226
img_586 0.6016997694969177 0.00036812570760957897 -0.023005886003375057
img_587 0.6094134449958801 0.0006804714212194085 -0.022738145664334304
img_588 0.6167941689491272 0.00032891944283619523 -0.022470390424132344
img_589 0.6167941689491272 0.00032891944283619523 -0.022470390424132344
img_590 0.624117374420166 0.0005929216276854277 -0.023273576050996784
img_591 0.6317407488822937 0.0005997050902806222 -0.02219941467046738
img_592 0.639068603515625 0.0004370040260255337 -0.022466374561190612
img_593 0.6463874578475952 0.00045625632628798485 -0.02246637269854546
img_594 0.6463874578475952 0.00045625632628798485 -0.02246637269854546
img_595 0.6538800597190857 0.00041034247260540724 -0.022198656573891643
img_596 0.6609788537025452 6.90226152073592e-05 -0.022198658436536792
img_597 0.6687212586402893 8.081870328169316e-05 -0.023001918569207195
img_598 0.6762180924415588 0.00015329007874242961 -0.02273415215313435
img_599 0.6762180924415588 0.00015329007874242961 -0.02273415215313435
img_600 0.6828230023384094 -5.811441224068403e-05 -0.02701742202043534
img_601 0.6826512813568115 0.00013025759835727513 -0.027285197749733925
img_602 0.6826512813568115 0.00013025759835727513 -0.027285197749733925
img_603 0.6826512813568115 0.00013025759835727513 -0.027285197749733925
img_604 0.6826512813568115 0.00013025759835727513 -0.027285197749733925
img_605 0.6825569868087769 0.0005614800611510873 -0.027285197749733925
img_606 0.6827709674835205 0.008401946164667606 -0.02728519402444363
img_607 0.6827694177627563 0.016109615564346313 -0.024878079071640975
img_608 0.6829153299331665 0.023395882919430733 -0.024610217660665512
img_609 0.6830561757087708 0.030554676428437233 -0.023539535701274875
img_610 0.6831926703453064 0.03785616531968117 -0.023271124809980396
img_611 0.6833660006523132 0.045304153114557266 -0.023271124809980396
img_612 0.6833956241607666 0.05265113338828087 -0.022200157865881923
img_613 0.6833956241607666 0.05265113338828087 -0.022200157865881923
img_614 0.683739423751831 0.06017443910241127 -0.023538826033473025
img_615 0.683771014213562 0.06752200424671173 -0.022467773407697685
img_616 0.6841764450073242 0.07455383241176605 -0.02434184402227402
img_617 0.6841371059417725 0.08168553560972214 -0.023535469546914104
img_618 0.6841371059417725 0.08168553560972214 -0.023535469546914104
img_619 0.684548556804657 0.08869076520204544 -0.025402570143342025
img_620 0.6848702430725098 0.09578639268875122 -0.024867031723260883
img_621 0.6850160360336304 0.10306902229785919 -0.027008827775716785
img_622 0.6853123307228088 0.11010792851448059 -0.02700882963836193
img_623 0.6855409741401672 0.11726230382919312 -0.02807918563485146
img_624 0.6855409741401672 0.11726230382919312 -0.02807918563485146
img_625 0.6860231161117554 0.12435469031333923 -0.028614841401577
img_626 0.6861290335655212 0.13175906240940094 -0.029417792335152626
img_627 0.6867291331291199 0.13891646265983582 -0.030758352950215333
img_628 0.6867318153381348 0.14591003954410553 -0.030758349224925048
img_629 0.6867318153381348 0.14591003954410553 -0.030758349224925048
img_630 0.6872019171714783 0.15316462516784668 -0.031025394797325138
img_631 0.6874220967292786 0.16025948524475098 -0.03022245317697525
img_632 0.6875064969062805 0.16772976517677307 -0.030758028849959373
img_633 0.6877210736274719 0.17470358312129974 -0.0299549475312233
img_634 0.6877210736274719 0.17470358312129974 -0.0299549475312233
img_635 0.6878071427345276 0.1822953075170517 -0.029687188565731052
img_636 0.6878503561019897 0.18970483541488647 -0.028348360210657123
img_637 0.6879612803459167 0.19735749065876007 -0.027545027434825904
img_638 0.6880895495414734 0.20457877218723297 -0.026206536218523983
img_639 0.6880895495414734 0.20457877218723297 -0.026206536218523983
img_640 0.6878917813301086 0.21187171339988708 -0.024867678061127666
img_641 0.6879791021347046 0.21964558959007263 -0.023261334747076038
img_642 0.6881839632987976 0.22692979872226715 -0.02192215994000435
img_643 0.6880077719688416 0.23501430451869965 -0.020048325881361965
img_644 0.6880077719688416 0.23501430451869965 -0.020048325881361965
img_645 0.6878041625022888 0.24248799681663513 -0.01897736079990864
img_646 0.68780916929245 0.25020232796669006 -0.01710315048694611
img_647 0.6876541972160339 0.2576740086078644 -0.01496126502752304
img_648 0.6875938177108765 0.26545000076293945 -0.013622550293803215
img_649 0.6875938177108765 0.26545000076293945 -0.013622550293803215
img_650 0.6874818205833435 0.2727987766265869 -0.012015901505947115
img_651 0.6875023245811462 0.280389666557312 -0.011480409651994707
img_652 0.6874134540557861 0.2880435287952423 -0.009338311851024626
img_653 0.6873047947883606 0.2953287959098816 -0.008802864700555803
img_654 0.6872650384902954 0.302859365940094 -0.007196283433586361
img_655 0.6872650384902954 0.302859365940094 -0.007196283433586361
img_656 0.6871792078018188 0.31057265400886536 -0.007731733378022911
img_657 0.6873067021369934 0.3179177939891815 -0.0058574783615767964
img_658 0.6872440576553345 0.3253253698348999 -0.006660722196102143
img_659 0.687256395816803 0.33248889446258545 -0.005589542910456657
img_660 0.687256395816803 0.33248889446258545 -0.005589542910456657
img_661 0.6873324513435364 0.3397730588912964 -0.006660507060587407
img_662 0.6874529123306274 0.34724104404449463 -0.006392744835466147
img_663 0.6875697374343872 0.35446301102638245 -0.007731325924396516
img_664 0.6876962780952454 0.36168527603149414 -0.007463590241968633
img_665 0.6877492666244507 0.3687865138053894 -0.009070176631212234
img_666 0.6877492666244507 0.3687865138053894 -0.009070176631212234
img_667 0.6879561543464661 0.37600794434547424 -0.00933790858834982
img_668 0.6881997585296631 0.3831687569618225 -0.010676755569875242
img_669 0.6884168982505798 0.3902675211429596 -0.011747700162231924
img_670 0.6887123584747314 0.39736515283584595 -0.013354105874896051
img_671 0.6887123584747314 0.39736515283584595 -0.013354105874896051
img_672 0.68895024061203 0.4045875668525696 -0.013621911406517029
img_673 0.689153790473938 0.41174736618995667 -0.01522832736372948
img_674 0.6893651485443115 0.41866159439086914 -0.016031488776206974
img_675 0.6893651485443115 0.41866159439086914 -0.016031488776206974
img_676 0.6897478103637695 0.43310484290122986 -0.01710249483585358
img_677 0.6897478103637695 0.43310484290122986 -0.01710249483585358
img_678 0.6900791525840759 0.44007793068885803 -0.018708791583776477
img_679 0.6902895569801331 0.44754448533058167 -0.018441010266542438
img_680 0.6902895569801331 0.44754448533058167 -0.018441010266542438
img_681 0.6904569864273071 0.45470482110977173 -0.01951200515031815
img_682 0.6906368732452393 0.4621104896068573 -0.018976459279656414
img_683 0.6907009482383728 0.46921032667160034 -0.018441054970026016
img_684 0.6907702684402466 0.4768015444278717 -0.018708819523453712
img_685 0.690697968006134 0.48427268862724304 -0.017102286219596863
img_686 0.690697968006134 0.48427268862724304 -0.017102286219596863
img_687 0.6907893419265747 0.4916830360889435 -0.01683440059423447
img_688 0.6908121109008789 0.49933236837387085 -0.015228601172566416
img_689 0.6907156705856323 0.5069265365600586 -0.014425238594412807
img_690 0.6905390024185181 0.5142735242843628 -0.01228388957679272
img_691 0.6905390024185181 0.5142735242843628 -0.01228388957679272
img_692 0.6905991435050964 0.5220483541488647 -0.012016118504107
img_693 0.6904062032699585 0.5295186638832092 -0.009071216918528082
img_694 0.6901933550834656 0.5372366905212402 -0.008535536006093027
img_695 0.6901146769523621 0.5445825457572937 -0.00666154269129038
img_696 0.6901146769523621 0.5445825457572937 -0.00666154269129038
img_697 0.6897760629653931 0.5521150231361389 -0.005322699900716544
img_698 0.6899610757827759 0.5603163838386536 -0.003984055016189814
img_699 0.6896725296974182 0.56772381067276 -0.0023777424357831482
img_700 0.6897257566452026 0.5752526521682739 -0.0018422820139676332
img_701 0.6897257566452026 0.5752526521682739 -0.0018422820139676332
img_702 0.6894565224647522 0.5825995802879333 -0.0005034373607486488
img_703 0.6893896460533142 0.5901895761489868 3.200594801455736e-05
img_704 0.6892833709716797 0.5975980162620544 0.000835401355288923
img_705 0.6893479228019714 0.6049431562423706 0.0011031220201402903
img_706 0.6893479228019714 0.6049431562423706 0.0011031220201402903
img_707 0.6891630291938782 0.6123508810997009 0.0016386810457333922
img_708 0.6892569065093994 0.6197570562362671 0.0016386829083785417
img_709 0.6893153786659241 0.6272283792495728 0.001102977665141225
img_710 0.6892366409301758 0.6345719695091248 0.001638318179175258
img_711 0.6892366409301758 0.6345719695091248 0.001638318179175258
img_712 0.6892952919006348 0.6419179439544678 -0.0005036666989326478
img_713 0.6893340945243835 0.6488347053527832 3.178761107847095e-05
img_714 0.6895105838775635 0.656119704246521 -0.0013070201966911554
img_715 0.6896257996559143 0.6631590723991394 -0.0013070183340460062
img_716 0.689670205116272 0.6700769066810608 -0.00398471299558878
img_717 0.689670205116272 0.6700769066810608 -0.00398471299558878
img_718 0.690017819404602 0.677482545375824 -0.0047879451885819435
img_719 0.6902288198471069 0.6846444010734558 -0.0061267996206879624
img_720 0.6902073621749878 0.6869091987609863 -0.005859090946614744
img_721 0.6902080774307251 0.687031626701355 -0.005859090946614744
img_722 0.6902080774307251 0.687031626701355 -0.005859090946614744
img_723 0.6902080774307251 0.687031626701355 -0.005859090946614744
img_724 0.6902080774307251 0.687031626701355 -0.005859090946614744
img_725 0.6855128407478333 0.6869980096817017 -0.004789380356669427
img_726 0.6786551475524902 0.6867859959602356 -0.006663641892373563
img_727 0.6786551475524902 0.6867859959602356 -0.006663641892373563
img_728 0.6713025569915771 0.6865901350975037 -0.007199129089713097
img_729 0.6640201807022095 0.6865200996398926 -0.006663553882390261
img_730 0.6568000912666321 0.6863230466842651 -0.008271977305412292
img_731 0.6494559049606323 0.6861392259597778 -0.008806828409433368
img_732 0.6494559049606323 0.6861392259597778 -0.008806828409433368
img_733 0.6418567895889282 0.6860225200653076 -0.008271395228803158
img_734 0.6345043182373047 0.6859608888626099 -0.01041349396109581
img_735 0.6272911429405212 0.6856687068939209 -0.010413496755063536
img_736 0.6200109124183655 0.6857445240020752 -0.010681245476007458
img_737 0.6200109124183655 0.6857445240020752 -0.010681245476007458
img_738 0.6124449372291565 0.6855804324150085 -0.012823361903429033
img_739 0.6051570773124695 0.6854288578033447 -0.012287522666156294
img_740 0.5978800654411316 0.6853958964347839 -0.012555103749036789
img_741 0.5902451276779175 0.6853693127632141 -0.0133583452552557
img_742 0.5902451276779175 0.6853693127632141 -0.0133583452552557
img_743 0.5829261541366577 0.6851609945297241 -0.013358346186578276
img_744 0.5755369663238525 0.6850759983062744 -0.013626123778522015
img_745 0.5685070753097534 0.6853554248809814 -0.014161608181893827
img_746 0.5610459446907043 0.6851549744606018 -0.013893854804337028
img_747 0.5533047914505005 0.6850789189338684 -0.013893856666982174
img_748 0.5533047914505005 0.6850789189338684 -0.013893856666982174
img_749 0.5462033152580261 0.6853612661361694 -0.013893856666982174
img_750 0.5388520359992981 0.6853410005569458 -0.013626145198941233
img_751 0.5314995050430298 0.6853187680244446 -0.013358389027416708
img_752 0.5241848826408386 0.6854777336120605 -0.012555127032101156
img_753 0.5241848826408386 0.6854777336120605 -0.012555127032101156
img_754 0.5168318152427673 0.685447633266449 -0.01228734850883484
img_755 0.4945313036441803 0.6858795881271362 -0.010413161478936672
img_756 0.4945313036441803 0.6858795881271362 -0.010413161478936672
img_757 0.48725268244743347 0.6858329772949219 -0.009074947796761991
img_758 0.47993919253349304 0.6860830187797546 -0.008271759375929832
img_759 0.47248247265815735 0.6862059235572815 -0.008004005998373032
img_760 0.4650956988334656 0.6862038373947144 -0.007468516472727061
img_761 0.4577801525592804 0.6864421367645264 -0.005861770827323199
img_762 0.4577801525592804 0.6864421367645264 -0.005861770827323199
img_763 0.45018309354782104 0.68679279088974 -0.005326256155967712
img_764 0.45018309354782104 0.68679279088974 -0.005326256155967712
img_765 0.45018309354782104 0.68679279088974 -0.005326256155967712
img_766 0.44275760650634766 0.6867098808288574 -0.0037191249430179605
img_767 0.4351638853549957 0.6869216561317444 -0.0047895205207169065
img_768 0.4280247390270233 0.6870782971382141 -0.003718440420925619
img_769 0.4280247390270233 0.6870782971382141 -0.003718440420925619
img_770 0.42063912749290466 0.6871669888496399 -0.002379836980253458
img_771 0.41318079829216003 0.6872459650039673 -0.0029154177755117416
img_772 0.4056145250797272 0.6876355409622192 -0.0010401814943179488
img_773 0.39819562435150146 0.6876432299613953 -0.0010401824256405232
img_774 0.39819562435150146 0.6876432299613953 -0.0010401824256405232
img_775 0.3905274271965027 0.6878348588943481 -0.0007724699680693449
img_776 0.38292810320854187 0.6880244016647339 -0.00023692112881690266
img_777 0.37561360001564026 0.6880873441696167 0.0005661653121933342
img_778 0.37561360001564026 0.6880873441696167 0.0005661653121933342
img_779 0.36815646290779114 0.688144326210022 -0.0007725420873612165
img_780 0.360664039850235 0.6885173916816711 0.0005662043113261462
img_781 0.3530820906162262 0.6883903741836548 0.000834610895253718
img_782 0.3457481563091278 0.6883842349052429 0.00030037568649277096
img_783 0.3385387659072876 0.6886268854141235 0.001103552058339119
img_784 0.3385387659072876 0.6886268854141235 0.001103552058339119
img_785 0.3307631015777588 0.6886183023452759 0.0013713063672184944
img_786 0.32341113686561584 0.6886082291603088 0.0008357581100426615
img_787 0.315883070230484 0.6887855529785156 0.0008357562473975121
img_788 0.30846163630485535 0.6889017820358276 0.001638929359614849
img_789 0.30846163630485535 0.6889017820358276 0.001638929359614849
img_790 0.30132269859313965 0.688767671585083 0.0019066728418692946
img_791 0.29393628239631653 0.6886923909187317 0.0016389274969697003
img_792 0.2864079177379608 0.6887412667274475 0.001638926565647125
img_793 0.27923384308815 0.6884234547615051 0.0029776664450764656
img_794 0.27923384308815 0.6884234547615051 0.0029776664450764656
img_795 0.27220043540000916 0.6885861754417419 0.0016389833763241772
img_796 0.2647427022457123 0.6886351704597473 0.0019067418761551382
img_797 0.25721484422683716 0.6884371638298035 0.0019067418761551382
img_798 0.2500052750110626 0.6884233951568604 0.001103534596040845
img_799 0.24279475212097168 0.6884154677391052 0.0019068459514528513
img_800 0.24279475212097168 0.6884154677391052 0.0019068459514528513
img_801 0.23523148894309998 0.6882786154747009 0.0021746007259935145
img_802 0.22798684239387512 0.6880792379379272 0.0008358970517292619
img_803 0.2210230827331543 0.6880121827125549 0.0005680982721969487
img_804 0.21381454169750214 0.6877632737159729 0.0013712039217352865
img_805 0.21381454169750214 0.6877632737159729 0.0013712039217352865
img_806 0.20660461485385895 0.6876309514045715 -0.00023532425984740263
img_807 0.19932380318641663 0.68763267993927 0.0003001860459335149
img_808 0.1847979575395584 0.6869568824768066 -0.0013062220532447102
img_809 0.1847979575395584 0.6869568824768066 -0.0013062220532447102
img_810 0.17758800089359283 0.6870887279510498 -0.0013062257785350086
img_811 0.16988429427146912 0.6868539452552795 -0.0023770376574248075
img_812 0.16284775733947754 0.6865645051002502 -0.002109190449118614
img_813 0.1554625928401947 0.6865189075469971 -0.003179952502250672
img_814 0.1554625928401947 0.6865189075469971 -0.003179952502250672
img_815 0.14800308644771576 0.6863589286804199 -0.0037155693862587222
img_816 0.13344058394432068 0.6859273910522461 -0.005054321140050889
img_817 0.1260557919740677 0.6859034895896912 -0.006125012878328563
img_818 0.1260557919740677 0.6859034895896912 -0.006125012878328563
img_819 0.11877314746379852 0.6857032179832458 -0.006392786279320717
img_820 0.11152821779251099 0.685688316822052 -0.007731423713266851
img_821 0.10403517633676529 0.6857462525367737 -0.00799919478595257
img_822 0.0968228280544281 0.6854366660118103 -0.00799919757992029
img_823 0.0968228280544281 0.6854366660118103 -0.00799919757992029
img_824 0.08925731480121613 0.6853747367858887 -0.009338192641735077
img_825 0.08201318234205246 0.6853811740875244 -0.009070493280887604
img_826 0.07458830624818802 0.6852036118507385 -0.009070494212210178
img_827 0.06727326661348343 0.6852087378501892 -0.009873610921204092
img_828 0.06727326661348343 0.6852087378501892 -0.009873610921204092
img_829 0.05999349057674408 0.685403048992157 -0.009338064119219778
img_830 0.05246300995349884 0.6851673126220703 -0.009338064119219778
img_831 0.04507564753293991 0.6851750612258911 -0.01040912512689829
img_832 0.03776154667139053 0.6853123903274536 -0.009605972096323967
img_833 0.022951502352952957 0.6852670907974243 -0.009873650036752226
img_834 0.015847645699977875 0.6853984594345093 -0.009070302359759804
img_835 0.008356543257832527 0.6854664087295532 -0.007731786929070951
img_836 0.008356543257832527 0.6854664087295532 -0.007731786929070951
img_837 0.0014631664380431175 0.6854584813117981 -0.006125002633780242
img_838 0.0014631664380431175 0.6854584813117981 -0.006125002633780242
img_839 0.0018165423534810543 0.6854563355445862 -0.00799900107085705
img_840 0.0016751763178035617 0.6854574680328369 -0.007731253746896984
img_841 0.0017807269468903542 0.6853954195976257 -0.007731253746896984
img_842 0.0017373367445543408 0.6843550205230713 -0.007463488727808
img_843 0.0015224235830828547 0.6692361831665039 -0.007463473826646805
img_844 0.0015224235830828547 0.6692361831665039 -0.007463473826646805
img_845 0.0013941869838163257 0.6615246534347534 -0.0077311922796070584
img_846 0.0013941869838163257 0.6615246534347534 -0.0077311922796070584
img_847 0.0013941869838163257 0.6615246534347534 -0.0077311922796070584
img_848 0.0015862083528190851 0.6543606519699097 -0.008802202530205252
img_849 0.0015862083528190851 0.6543606519699097 -0.008802202530205252
img_850 0.0014128127368167043 0.6467092037200928 -0.008802206255495548
img_851 0.0013176476350054145 0.6399138569831848 -0.008534423075616361
img_852 0.0011484447168186307 0.6325095295906067 -0.00773135293275118
img_853 0.0012009900528937578 0.6255913972854614 -0.00773135107010603
img_854 0.0012009900528937578 0.6255913972854614 -0.00773135107010603
img_855 0.0010066115064546466 0.6187364459037781 -0.006660333368927241
img_856 0.000815490901004523 0.6112688183784485 -0.006392571609467268
img_857 0.0006287309224717319 0.6041690111160278 -0.005321597214788198
img_858 0.0005909436149522662 0.5970684885978699 -0.004518399015069008
img_859 0.0002766399411484599 0.5900905728340149 -0.0031795250251889233
img_860 0.0002766399411484599 0.5900905728340149 -0.0031795250251889233
img_861 0.00014743783685844392 0.5828056335449219 -0.002376208081841469
img_862 -1.049532147590071e-05 0.5758283734321594 -0.0013053588336333632
img_863 0.0001216050295624882 0.5687271952629089 3.3383024856448174e-05
img_864 0.0001216050295624882 0.5687271952629089 3.3383024856448174e-05
img_865 -0.0003022998571395874 0.561748206615448 0.0008366718539036814
img_866 -0.0004021406057290733 0.5543403625488281 0.0016399878077209
img_867 -0.0006023235619068146 0.5471175909042358 0.0024431173224002127
img_868 -0.0004782926116604358 0.5399263501167297 0.0032496480271220207
img_869 -0.000771873164921999 0.5327929854393005 0.004049541428685189
img_870 -0.000771873164921999 0.5327929854393005 0.004049541428685189
img_871 -0.0006363309221342206 0.5255079865455627 0.0048528797924518585
img_872 -0.0008121335995383561 0.5180391669273376 0.00485287792980671
img_873 -0.0005638230359181762 0.5105715394020081 0.004852876067161561
img_874 -0.0006683593383058906 0.5029800534248352 0.005120629444718362
img_875 -0.0006683593383058906 0.5029800534248352 0.005120629444718362
img_876 -0.00038214540109038353 0.4955512285232544 0.00404629297554493
img_877 -0.00035153006319887936 0.487984836101532 0.003245612606406212
img_878 -0.00022185190755408257 0.4807001054286957 0.003245612606406212
img_879 -0.0002323589287698269 0.47304919362068176 0.003513324540108443
img_880 -0.0002323589287698269 0.47304919362068176 0.003513324540108443
img_881 -0.0001349942322121933 0.46545782685279846 0.00217441376298666
img_882 2.2597218048758805e-05 0.4579906761646271 0.0003003752790391445
img_883 0.00020179155399091542 0.44984742999076843 -0.00023522897390648728
img_884 0.000376759038772434 0.44256407022476196 -0.0007706269389018417
img_885 0.000376759038772434 0.44256407022476196 -0.0007706269389018417
img_886 0.0005479599349200726 0.43476778268814087 -0.002113127382472158
img_887 0.0007085766992531717 0.42738077044487 -0.003448181552812458
img_888 0.0007175335194915533 0.41972869634628296 -0.0045191883109509945
img_889 0.000895832316018641 0.41225969791412354 -0.005322414916008712
img_890 0.000996155897155404 0.40454527735710144 -0.006393496878445149
img_891 0.000996155897155404 0.40454527735710144 -0.006393496878445149
img_892 0.0009833589429035783 0.39701640605926514 -0.007464394439011812
img_893 0.001137843239121139 0.38930147886276245 -0.009070969186723234
img_894 0.001105994451791048 0.3818942606449127 -0.00933871977031231
img_895 0.0011462803231552243 0.3748529851436615 -0.00933871977031231
img_896 0.0011462803231552243 0.3748529851436615 -0.00933871977031231
img_897 0.0009317332878708839 0.36701878905296326 -0.00987423583865166
img_898 0.0010748730273917317 0.3600383996963501 -0.009874239563941957
img_899 0.0009304537088610232 0.3525714874267578 -0.010141978040337564
img_900 0.0008930675103329122 0.34539222717285156 -0.009605207480490206
img_901 0.0008930675103329122 0.34539222717285156 -0.009605207480490206
img_902 0.0006816779496148229 0.33806654810905457 -0.009338136762380602
img_903 0.0006524156196974218 0.3311472237110138 -0.008802489377558235
img_904 0.00034421944292262197 0.3242341876029968 -0.0085348142310977
img_905 0.00038703560130670667 0.31682488322257996 -0.0077313967049121865
img_906 0.00038703560130670667 0.31682488322257996 -0.0077313967049121865
img_907 0.0001908156118588522 0.30972692370414734 -0.006660666316747667
img_908 3.545773506630212e-05 0.3023209571838379 -0.0058574480935931214
img_909 -0.0003567308303900063 0.2957111895084381 -0.004786343313753606
img_910 -0.00025052056298591197 0.2883646488189697 -0.0034475871361792083
img_911 -0.00025052056298591197 0.2883646488189697 -0.0034475871361792083
img_912 -0.0006279818480834365 0.2813877761363983 -0.0023766648955643177
img_913 -0.0006806432502344251 0.2741026282310486 -0.0021088956855237484
img_914 -0.0009423496667295694 0.2673088312149048 -0.0010379984742030504
img_915 -0.0009853835217654705 0.2599014341831207 3.304355777800084e-05
img_916 -0.0009853835217654705 0.2599014341831207 3.304355777800084e-05
img_917 -0.001055839122273028 0.25267720222473145 0.0013719336129724977
img_918 -0.001081355381757021 0.2455151528120041 0.001639669993892312
img_919 -0.0012813413050025702 0.23816992342472076 0.0024428060278296475
img_920 -0.0012985918438062072 0.2307622879743576 0.0019072706345468762
img_921 -0.0013552643358707428 0.2234167754650116 0.002442729892209172
img_922 -0.0013552643358707428 0.2234167754650116 0.002442729892209172
img_923 -0.0011252458207309246 0.21607084572315216 0.002442728029564023
img_924 -0.001283260527998209 0.20841890573501587 0.0029781954362988476
img_925 -0.0010848506353795528 0.20113474130630493 0.0016394373960793023
img_926 -0.0010019196197390556 0.19366633892059326 0.001907190773636103
img_927 -0.0010019196197390556 0.19366633892059326 0.001907190773636103
img_928 -0.0008463001577183604 0.18619807064533234 0.0008361542131751777
img_929 -0.0010166116990149021 0.1785462349653244 0.0005684104980900884
img_930 -0.0008002364775165915 0.17095544934272766 -0.00023485638666898012
img_931 -0.0007313122041523457 0.16348786652088165 -0.0015734726330265405
img_932 -0.0007313122041523457 0.16348786652088165 -0.0015734726330265405
img_933 -0.00031932699494063854 0.15564776957035065 -0.0023771154228597884
img_934 -0.0004071420698892325 0.1484280228614807 -0.0034475894644856453
img_935 -0.0002936303790193051 0.14034713804721832 -0.004518587607890368
img_936 -0.00025558623019605875 0.1331234723329544 -0.005857330281287433
img_937 -0.00025558623019605875 0.1331234723329544 -0.005857330281287433
img_938 -1.8792561604641378e-05 0.12514136731624603 -0.0063943462446331995
img_939 3.96980503865052e-05 0.1177554577589035 -0.007996135391294958
img_940 0.00018911631195805967 0.10991720855236053 -0.009602879174053669
img_941 8.147526386892423e-05 0.10238872468471527 -0.010138352401554586
img_942 8.147526386892423e-05 0.10238872468471527 -0.010138352401554586
img_943 0.0003579511831048876 0.09479416906833649 -0.011209438554942608
img_944 0.0002742368960753083 0.08732637763023376 -0.012012680992484098
img_945 0.0002956945390906185 0.08028512448072433 -0.012816006317734717
img_946 5.8659177739173174e-05 0.07282039523124695 -0.011745176278054716
img_947 5.8659177739173174e-05 0.07282039523124695 -0.011745176278054716
img_948 0.00025656208163127303 0.065593421459198 -0.013084053993225098
img_949 9.139403118751943e-05 0.058372460305690765 -0.01254862826317549
img_950 -7.301436562556773e-05 0.050905048847198486 -0.012816398404538633
img_951 -0.0001985712005989626 0.04386663809418678 -0.013351868838071827
img_952 -0.0001985712005989626 0.04386663809418678 -0.013351868838071827
img_953 -0.0001881785865407437 0.03670330345630646 -0.01254858821630478
img_954 -0.0004893410950899124 0.02960512973368168 -0.010942011140286926
img_955 -0.0005697275046259165 0.02225891686975956 -0.010942013002932075
img_956 -0.000963422586210072 0.015346512198448181 -0.00933576934039593
img_957 -0.000963422586210072 0.015346512198448181 -0.00933576934039593
img_958 -0.0010308542987331748 0.008123920299112797 -0.008532583713531496
img_959 -0.0013383454643189907 0.0010857474990189075 -0.0074614747427403936
img_960 -0.001033548265695572 -0.0006916335551068187 -0.009067791514098644
img_961 -0.001033548265695572 -0.0006916335551068187 -0.009067791514098644
img_962 -0.001033548265695572 -0.0006916335551068187 -0.009067791514098644
img_963 -0.001033548265695572 -0.0006916335551068187 -0.009067791514098644
img_964 -0.001033548265695572 -0.0006916335551068187 -0.009067791514098644
img_965 -0.001033548265695572 -0.0006916335551068187 -0.009067791514098644
