img_0 0.0 0.0 0.0
img_1 0.0 0.0 0.0
img_2 0.0 0.0 0.0
img_3 0.0 0.0 0.0
img_4 0.0 0.0 0.0
img_5 0.0 0.0 0.0
img_6 0.0003141361812595278 0.020615123212337494 0.0023979726247489452
img_7 -0.0006163817597553134 0.04473678022623062 0.006661432329565289
img_8 -0.0011305739171802998 0.06952299177646637 0.006927918642759325
img_9 -0.001372111844830215 0.0943102017045021 0.008260226808488369
img_10 -0.0016122672241181135 0.1191578209400177 0.0117241982370615
img_11 -0.002172186505049467 0.1430947631597519 0.011457738466560842
img_12 -0.002264360897243023 0.16637268662452698 0.010924804955720901
img_13 -0.0022769614588469267 0.1898941993713379 0.006661169230937956
img_14 -0.0021178717724978924 0.21317100524902344 0.0034638964571058754
img_15 -0.0016740586142987013 0.23620820045471191 0.0002663109917193652
img_16 -0.0009822177235037088 0.25966525077819824 -0.0010659075342118744
img_17 -0.0009219825151376426 0.2834267318248749 -0.0021317768841981888
img_18 -0.0014637119602411985 0.3076726794242859 0.0039969393983483315
img_19 -0.001495874603278935 0.3331874907016754 0.0034640051890164614
img_20 -0.002385220257565379 0.3581547141075134 0.005595726426690817
img_21 -0.0032220312859863043 0.3829385042190552 0.009326134808361532
img_22 -0.0037645280826836824 0.4074205160140991 0.010924898087978365
img_23 -0.0037850572261959314 0.43166667222976685 0.012257245369255541
img_24 -0.003898804308846593 0.4551856815814972 0.011724330484867096
img_25 -0.004066972061991692 0.47845980525016785 0.009326450526714327
img_26 -0.0037959315814077854 0.5018025636672974 0.0047962646931409844
img_27 -0.003732457524165511 0.5249600410461426 -0.0005331570282578469
img_28 -0.0030567613430321217 0.5483574867248535 -0.0015989876119419937
img_29 -0.0024948231875896454 0.5723574161529541 -0.0007996495114639404
img_30 -0.0027895106468349695 0.5967242121696472 0.0007992100436240435
img_31 -0.0032631615176796913 0.6215733885765076 0.0026644743047654633
img_32 -0.0037841240409761667 0.6467841863632202 0.0061285290867090225
img_33 -0.0041792625561356544 0.6713891625404358 0.008793134242296219
img_34 -0.00533910421654582 0.6961073279380798 0.010391879826784137
img_35 -0.005378474481403828 0.7200513482093811 0.01199073065072298
img_36 -0.005594305694103241 0.7438734173774719 0.010658325627446176
img_37 -0.005144992843270302 0.7672146558761597 0.008526861667633055
img_38 -0.005167910363525152 0.7903716564178467 0.004796370863914489
img_39 -0.005068052094429731 0.8132340312004089 0.000798073597252369
img_40 -0.004039619583636522 0.8361999988555908 0.000798073597252369
img_41 -0.004094074480235577 0.8606902956962585 -0.0005344465607777239
img_42 -0.00495349895209074 0.8852955102920532 -0.0010673109209164977
img_43 -0.005136351566761732 0.9102054238319397 0.0013308749767020345
img_44 -0.005274463910609484 0.9352965354919434 0.00452848430722952
img_45 -0.005910586565732956 0.9601430892944336 0.009324837476015091
img_46 -0.006347760558128357 0.9845649003982544 0.010923544876277447
img_47 -0.006366935092955828 1.0086884498596191 0.013055156916379925
img_48 -0.006777078844606876 1.032081961631775 0.010657116770744325
img_49 -0.007029671221971512 1.0557831525802612 0.009058201685547827
img_50 -0.0066460613161325455 1.0789419412612915 0.004528711549937726
img_51 -0.0064015681855380535 1.1020408868789673 0.0026633169036358595
img_52 -0.006254279054701328 1.1253793239593506 -0.0005342774093151094
img_53 -0.005892419721931219 1.14932119846344 -0.002399504184722901
img_54 -0.0049671269953250885 1.1712652444839478 -0.008261458948254585
img_55 -0.0044156271032989025 1.1704142093658447 -0.011725512333214285
img_56 -0.0044142091646790504 1.1705350875854492 -0.010926124639809132
img_57 -0.004449774511158466 1.1704750061035156 -0.011459051631391052
img_58 -0.004449774511158466 1.1704750061035156 -0.011459051631391052
img_59 -0.0015350603498518467 1.1719533205032349 -0.03677592426538468
img_60 -0.002570906188338995 1.1713260412216187 -0.1968872249126435
img_61 -0.002570906188338995 1.1713260412216187 -0.3543816804885865
img_62 -0.004328412935137749 1.1712027788162231 -0.3565131723880767
img_63 -0.004870845004916191 1.1711467504501343 -0.3567796647548676
img_64 -0.006648690439760685 1.171873927116394 -0.30135548114776617
img_65 -0.007084539160132408 1.1710597276687622 -0.14734077453613284
img_66 -0.007238442078232765 1.1714493036270142 0.014123871922492983
img_67 -0.007567099295556545 1.172472596168518 0.17800550162792209
img_68 -0.008204599842429161 1.172664999961853 0.34079778194427485
img_69 -0.008619141764938831 1.1734161376953125 0.5033522844314576
img_70 -0.009045814163982868 1.1732501983642578 0.6650962829589845
img_71 -0.009134423919022083 1.1738722324371338 0.8241750001907349
img_72 -0.009542923420667648 1.1739648580551147 0.984049916267395
img_73 -0.00850539281964302 1.1737780570983887 1.1399379968643188
img_74 -0.008070367388427258 1.17400062084198 1.2944812774658203
img_75 -0.006731628440320492 1.173403263092041 1.4495482444763186
img_76 -0.005781583487987518 1.1742018461227417 1.604104518890381
img_77 -0.009246096014976501 1.174680233001709 1.6459444761276245
img_78 -0.00930899940431118 1.1747105121612549 1.6464773416519165
img_79 -0.00930899940431118 1.1747105121612549 1.6464773416519165
img_80 -0.00930899940431118 1.1747105121612549 1.6464773416519165
img_81 -0.024355530738830566 1.1740247011184692 1.6406148672103882
img_82 -0.04860716313123703 1.1723986864089966 1.641680717468262
img_83 -0.07227098941802979 1.1701935529708862 1.6440788507461546
img_84 -0.09727123379707336 1.1680431365966797 1.6496745347976687
img_85 -0.12195131927728653 1.1656721830368042 1.6528723239898686
img_86 -0.1466774344444275 1.1631829738616943 1.655536770820618
img_87 -0.1705511212348938 1.1606295108795166 1.6579351425170898
img_88 -0.19433532655239105 1.1591824293136597 1.6555371284484863
img_89 -0.21791140735149384 1.157425045967102 1.6528724431991577
img_90 -0.24138198792934418 1.1558796167373657 1.6499414443969727
img_91 -0.2641235589981079 1.1543210744857788 1.6456780433654787
img_92 -0.28753000497817993 1.1527750492095947 1.6432801485061646
img_93 -0.3112660348415375 1.1523816585540771 1.6411483287811282
img_94 -0.33590957522392273 1.1494553089141846 1.6398160457611084
img_95 -0.360523521900177 1.147823691368103 1.6440794467926028
img_96 -0.3849741220474243 1.14560866355896 1.6480764150619507
img_97 -0.4098327159881592 1.142423391342163 1.6520733833312988
img_98 -0.43405115604400635 1.140380620956421 1.655004382133484
img_99 -0.45829153060913086 1.1385447978973389 1.656603455543518
img_100 -0.48218512535095215 1.1363143920898438 1.6563370227813725
img_101 -0.5052554607391357 1.1343010663986206 1.6534056663513184
img_102 -0.5290027856826782 1.1331404447555542 1.6488755941390991
img_103 -0.5518574714660645 1.1322627067565918 1.6459445953369138
img_104 -0.5754562020301819 1.1308709383010864 1.6438131332397463
img_105 -0.5991741418838501 1.1293810606002808 1.6419477462768555
img_106 -0.6233763098716736 1.1270962953567505 1.640615463256836
img_107 -0.6477236151695251 1.1251137256622314 1.641947865486145
img_108 -0.6723800301551819 1.1232514381408691 1.648342490196228
img_109 -0.6971620917320251 1.1206254959106445 1.6504743099212646
img_110 -0.7222082018852234 1.1175401210784912 1.6531389951705933
img_111 -0.7463101148605347 1.1162865161895752 1.6571359634399414
img_112 -0.7699336409568787 1.1143819093704224 1.6576688289642332
img_113 -0.7930958867073059 1.1120493412017822 1.654471278190613
img_114 -0.8164324760437012 1.110337257385254 1.6510072946548464
img_115 -0.8395959734916687 1.1094908714294434 1.645677924156189
img_116 -0.8633079528808594 1.1079570055007935 1.6414146423339848
img_117 -0.8869637846946716 1.1064937114715576 1.638217091560364
img_118 -0.9110397696495056 1.1049729585647583 1.6398159265518193
img_119 -0.9353892803192139 1.103009819984436 1.6419477462768555
img_120 -0.9603051543235779 1.100534200668335 1.6464773416519165
img_121 -0.9848546981811523 1.098042607307434 1.6504743099212646
img_122 -1.0098742246627808 1.0961499214172363 1.654471278190613
img_123 -1.0338703393936157 1.0936118364334106 1.6560701131820683
img_124 -1.0575586557388306 1.0917620658874512 1.656336545944214
img_125 -1.0813331604003906 1.0902138948440552 1.6542049646377563
img_126 -1.1040239334106445 1.0880016088485718 1.6510070562362669
img_127 -1.1275644302368164 1.0873349905014038 1.645677924156189
img_128 -1.1508625745773315 1.0859371423721313 1.6430133581161501
img_129 -1.1743117570877075 1.0841357707977295 1.6398159265518193
img_130 -1.1985869407653809 1.082877516746521 1.6414146423339848
img_131 -1.2227450609207153 1.080783724784851 1.6451452970504765
img_132 -1.2473156452178955 1.0777283906936646 1.6504749059677126
img_133 -1.2456858158111572 1.077823519706726 1.6523399353027346
img_134 -1.2455766201019287 1.0779725313186646 1.6528729200363161
img_135 -1.2455766201019287 1.0779725313186646 1.6528729200363161
img_136 -1.2455766201019287 1.0779725313186646 1.6528729200363161
img_137 -1.2455766201019287 1.0779725313186646 1.6528729200363161
img_138 -1.2472455501556396 1.0820379257202148 1.6200997829437256
img_139 -1.2457447052001953 1.0810635089874268 1.4594235420227053
img_140 -1.2451225519180298 1.0817314386367798 1.2971621751785278
img_141 -1.2452689409255981 1.0818812847137451 1.138872027397156
img_142 -1.2457998991012573 1.0823181867599487 0.9832572937011719
img_143 -1.2467830181121826 1.082260012626648 0.8287090063095094
img_144 -1.2481828927993774 1.0820753574371338 0.673086166381836
img_145 -1.2490354776382446 1.082864761352539 0.5169453620910645
img_146 -1.2492157220840454 1.083040475845337 0.36000210046768194
img_147 -1.2490112781524658 1.082794427871704 0.20092335343360904
img_148 -1.2514358758926392 1.0808814764022827 0.13164393603801727
img_149 -1.2523565292358398 1.0811865329742432 0.13191041350364688
img_150 -1.2521063089370728 1.0811587572097778 0.13164393603801727
img_151 -1.2521488666534424 1.081214189529419 0.13191060721874237
img_152 -1.2521063089370728 1.0811588764190674 0.13164433836936953
img_153 -1.251866340637207 1.0817394256591797 0.12924648821353912
img_154 -1.2544673681259155 1.1055426597595215 0.12471704930067064
img_155 -1.2570903301239014 1.1298326253890991 0.1247170642018318
img_156 -1.2597012519836426 1.1529037952423096 0.12338474392890932
img_157 -1.2623902559280396 1.175721526145935 0.11832185089588167
img_158 -1.2646996974945068 1.1984014511108398 0.11459129303693771
img_159 -1.266910195350647 1.2218812704086304 0.11166030913591385
img_160 -1.2691619396209717 1.245723009109497 0.11086085438728334
img_161 -1.2724312543869019 1.270359992980957 0.11405821144580841
img_162 -1.2757525444030762 1.294138789176941 0.11778865009546281
img_163 -1.2794842720031738 1.3188419342041016 0.11992041021585466
img_164 -1.2827270030975342 1.3434183597564697 0.12045333534479141
img_165 -1.2852623462677002 1.368140697479248 0.12498298287391667
img_166 -1.2883192300796509 1.3921916484832764 0.12604883313179022
img_167 -1.29152512550354 1.4161022901535034 0.12578237056732178
img_168 -1.2941336631774902 1.4392361640930176 0.12338408827781679
img_169 -1.2965773344039917 1.4626275300979614 0.1191215366125107
img_170 -1.2987794876098633 1.4851396083831787 0.11619016528129579
img_171 -1.3012081384658813 1.5086575746536255 0.11219304800033572
img_172 -1.3036669492721558 1.5323518514633179 0.11219305545091632
img_173 -1.3063474893569946 1.5561436414718628 0.1121930629014969
img_174 -1.3093867301940918 1.5806248188018799 0.11432474851608276
img_175 -1.312811017036438 1.6052443981170654 0.11885468661785126
img_176 -1.3166395425796509 1.630239486694336 0.12285169214010241
img_177 -1.3198292255401611 1.6546481847763062 0.12498412281274798
img_178 -1.3230146169662476 1.6791621446609497 0.12658236920833588
img_179 -1.326148271560669 1.7029563188552856 0.1257830858230591
img_180 -1.3287148475646973 1.726035714149475 0.12231872975826263
img_181 -1.3309510946273804 1.7490895986557007 0.11938786506652835
img_182 -1.332965612411499 1.7717444896697998 0.11565729975700381
img_183 -1.3353967666625977 1.795395016670227 0.11565731465816498
img_184 -1.3381301164627075 1.8186209201812744 0.11272772401571275
img_185 -1.3411003351211548 1.8426854610443115 0.11219477653503417
img_186 -1.344111442565918 1.8672292232513428 0.11485923081636426
img_187 -1.3473551273345947 1.8916897773742676 0.11805723607540132
img_188 -1.3506635427474976 1.9166200160980225 0.12391826510429384
img_189 -1.354383945465088 1.9416875839233398 0.1252507120370865
img_190 -1.357551097869873 1.965721845626831 0.1255178153514862
img_191 -1.360345721244812 1.9892605543136597 0.12498618662357333
img_192 -1.3631435632705688 2.012369155883789 0.1249862015247345
img_193 -1.3655529022216797 2.0354654788970947 0.11965697258710863
img_194 -1.3678102493286133 2.0583345890045166 0.11592647433280946
img_195 -1.3705222606658936 2.0801146030426025 0.11486060172319414
img_196 -1.369676113128662 2.081003427505493 0.10526876151561737
img_197 -1.3696223497390747 2.080826759338379 0.10420283675193788
img_198 -1.3695939779281616 2.080890417098999 0.10473570227622989
img_199 -1.3696633577346802 2.080883026123047 0.10446921736001968
img_200 -1.374176025390625 2.0804097652435303 0.08715081214904787
img_201 -1.3796327114105225 2.0823001861572266 -0.022910080850124352
img_202 -1.3805065155029297 2.0822596549987793 -0.1809198260307312
img_203 -1.3807227611541748 2.0834054946899414 -0.3351997435092926
img_204 -1.3810774087905884 2.0842971801757812 -0.49187031388282787
img_205 -1.380488634109497 2.0848047733306885 -0.6474912166595459
img_206 -1.3803514242172241 2.084928274154663 -0.8068389892578126
img_207 -1.380508542060852 2.083956003189087 -0.9672654867172241
img_208 -1.3806593418121338 2.0832161903381348 -1.131111741065979
img_209 -1.381296992301941 2.082298994064331 -1.294461011886597
img_210 -1.3815739154815674 2.081059455871582 -1.4524807929992678
img_211 -1.3821460008621216 2.0725550651550293 -1.5092363357543945
img_212 -1.3826611042022705 2.072068691253662 -1.5111013650894167
img_213 -1.3827942609786987 2.072270631790161 -1.510301947593689
img_214 -1.3827900886535645 2.0722010135650635 -1.510834813117981
img_215 -1.3827276229858398 2.072169780731201 -1.5103017091751099
img_216 -1.3827276229858398 2.072169780731201 -1.5103017091751099
img_217 -1.3824735879898071 2.0719752311706543 -1.5119006633758547
img_218 -1.3576537370681763 2.0731940269470215 -1.5137658119201662
img_219 -1.332579493522644 2.0752549171447754 -1.5097689628601074
img_220 -1.307702660560608 2.0775094032287598 -1.5057723522186282
img_221 -1.2829698324203491 2.0791897773742676 -1.5052393674850464
img_222 -1.2589761018753052 2.081044912338257 -1.5023082494735722
img_223 -1.2351386547088623 2.082435131072998 -1.5009762048721311
img_224 -1.2112468481063843 2.084035873413086 -1.5055066347122195
img_225 -1.1877490282058716 2.0851175785064697 -1.5089704990386965
img_226 -1.164380431175232 2.0863194465637207 -1.512434482574463
img_227 -1.1415271759033203 2.0870251655578613 -1.514033317565918
img_228 -1.1176438331604004 2.0876481533050537 -1.5164313316345215
img_229 -1.0939712524414062 2.088796615600586 -1.5150990486145022
img_230 -1.0696028470993042 2.0905749797821045 -1.513499975204468
img_231 -1.0446633100509644 2.0928444862365723 -1.5111019611358645
img_232 -1.0197793245315552 2.0949959754943848 -1.506838917732239
img_233 -0.9955332279205322 2.096688747406006 -1.5017762184143066
img_234 -0.9707483649253845 2.0985071659088135 -1.5025756359100342
img_235 -0.9464983344078064 2.1001641750335693 -1.5017762184143066
img_236 -0.9228885769844055 2.1014113426208496 -1.5031085014343266
img_237 -0.9002153873443604 2.103018283843994 -1.5065720081329348
img_238 -0.876889169216156 2.10395884513855 -1.5124343633651736
img_239 -0.8536081910133362 2.1045846939086914 -1.514832615852356
img_240 -0.8300620913505554 2.1058337688446045 -1.5185630321502686
img_241 -0.8058890104293823 2.106678009033203 -1.5129672288894656
img_242 -0.803887128829956 2.106619119644165 -1.5206944942474367
img_243 -0.8037593364715576 2.106485605239868 -1.5217603445053103
img_244 -0.8036972284317017 2.1064536571502686 -1.5212274789810185
img_245 -0.8039947152137756 2.112450361251831 -1.5441436767578125
img_246 -0.8023768067359924 2.1152870655059814 -1.6779142618179326
img_247 -0.801794707775116 2.1156105995178223 -1.8356670141220093
img_248 -0.8010101914405823 2.1161935329437256 -1.9928704500198366
img_249 -0.7997314929962158 2.116384506225586 -2.149805545806885
img_250 -0.7991423010826111 2.1162912845611572 -2.304633140563965
img_251 -0.7984239459037781 2.1156435012817383 -2.4597156047821045
img_252 -0.7983163595199585 2.1161201000213623 -2.6198551654815674
img_253 -0.7988005876541138 2.1158416271209717 -2.779215097427368
img_254 -0.7993075847625732 2.116489887237549 -2.9417319297790527
img_255 -0.8066982626914978 2.11499285697937 -3.0752460956573486
img_256 -0.8088101744651794 2.117821455001831 -3.0859038829803467
img_257 -0.8087471723556519 2.117946147918701 -3.0853710174560547
img_258 -0.8086774945259094 2.117949962615967 -3.085637331008911
img_259 -0.8086774945259094 2.117949962615967 -3.085637331008911
img_260 -0.8086774945259094 2.117949962615967 -3.085637331008911
img_261 -0.8086774945259094 2.117949962615967 -3.085637331008911
img_262 -0.8096189498901367 2.113537549972534 -3.0930979251861572
img_263 -0.807629406452179 2.087665557861328 -3.086702585220337
img_264 -0.8056355118751526 2.06282901763916 -3.083505153656006
img_265 -0.8038376569747925 2.038526773452759 -3.0837717056274414
img_266 -0.8026561737060547 2.0144920349121094 -3.084571123123169
img_267 -0.801490068435669 1.991001009941101 -3.0875022411346436
img_268 -0.8008753657341003 1.9680265188217163 -3.088301658630371
img_269 -0.8005321025848389 1.9445531368255615 -3.0920321941375732
img_270 -0.8002306222915649 1.9215633869171143 -3.094430446624756
img_271 -0.7987532615661621 1.8976656198501587 -3.098160743713379
img_272 -0.797767698764801 1.8733797073364258 -3.097094774246216
img_273 -0.7955172061920166 1.848730206489563 -3.0930984020233154
img_274 -0.7939349412918091 1.8240489959716797 -3.0893678665161133
img_275 -0.7924697995185852 1.799363613128662 -3.085637331008911
img_276 -0.7905818223953247 1.7743972539901733 -3.0843048095703125
img_277 -0.7888419032096863 1.7501546144485474 -3.084038257598877
img_278 -0.7877711653709412 1.7267158031463623 -3.0837717056274414
img_279 -0.7865828275680542 1.7025632858276367 -3.0869688987731934
img_280 -0.785969078540802 1.6798304319381714 -3.0901663303375244
img_281 -0.7850227355957031 1.6566914319992065 -3.0944299697875977
img_282 -0.7844746708869934 1.6332333087921143 -3.0994925498962402
img_283 -0.7839229106903076 1.6093525886535645 -3.099759101867676
img_284 -0.782821536064148 1.5847101211547852 -3.0984268188476562
img_285 -0.7814072966575623 1.5608657598495483 -3.09629487991333
img_286 -0.7798068523406982 1.5355795621871948 -3.0928308963775635
img_287 -0.778046727180481 1.5109697580337524 -3.089367151260376
img_288 -0.7763598561286926 1.4867222309112549 -3.086169958114624
img_289 -0.7745884656906128 1.462355613708496 -3.081373453140259
img_290 -0.7708694338798523 1.4470736980438232 -3.060056209564209
img_291 -0.7707903385162354 1.4465341567993164 -3.062187910079956
img_292 -0.7732354998588562 1.4464608430862427 -3.053661823272705
img_293 -0.7795010209083557 1.4487613439559937 -2.9374754428863525
img_294 -0.7797035574913025 1.4485342502593994 -2.783460855484009
img_295 -0.780011773109436 1.4492582082748413 -2.6294400691986084
img_296 -0.7812746167182922 1.4498661756515503 -2.4748857021331787
img_297 -0.782012403011322 1.4507472515106201 -2.3184821605682373
img_298 -0.7823446393013 1.4503889083862305 -2.159148454666138
img_299 -0.7817947268486023 1.4507774114608765 -2.0016584396362305
img_300 -0.7810951471328735 1.450417399406433 -1.8380531072616582
img_301 -0.7803811430931091 1.4507298469543457 -1.6740322113037112
img_302 -0.7787631750106812 1.455812931060791 -1.5281146764755251
img_303 -0.7760275602340698 1.4597729444503784 -1.4940073490142822
img_304 -0.7769759297370911 1.4594899415969849 -1.4932080507278445
img_305 -0.7766826748847961 1.4596177339553833 -1.4932080507278445
img_306 -0.7767402529716492 1.459578275680542 -1.4934744834899905
img_307 -0.776745617389679 1.4596478939056396 -1.4937409162521367
img_308 -0.7605375647544861 1.4601991176605225 -1.500668525695801
img_309 -0.7368714213371277 1.4623863697052002 -1.4998691082000735
img_310 -0.7131480574607849 1.4637569189071655 -1.5014679431915285
img_311 -0.6895816922187805 1.4647635221481323 -1.502267360687256
img_312 -0.6667535901069641 1.46591055393219 -1.505464792251587
img_313 -0.643563449382782 1.4670779705047607 -1.5105276107788088
img_314 -0.6200012564659119 1.4680800437927246 -1.5137251615524292
img_315 -0.5962135791778564 1.4693691730499268 -1.5134587287902832
img_316 -0.5720863342285156 1.4710338115692139 -1.5129258632659912
img_317 -0.5481177568435669 1.4723175764083862 -1.5081294775009157
img_318 -0.5230557322502136 1.4745197296142578 -1.5057313442230227
img_319 -0.49814993143081665 1.4763174057006836 -1.5012015104293825
img_320 -0.4731345772743225 1.479110836982727 -1.5004022121429446
img_321 -0.44905176758766174 1.480563998222351 -1.4974708557128906
img_322 -0.42515358328819275 1.482039451599121 -1.5012012720108032
img_323 -0.4017125964164734 1.4831136465072632 -1.5022671222686768
img_324 -0.37865400314331055 1.4844164848327637 -1.5051980018615723
img_325 -0.35540488362312317 1.4856289625167847 -1.5099946260452273
img_326 -0.33191022276878357 1.4867445230484009 -1.5115933418273926
img_327 -0.3081218898296356 1.488014578819275 -1.5118597745895384
img_328 -0.2839847803115845 1.4895087480545044 -1.5129256248474123
img_329 -0.25985097885131836 1.4910467863082886 -1.5094618797302248
img_330 -0.23496702313423157 1.493239402770996 -1.505997657775879
img_331 -0.2098993957042694 1.4953557252883911 -1.5014677047729494
img_332 -0.18541918694972992 1.4971256256103516 -1.4993362426757815
img_333 -0.16106575727462769 1.4990088939666748 -1.4990698099136355
img_334 -0.1376660168170929 1.5006901025772095 -1.4990698099136355
img_335 -0.11413045227527618 1.5021711587905884 -1.5022675991058352
img_336 -0.09063029289245605 1.5033291578292847 -1.5057324171066284
img_337 -0.0674499124288559 1.5045597553253174 -1.5078636407852175
img_338 -0.04399538040161133 1.5053383111953735 -1.5115939378738403
img_339 -0.02055276557803154 1.5073221921920776 -1.5158573389053347
img_340 0.003972284495830536 1.508391261100769 -1.5139920711517336
img_341 0.028181642293930054 1.5096631050109863 -1.5107947587966921
img_342 0.05335073173046112 1.5121543407440186 -1.5081300735473635
img_343 0.07787832617759705 1.5142180919647217 -1.5049322843551638
img_344 0.1023082509636879 1.5158644914627075 -1.5014684200286865
img_345 0.12670478224754333 1.5180134773254395 -1.498803734779358
img_346 0.15036332607269287 1.519439697265625 -1.4993366003036501
img_347 0.17420189082622528 1.520901083946228 -1.5020012855529785
img_348 0.19721338152885437 1.5220317840576172 -1.5038664340972903
img_349 0.2207820862531662 1.522981882095337 -1.5078634023666382
img_350 0.24423764646053314 1.523760437965393 -1.511593818664551
img_351 0.26790544390678406 1.525023341178894 -1.5126596689224243
img_352 0.2912473976612091 1.5266265869140625 -1.5123932361602785
img_353 0.31592097878456116 1.5283139944076538 -1.5089290142059326
img_354 0.34085363149642944 1.5306278467178345 -1.5070639848709106
img_355 0.3655139207839966 1.5325164794921875 -1.503066658973694
img_356 0.3903842866420746 1.534798264503479 -1.5001357793807986
img_357 0.4145106375217438 1.536505937576294 -1.4977372884750366
img_358 0.43855956196784973 1.5383710861206055 -1.4993358850479128
img_359 0.46209007501602173 1.5399154424667358 -1.502000689506531
img_360 0.48559048771858215 1.5410099029541016 -1.5059977769851685
img_361 0.5085716843605042 1.5416616201400757 -1.5091953277587893
img_362 0.531965970993042 1.5424400568008423 -1.5086623430252075
img_363 0.5554363131523132 1.5439351797103882 -1.513192057609558
img_364 0.5795129537582397 1.5454285144805908 -1.5147907733917236
img_365 0.6040025353431702 1.5471510887145996 -1.512126088142395
img_366 0.6286581158638 1.549123764038086 -1.5081290006637575
img_367 0.6536039113998413 1.5512486696243286 -1.5030663013458252
img_368 0.6776015162467957 1.5530164241790771 -1.4996024370193484
img_369 0.7023038864135742 1.5551279783248901 -1.4985364675521853
img_370 0.7263654470443726 1.5568346977233887 -1.4980036020278933
img_371 0.7501923441886902 1.558467149734497 -1.500401854515076
img_372 0.7732694745063782 1.5595344305038452 -1.5014677047729494
img_373 0.7969585657119751 1.5605494976043701 -1.5086628198623657
img_374 0.8205614686012268 1.5618430376052856 -1.5123929977416994
img_375 0.8433541655540466 1.5625113248825073 -1.5126594305038454
img_376 0.8672463297843933 1.5640417337417603 -1.5123929977416994
img_377 0.8920203447341919 1.5660847425460815 -1.511860013008118
img_378 0.9164618849754333 1.5675618648529053 -1.5075966119766235
img_379 0.9412650465965271 1.5700409412384033 -1.503066658973694
img_380 0.9660499095916748 1.5718271732330322 -1.500668525695801
img_381 0.9904103875160217 1.5744831562042236 -1.499069690704346
img_382 1.014579176902771 1.5763946771621704 -1.5001355409622192
img_383 1.0383955240249634 1.5773104429244995 -1.501201391220093
img_384 1.0617883205413818 1.5781364440917969 -1.5033327341079714
img_385 1.0844670534133911 1.5788639783859253 -1.505464792251587
img_386 1.1079825162887573 1.580612301826477 -1.5126593112945557
img_387 1.1316728591918945 1.5815016031265259 -1.5139917135238647
img_388 1.155150055885315 1.5828715562820435 -1.5153238773345947
img_389 1.179662823677063 1.5841628313064575 -1.5134586095809939
img_390 1.204409122467041 1.5866671800613403 -1.5075963735580444
img_391 1.2291620969772339 1.5881636142730713 -1.5033313035964968
img_392 1.2469426393508911 1.5921627283096313 -1.483621120452881
img_393 1.2455456256866455 1.5914798974990845 -1.4886842966079712
img_394 1.2454882860183716 1.591440200805664 -1.4889507293701172
img_395 1.2454882860183716 1.591440200805664 -1.4889507293701172
img_396 1.2439817190170288 1.5846619606018066 -1.450046420097351
img_397 1.2446905374526978 1.58534574508667 -1.2872411012649538
img_398 1.2445272207260132 1.5848253965377808 -1.1252118349075317
img_399 1.2449240684509277 1.584976315498352 -0.9680147171020509
img_400 1.244266390800476 1.5844389200210571 -0.8134689331054688
img_401 1.244122862815857 1.5835347175598145 -0.6586585640907288
img_402 1.2438337802886963 1.5823057889938354 -0.5035711526870728
img_403 1.2435336112976074 1.5821950435638428 -0.3484874963760376
img_404 1.2437864542007446 1.5814599990844727 -0.18755123019218445
img_405 1.2434866428375244 1.5825015306472778 -0.029537066817283634
img_406 1.2374005317687988 1.5833467245101929 0.10901734232902527
img_407 1.236332654953003 1.585723638534546 0.1191432774066925
img_408 1.236081600189209 1.5860588550567627 0.11834397166967393
img_409 1.2361927032470703 1.5860111713409424 0.11834397166967393
img_410 1.236165165901184 1.585947036743164 0.11861044168472291
img_411 1.2364344596862793 1.5957820415496826 0.10688604414463045
img_412 1.2327393293380737 1.621056318283081 0.11195084452629088
img_413 1.2294713258743286 1.6454411745071411 0.11514711380004884
img_414 1.2266919612884521 1.670079231262207 0.11701279133558275
img_415 1.2244668006896973 1.6934924125671387 0.12260707467794422
img_416 1.221291422843933 1.7169785499572754 0.11594613641500474
img_417 1.218841314315796 1.73982572555542 0.11354773491621019
img_418 1.2167657613754272 1.7629555463790894 0.10768570750951768
img_419 1.2149516344070435 1.7862322330474854 0.10475471615791324
img_420 1.2126407623291016 1.8098806142807007 0.10422181338071826
img_421 1.2097141742706299 1.833161473274231 0.10235653072595599
img_422 1.2069768905639648 1.8581029176712036 0.10608696192502974
img_423 1.2039355039596558 1.8827084302902222 0.11008402705192569
img_424 1.2009081840515137 1.9075558185577393 0.11381438374519351
img_425 1.197773814201355 1.9322092533111572 0.11701204627752305
img_426 1.1947144269943237 1.956441879272461 0.11781137436628342
img_427 1.1917749643325806 1.98038649559021 0.11701197922229767
img_428 1.1891475915908813 2.0036346912384033 0.1130153760313988
img_429 1.1866127252578735 2.026897668838501 0.11221592128276828
img_430 1.1848437786102295 2.049453020095825 0.10795260965824127
img_431 1.1831231117248535 2.073105812072754 0.10395562648773195
img_432 1.1805909872055054 2.0963661670684814 0.10395562648773195
img_433 1.178330898284912 2.1203835010528564 0.10368917137384416
img_434 1.1752095222473145 2.14498233795166 0.10635393857955934
img_435 1.1725754737854004 2.1693272590637207 0.10981806367635728
img_436 1.1692638397216797 2.1942660808563232 0.11248271167278293
img_437 1.1659480333328247 2.2189462184906006 0.11488544940948489
img_438 1.1629871129989624 2.2430856227874756 0.11860893666744236
img_439 1.1591662168502808 2.263939619064331 0.1271351724863052
img_440 1.158973217010498 2.262695789337158 0.1298000514507294
img_441 1.159116506576538 2.262408971786499 0.12899908423423767
img_442 1.159116506576538 2.262408971786499 0.12899908423423767
img_443 1.159116506576538 2.262408971786499 0.12899908423423767
img_444 1.153771162033081 2.2637274265289307 0.09622380137443544
img_445 1.1530125141143799 2.263957977294922 -0.0644562989473343
img_446 1.153515338897705 2.2630772590637207 -0.22459831833839417
img_447 1.1537684202194214 2.2624611854553223 -0.38740757107734686
img_448 1.1539123058319092 2.2609658241271973 -0.5502207279205322
img_449 1.1538900136947632 2.2601282596588135 -0.711696982383728
img_450 1.1536798477172852 2.2596707344055176 -0.8726454973220826
img_451 1.1534974575042725 2.259700059890747 -1.031446933746338
img_452 1.154048204421997 2.260192394256592 -1.1878472566604614
img_453 1.1545909643173218 2.2543141841888428 -1.2366133928298952
img_454 1.1537230014801025 2.2538650035858154 -1.236080527305603
img_455 1.1539973020553589 2.253812551498413 -1.2355475425720217
img_456 1.1527342796325684 2.257253885269165 -1.249137282371521
img_457 1.1544417142868042 2.2586324214935303 -1.3791704177856448
img_458 1.153524398803711 2.254472017288208 -1.4018192291259766
img_459 1.1549758911132812 2.260704278945923 -1.4910858869552615
img_460 1.1549700498580933 2.2562220096588135 -1.6147130727767947
img_461 1.1530776023864746 2.2558510303497314 -1.6157790422439577
img_462 1.1535050868988037 2.255936622619629 -1.6157790422439577
img_463 1.1535050868988037 2.255936622619629 -1.6157790422439577
img_464 1.1534430980682373 2.25590443611145 -1.6160454750061037
img_465 1.1534430980682373 2.25590443611145 -1.6160454750061037
img_466 1.1534430980682373 2.25590443611145 -1.6160454750061037
img_467 1.1625304222106934 2.2533254623413086 -1.6317747831344604
img_468 1.1862986087799072 2.2518043518066406 -1.6323076486587527
img_469 1.2093305587768555 2.250175952911377 -1.6363033056259155
img_470 1.2326018810272217 2.2483694553375244 -1.642432451248169
img_471 1.2561461925506592 2.246225118637085 -1.6418995857238772
img_472 1.2801960706710815 2.244337320327759 -1.637636184692383
img_473 1.304856300354004 2.2433862686157227 -1.6355043649673464
img_474 1.3291988372802734 2.2422635555267334 -1.6328399181365967
img_475 1.3541940450668335 2.2409205436706543 -1.6280436515808108
img_476 1.378859519958496 2.240206241607666 -1.6275107860565186
img_477 1.4034966230392456 2.2389473915100098 -1.6264448165893555
img_478 1.427674651145935 2.2370760440826416 -1.627244234085083
img_479 1.4512790441513062 2.2357771396636963 -1.6301753520965578
img_480 1.4742097854614258 2.234344005584717 -1.631507754325867
img_481 1.496957778930664 2.231912136077881 -1.636304020881653
img_482 1.5202430486679077 2.229440212249756 -1.6418994665145874
img_483 1.5441975593566895 2.2279090881347656 -1.6413664817810059
img_484 1.5683234930038452 2.227078437805176 -1.6395010948181152
img_485 1.5920969247817993 2.2255823612213135 -1.6352379322052004
img_486 1.6173348426818848 2.224233627319336 -1.6323068141937256
img_487 1.6424580812454224 2.223036050796509 -1.6304416656494143
img_488 1.6670506000518799 2.22202205657959 -1.626977324485779
img_489 1.6912705898284912 2.220904588699341 -1.625112056732178
img_490 1.7154037952423096 2.219312906265259 -1.6264443397521975
img_491 1.7391244173049927 2.2178866863250732 -1.6280432939529421
img_492 1.7625043392181396 2.2159175872802734 -1.6328387260437014
img_493 1.7853413820266724 2.2139742374420166 -1.6352368593215945
img_494 1.8081003427505493 2.211735963821411 -1.6363028287887573
img_495 1.8188482522964478 2.2111709117889404 -1.6392339468002322
img_496 1.8187998533248901 2.2113492488861084 -1.6402997970581055
img_497 1.8186646699905396 2.211148738861084 -1.6402997970581055
img_498 1.8372015953063965 2.208423614501953 -1.6520236730575562
img_499 1.8608006238937378 2.2069578170776367 -1.6525565385818486
img_500 1.881046175956726 2.2067697048187256 -1.635769605636597
img_501 1.8790711164474487 2.2071430683135986 -1.635503172874451
img_502 1.8790711164474487 2.2071430683135986 -1.635503172874451
img_503 1.8790711164474487 2.2071430683135986 -1.635503172874451
img_504 1.8790711164474487 2.2071430683135986 -1.635503172874451
img_505 1.8790711164474487 2.2071430683135986 -1.635503172874451
img_506 1.8790711164474487 2.2071430683135986 -1.635503172874451
img_507 1.8790711164474487 2.2071430683135986 -1.635503172874451
img_508 1.8814655542373657 2.2123048305511475 -1.7117102146148682
img_509 1.8819307088851929 2.211709976196289 -1.873189091682434
img_510 1.8819249868392944 2.2118945121765137 -2.0317316055297856
img_511 1.882373332977295 2.211437940597534 -2.1868128776550293
img_512 1.8838125467300415 2.2122151851654053 -2.3434853553771973
img_513 1.8845999240875244 2.2112038135528564 -2.4975075721740723
img_514 1.8855128288269043 2.2112088203430176 -2.6533894538879395
img_515 1.8854289054870605 2.210548162460327 -2.809004306793213
img_516 1.8859175443649292 2.211164712905884 -2.9686038494110107
img_517 1.8803014755249023 2.2128841876983643 -3.0661349296569824
img_518 1.880065679550171 2.2118356227874756 -3.0645360946655273
img_519 1.8802049160003662 2.211846351623535 -3.064269542694092
img_520 1.880165457725525 2.2119040489196777 -3.0645360946655273
img_521 1.880165457725525 2.2119040489196777 -3.0645360946655273
img_522 1.880165457725525 2.2119040489196777 -3.0645360946655273
img_523 1.8789355754852295 2.202895402908325 -3.085585594177246
img_524 1.8808741569519043 2.1782965660095215 -3.077324867248535
img_525 1.8822956085205078 2.1545791625976562 -3.0797228813171387
img_526 1.8828165531158447 2.1309263706207275 -3.0797228813171387
img_527 1.8843539953231812 2.108365774154663 -3.0858516693115234
img_528 1.8848626613616943 2.0848395824432373 -3.0879833698272705
img_529 1.8857961893081665 2.0615787506103516 -3.090381622314453
img_530 1.8874465227127075 2.0375657081604004 -3.0951786041259766
img_531 1.8885797262191772 2.013169288635254 -3.092780828475952
img_532 1.889829397201538 1.9890178442001343 -3.090649127960205
img_533 1.8914843797683716 1.9640995264053345 -3.0877180099487305
img_534 1.8932439088821411 1.9392493963241577 -3.083721160888672
img_535 1.8952594995498657 1.9147181510925293 -3.0799906253814697
img_536 1.896918773651123 1.8906512260437012 -3.0794577598571777
img_537 1.8982973098754883 1.866807460784912 -3.07865834236145
img_538 1.8997801542282104 1.8432759046554565 -3.080256938934326
img_539 1.9002588987350464 1.8201053142547607 -3.0834546089172363
img_540 1.9008936882019043 1.7965842485427856 -3.08585262298584
img_541 1.9019465446472168 1.7733280658721924 -3.088517427444458
img_542 1.9028364419937134 1.7493396997451782 -3.092247724533081
img_543 1.9036747217178345 1.7252886295318604 -3.091714859008789
img_544 1.9060899019241333 1.700710654258728 -3.090648889541626
img_545 1.9080431461334229 1.6761112213134766 -3.088517189025879
img_546 1.9096879959106445 1.651072382926941 -3.0837209224700928
img_547 1.9116582870483398 1.6267199516296387 -3.080256938934326
img_548 1.9134416580200195 1.6022368669509888 -3.078125238418579
img_549 1.9148985147476196 1.578762173652649 -3.079191207885742
img_550 1.9159433841705322 1.555321216583252 -3.0823891162872314
img_551 1.9166173934936523 1.5315618515014648 -3.08318829536438
img_552 1.9169968366622925 1.5083274841308594 -3.085852861404419
img_553 1.9178224802017212 1.484757423400879 -3.091182231903076
img_554 1.9194486141204834 1.4615333080291748 -3.0925145149230957
img_555 1.920571208000183 1.4372541904449463 -3.0938467979431152
img_556 1.9220855236053467 1.4128754138946533 -3.0911824703216553
img_557 1.923695683479309 1.3878902196884155 -3.0877177715301514
img_558 1.9253157377243042 1.3630337715148926 -3.0823888778686523
img_559 1.9274266958236694 1.3386284112930298 -3.0789246559143066
img_560 1.9291729927062988 1.3141435384750366 -3.0805234909057617
img_561 1.9308834075927734 1.2907463312149048 -3.0783917903900146
img_562 1.932039499282837 1.266952633857727 -3.0810561180114746
img_563 1.9331727027893066 1.2436398267745972 -3.0831878185272217
img_564 1.9337369203567505 1.2202361822128296 -3.0869181156158447
img_565 1.9345020055770874 1.2068955898284912 -3.085052728652954
img_566 1.9343379735946655 1.2067046165466309 -3.087184429168701
img_567 1.9342682361602783 1.2067008018493652 -3.087717294692993
img_568 1.9342682361602783 1.2067008018493652 -3.087717294692993
img_569 1.9342682361602783 1.2067008018493652 -3.087717294692993
img_570 1.9342682361602783 1.2067008018493652 -3.087717294692993
img_571 1.9357326030731201 1.2067797183990479 -3.0933146476745605
img_572 1.9389601945877075 1.2028816938400269 3.0436378161059783
img_573 1.9390149116516113 1.2012964487075806 2.8893263975726526
img_574 1.9393227100372314 1.20109224319458 2.73292857805361
img_575 1.938994288444519 1.200245976448059 2.575691048298971
img_576 1.939023733139038 1.199511170387268 2.417434994374411
img_577 1.9398738145828247 1.200050711631775 2.256492439900534
img_578 1.9404313564300537 1.2011833190917969 2.0942247549640105
img_579 1.9407457113265991 1.2023320198059082 1.9311412016498013
img_580 1.9416606426239014 1.2031617164611816 1.7694042364703582
img_581 1.9446579217910767 1.2075749635696411 1.6665471235858367
img_582 1.9436113834381104 1.2077199220657349 1.6710770765887664
img_583 1.9438589811325073 1.2076746225357056 1.6700113455401822
img_584 1.9438589811325073 1.2076746225357056 1.6700113455401822
img_585 1.9438589811325073 1.2076746225357056 1.6700113455401822
img_586 1.932729959487915 1.2083908319473267 1.6537578741656709
img_587 1.9075804948806763 1.2058793306350708 1.6625507513629363
img_588 1.882718563079834 1.2028906345367432 1.6630838553058074
img_589 1.8581238985061646 1.2002989053726196 1.6662815252887175
img_590 1.8336927890777588 1.1972928047180176 1.6665480772601529
img_591 1.8094645738601685 1.1953164339065552 1.6694791952716277
img_592 1.7858805656433105 1.192981481552124 1.6702783743487761
img_593 1.7627559900283813 1.1909195184707642 1.666805569325583
img_594 1.7394379377365112 1.1889537572860718 1.6638820807086392
img_595 1.7166086435317993 1.1869977712631226 1.660151783620016
img_596 1.6931676864624023 1.1857388019561768 1.6561544577227998
img_597 1.6695972681045532 1.1838971376419067 1.6564210096942351
img_598 1.6450730562210083 1.1818971633911133 1.6580198446856902
img_599 1.637220859527588 1.178687572479248 1.673208538685934
img_600 1.6366546154022217 1.1788749694824219 1.67214280763735
img_601 1.6367112398147583 1.1789158582687378 1.6718762556659146
img_602 1.6367112398147583 1.1789158582687378 1.6718762556659146
img_603 1.6365703344345093 1.180305004119873 1.6772053877459931
img_604 1.6389321088790894 1.182101845741272 1.8301547209369107
img_605 1.6380592584609985 1.1811480522155762 1.9921572844134732
img_606 1.6379281282424927 1.180553913116455 2.1525319258319304
img_607 1.6374682188034058 1.1800425052642822 2.314574782048361
img_608 1.637704610824585 1.1797856092453003 2.4723213354693816
img_609 1.6375261545181274 1.1802351474761963 2.630598131810324
img_610 1.6373355388641357 1.180965781211853 2.787277523671286
img_611 1.6368184089660645 1.1814793348312378 2.9420822302447722
img_612 1.6365790367126465 1.182761549949646 3.0966408888446257
img_613 1.6391432285308838 1.1822830438613892 -3.045320510864258
img_614 1.6396360397338867 1.1804476976394653 -3.0429224967956543
img_615 1.6395665407180786 1.1804407835006714 -3.0410571098327637
img_616 1.6395665407180786 1.1804407835006714 -3.041856527328491
img_617 1.6395952701568604 1.1805044412612915 -3.0415899753570557
img_618 1.6395952701568604 1.1805044412612915 -3.0415899753570557
img_619 1.6395952701568604 1.1805044412612915 -3.0415899753570557
img_620 1.6391834020614624 1.1650289297103882 -3.0581109523773193
img_621 1.6412094831466675 1.1412336826324463 -3.057844400405884
img_622 1.6435809135437012 1.116739273071289 -3.053847551345825
img_623 1.646286129951477 1.0927603244781494 -3.0509164333343506
img_624 1.6491416692733765 1.0675222873687744 -3.045853614807129
img_625 1.651742935180664 1.0426262617111206 -3.0410573482513428
img_626 1.6545995473861694 1.0184824466705322 -3.0402579307556152
img_627 1.6572909355163574 0.995119571685791 -3.041856527328491
img_628 1.6589679718017578 0.9713491797447205 -3.0431888103485107
img_629 1.6602524518966675 0.9483901262283325 -3.0450539588928223
img_630 1.6625020503997803 0.925159752368927 -3.0498507022857666
img_631 1.6638463735580444 0.9017831087112427 -3.0559802055358887
img_632 1.6658533811569214 0.8779890537261963 -3.0570459365844727
img_633 1.6680142879486084 0.8541440367698669 -3.0575788021087646
img_634 1.6700046062469482 0.8296773433685303 -3.055713415145874
img_635 1.6730955839157104 0.8047609329223633 -3.047719955444336
img_636 1.6758657693862915 0.7801798582077026 -3.045854330062866
img_637 1.6786516904830933 0.7555502653121948 -3.0426573753356934
img_638 1.6813710927963257 0.7313343286514282 -3.041857957839966
img_639 1.6833910942077637 0.7072910070419312 -3.039992570877075
img_640 1.6855825185775757 0.6844190955162048 -3.0410585403442383
img_641 1.687409520149231 0.6610907912254333 -3.045854091644287
img_642 1.6892350912094116 0.6376991271972656 -3.0482523441314697
img_643 1.690993309020996 0.6144232749938965 -3.05464768409729
img_644 1.6929208040237427 0.5911041498184204 -3.0578453540802
img_645 1.6948046684265137 0.5669929385185242 -3.055713653564453
img_646 1.6970194578170776 0.5424870848655701 -3.0533156394958496
img_647 1.6999619007110596 0.5175570249557495 -3.049318552017212
img_648 1.7023670673370361 0.4927026331424713 -3.045321464538574
img_649 1.7052825689315796 0.4683229327201843 -3.0418574810028076
img_650 1.7082535028457642 0.4438920021057129 -3.042656898498535
img_651 1.7104318141937256 0.4205329716205597 -3.0413243770599365
img_652 1.7125790119171143 0.3967500925064087 -3.041590690612793
img_653 1.7143820524215698 0.37353506684303284 -3.0463874340057373
img_654 1.716484546661377 0.35004955530166626 -3.0506508350372314
img_655 1.718025803565979 0.32699790596961975 -3.0549144744873047
img_656 1.719590663909912 0.3033450245857239 -3.0554473400115967
img_657 1.7217897176742554 0.2795032858848572 -3.0583784580230713
img_658 1.7238996028900146 0.25504738092422485 -3.054647922515869
img_659 1.7263599634170532 0.23043935000896454 -3.0506508350372314
img_660 1.7290319204330444 0.2053672969341278 -3.0469205379486084
img_661 1.7319543361663818 0.18049976229667664 -3.0434563159942627
img_662 1.7349486351013184 0.15649744868278503 -3.0410585403442383
img_663 1.7371677160263062 0.13241243362426758 -3.041857957839966
img_664 1.7390284538269043 0.1096065491437912 -3.0434584617614746
img_665 1.7406659126281738 0.08585616201162338 -3.0479836463928223
img_666 1.742645263671875 0.06290581822395325 -3.052513360977173
img_667 1.744502067565918 0.0397627055644989 -3.0565102100372314
img_668 1.7459287643432617 0.016462577506899834 -3.056776762008667
img_669 1.7477985620498657 -0.007590079680085182 -3.0549113750457764
img_670 1.7504503726959229 -0.03205800801515579 -3.050914764404297
img_671 1.7538440227508545 -0.057430535554885864 -3.0506482124328613
img_672 1.7561757564544678 -0.08223037421703339 -3.0461184978485107
img_673 1.7588227987289429 -0.10657558590173721 -3.0429208278656006
img_674 1.7614085674285889 -0.1309249997138977 -3.039989709854126
img_675 1.7636163234710693 -0.15464451909065247 -3.041588544845581
img_676 1.7662768363952637 -0.17801299691200256 -3.043187141418457
img_677 1.7701314687728882 -0.1957380622625351 -3.027198553085327
img_678 1.7697436809539795 -0.19480890035629272 -3.029330253601074
img_679 1.7697157859802246 -0.1948728859424591 -3.0295968055725098
img_680 1.7697157859802246 -0.1948728859424591 -3.0295968055725098
img_681 1.7697157859802246 -0.1948728859424591 -3.0295968055725098
img_682 1.7668119668960571 -0.19185329973697662 -2.9467291831970215
img_683 1.7658469676971436 -0.19074967503547668 -2.7940547466278076
img_684 1.765373945236206 -0.18995638191699982 -2.6386964321136475
img_685 1.7652415037155151 -0.1905122697353363 -2.4817488193511963
img_686 1.7651656866073608 -0.18995898962020874 -2.324549674987793
img_687 1.7653144598007202 -0.1902422308921814 -2.1598784923553467
img_688 1.766809105873108 -0.18985548615455627 -1.9975898265838627
img_689 1.7676836252212524 -0.18983131647109985 -1.8363626003265383
img_690 1.768837809562683 -0.1899643838405609 -1.6743741035461428
img_691 1.7690856456756592 -0.18991994857788086 -1.5123416185379028
img_692 1.7706354856491089 -0.18846583366394043 -1.3692786693572998
img_693 1.7722831964492798 -0.18716727197170258 -1.3684792518615723
img_694 1.772558331489563 -0.1870039403438568 -1.3668804168701172
img_695 1.772454023361206 -0.18709680438041687 -1.3674134016036987
img_696 1.7725062370300293 -0.18705040216445923 -1.367146968841553
img_697 1.7909451723098755 -0.18545256555080414 -1.3844680786132815
img_698 1.8138484954833984 -0.18163220584392548 -1.3865995407104492
img_699 1.8366682529449463 -0.17801982164382935 -1.3913958072662354
img_700 1.8595060110092163 -0.17451678216457367 -1.3961921930313108
img_701 1.8828871250152588 -0.17028601467609406 -1.3977909088134766
img_702 1.9066507816314697 -0.16648760437965393 -1.399656057357788
img_703 1.9309059381484985 -0.16162246465682983 -1.3953924179077148
img_704 1.9544305801391602 -0.15716971457004547 -1.3940601348876955
img_705 1.979060411453247 -0.15269991755485535 -1.3879311084747317
img_706 2.003084659576416 -0.1472986936569214 -1.3839343786239624
img_707 2.0276265144348145 -0.1426941454410553 -1.3834013938903809
img_708 2.051626682281494 -0.13814322650432587 -1.3818024396896367
img_709 2.0746004581451416 -0.1333935260772705 -1.3863320350646975
img_710 2.097682237625122 -0.12986798584461212 -1.3873978853225708
img_711 2.120842218399048 -0.12670879065990448 -1.3927294015884402
img_712 2.143298625946045 -0.12252543866634369 -1.3940610885620117
img_713 2.166646718978882 -0.11913564056158066 -1.3999234437942505
img_714 2.1905696392059326 -0.11447624117136002 -1.3983246088027956
img_715 2.2142093181610107 -0.11032271385192871 -1.3964594602584839
img_716 2.2386257648468018 -0.10570342093706131 -1.3924627304077148
img_717 2.2631845474243164 -0.10085111856460571 -1.3892651796340945
img_718 2.2877044677734375 -0.0957825630903244 -1.3826031684875488
img_719 2.3114378452301025 -0.09080064296722412 -1.382336735725403
img_720 2.3348886966705322 -0.08629249036312103 -1.3844683170318606
img_721 2.3584961891174316 -0.08162903040647507 -1.3844683170318606
img_722 2.381544589996338 -0.07824312895536423 -1.3884651660919192
img_723 2.4046876430511475 -0.07472143322229385 -1.3900640010833742
img_724 2.427443265914917 -0.07077629119157791 -1.394860029220581
img_725 2.4505484104156494 -0.06705879420042038 -1.400189518928528
img_726 2.4713568687438965 -0.0617736354470253 -1.3873988389968872
img_727 2.470010757446289 -0.06181028485298157 -1.3826024532318117
img_728 2.4698522090911865 -0.061947088688611984 -1.383401870727539
img_729 2.4698522090911865 -0.061947088688611984 -1.383401870727539
img_730 2.4698522090911865 -0.061947088688611984 -1.383401870727539
img_731 2.4698522090911865 -0.061947088688611984 -1.383401870727539
img_732 2.4721250534057617 -0.060627877712249756 -1.403120279312134
img_733 2.473268985748291 -0.05905357748270035 -1.5565990209579468
img_734 2.4733309745788574 -0.05915742740035057 -1.713279008865357
img_735 2.4745919704437256 -0.05845668539404869 -1.8681024312973022
img_736 2.475442409515381 -0.057950686663389206 -2.0215682983398438
img_737 2.4766132831573486 -0.05816837400197983 -2.1798520088195805
img_738 2.476374864578247 -0.05808727443218231 -2.336276054382324
img_739 2.4764232635498047 -0.058036934584379196 -2.4964160919189458
img_740 2.476191759109497 -0.05813556909561157 -2.6581716537475586
img_741 2.4753572940826416 -0.05782259255647659 -2.820955514907837
img_742 2.4741671085357666 -0.05700742080807686 -2.9835009574890137
img_743 2.4740219116210938 -0.05654071643948555 3.1368601957904265
img_744 2.473536252975464 -0.05593389645218849 2.975673500691549
img_745 2.4737627506256104 -0.05584922432899475 2.818986002598898
img_746 2.4739091396331787 -0.05596189945936203 2.662035767232077
img_747 2.4738590717315674 -0.05757137015461922 2.506688181553976
img_748 2.4740548133850098 -0.05854158475995064 2.3532069365130823
img_749 2.473682165145874 -0.059453509747982025 2.1954181830035613
img_750 2.473604202270508 -0.06006903201341629 2.039024178181784
img_751 2.473687171936035 -0.05983145907521248 1.8810341993915007
img_752 2.474041223526001 -0.059351373463869095 1.717684094105856
img_753 2.479292392730713 -0.05518699809908867 1.602574173604147
img_754 2.478160858154297 -0.05574678257107735 1.6001761595355433
img_755 2.4778106212615967 -0.05617613345384598 1.6009753386126921
img_756 2.4779887199401855 -0.05606595799326897 1.6009753386126921
img_757 2.4779293537139893 -0.05610266327857971 1.6012418905841275
img_758 2.4779887199401855 -0.056065935641527176 1.6009753386126921
img_759 2.475463628768921 -0.05457064509391785 1.5905831495868132
img_760 2.450608730316162 -0.05467841029167175 1.5868523756610315
img_761 2.4258947372436523 -0.05566870793700218 1.5905826727496548
img_762 2.401468515396118 -0.055942583829164505 1.5905826727496548
img_763 2.3780722618103027 -0.05623100697994232 1.5892503897296357
img_764 2.3547356128692627 -0.0563824325799942 1.5855200926410122
img_765 2.3319942951202393 -0.05608886107802391 1.5831216017352505
img_766 2.3084394931793213 -0.056064557284116745 1.5791190306292935
img_767 2.284950017929077 -0.05594630166888237 1.5767238775836396
img_768 2.2610087394714355 -0.05580898001790047 1.5761907736407683
img_769 2.2362921237945557 -0.056675150990486145 1.5793874899493618
img_770 2.2113189697265625 -0.05734364688396454 1.5844519774066375
img_771 2.1867687702178955 -0.057678915560245514 1.586051289235251
img_772 2.1619997024536133 -0.05868500843644142 1.5876496473895476
img_773 2.137336492538452 -0.05917052552103996 1.5913799444781702
img_774 2.1131582260131836 -0.05966826528310776 1.5881822744952607
img_775 2.089702844619751 -0.06007609888911247 1.5865834395038054
img_776 2.066293478012085 -0.05964268743991852 1.5868499914752412
img_777 2.043262004852295 -0.05997754633426666 1.5833862463580535
img_778 2.019984722137451 -0.060096073895692825 1.5796559492694304
img_779 1.996523141860962 -0.05988503247499466 1.5796559492694304
img_780 1.9725215435028076 -0.060062769800424576 1.576192204152243
img_781 1.9480361938476562 -0.060369428247213364 1.5775244871722627
img_782 1.923552393913269 -0.06070869043469429 1.5812547842608853
img_783 1.8982913494110107 -0.06174081936478615 1.5847185293780728
img_784 1.8735618591308594 -0.06191056966781616 1.5857842604266568
img_785 1.8486651182174683 -0.0629819706082344 1.5895150343524382
img_786 1.8246679306030273 -0.0634661316871643 1.588981930409567
img_787 1.8010014295578003 -0.06344227492809296 1.589515511189596
img_788 1.7780449390411377 -0.06352324038743973 1.586054627095358
img_789 1.7547651529312134 -0.06349446624517441 1.5839231649981902
img_790 1.7311285734176636 -0.06390947848558426 1.5791266600238245
img_791 1.7079124450683594 -0.0643821731209755 1.5772612730609343
img_792 1.6846364736557007 -0.06421852111816406 1.5780604521380828
img_793 1.6603888273239136 -0.0639408528804779 1.5769947210894988
img_794 1.6353058815002441 -0.06517842411994934 1.5820573011981414
img_795 1.6104028224945068 -0.06580793857574463 1.5863207022296355
img_796 1.5849543809890747 -0.06637759506702423 1.58925182024111
img_797 1.559991478919983 -0.06701291352510452 1.588186089192526
img_798 1.5358675718307495 -0.06711827218532562 1.5905841032611296
img_799 1.5122802257537842 -0.06709622591733932 1.5900509993182588
img_800 1.4892569780349731 -0.06771411746740341 1.588186089192526
img_801 1.465975046157837 -0.06780477613210678 1.582589451466696
img_802 1.4426888227462769 -0.06720665842294693 1.5783260504352017
img_803 1.419291377067566 -0.0673479288816452 1.5788591543780728
img_804 1.3954105377197266 -0.06743575632572174 1.577260319386618
img_805 1.3860981464385986 -0.06721669435501099 1.58232289949526
img_806 1.3860468864440918 -0.06802017241716385 1.5828560034381316
img_807 1.3863470554351807 -0.06784200668334961 1.583122555409567
img_808 1.3862261772155762 -0.067843496799469 1.583122555409567
img_809 1.3817148208618164 -0.06974928826093674 1.5412882010089324
img_810 1.3819936513900757 -0.0685003325343132 1.3814109007464812
img_811 1.381189227104187 -0.06916368752717972 1.225249592457907
img_812 1.3807319402694702 -0.0691845566034317 1.0699170271502898
img_813 1.3792299032211304 -0.06915821135044098 0.9137685934649871
img_814 1.3786981105804443 -0.06865981221199036 0.7573564688311979
img_815 1.3791632652282715 -0.0729626938700676 0.6206577459918424
img_816 1.3809455633163452 -0.07317495346069336 0.6177266279803679
img_817 1.3808625936508179 -0.07100925594568253 0.6102665106402798
img_818 1.37809419631958 -0.06918243318796158 0.46050674120058266
img_819 1.3779621124267578 -0.07127278298139572 0.30701524416078774
img_820 1.3798372745513916 -0.07372253388166428 0.2966240088092252
img_821 1.3799865245819092 -0.07361369580030441 0.2960909048663541
img_822 1.3801043033599854 -0.07364097237586975 0.2960909048663541
img_823 1.3800532817840576 -0.07359332591295242 0.2963574568377897
img_824 1.3800532817840576 -0.07359332591295242 0.2963574568377897
img_825 1.380242109298706 -0.0727769285440445 0.2931593100177213
img_826 1.374309778213501 -0.0509500578045845 0.2787717024432584
img_827 1.368843913078308 -0.02766619250178337 0.2803710142718717
img_828 1.3622376918792725 -0.004598259925842285 0.27850658098329745
img_829 1.3559532165527344 0.017380259931087494 0.27770692506899075
img_830 1.3503953218460083 0.03993164002895355 0.27131349245180325
img_831 1.344628930091858 0.06261506676673889 0.2681158224688931
img_832 1.3389569520950317 0.08563220500946045 0.26411945024599276
img_833 1.3324370384216309 0.1086713895201683 0.2630537191974088
img_834 1.3258830308914185 0.1322038471698761 0.26625138918031893
img_835 1.3191332817077637 0.155493825674057 0.2699821631061002
img_836 1.311905026435852 0.17965038120746613 0.27158099809755526
img_837 1.3039966821670532 0.2034958153963089 0.2777102629290983
img_838 1.2980048656463623 0.2270607054233551 0.27957564989198885
img_839 1.2909624576568604 0.2503257691860199 0.2806413809405728
img_840 1.2846999168395996 0.2730601131916046 0.28010827699770174
img_841 1.278247594833374 0.29548951983451843 0.27770978609193997
img_842 1.272706151008606 0.3181106746196747 0.27264768282045565
img_843 1.2665064334869385 0.34067240357398987 0.2678511778460904
img_844 1.261006236076355 0.36361533403396606 0.26598579088319974
img_845 1.2549107074737549 0.3865200877189636 0.2657192389117642
img_846 1.2484787702560425 0.41002050042152405 0.26598579088319974
img_847 1.2409741878509521 0.4339808225631714 0.26758462587465487
img_848 1.2340301275253296 0.45759299397468567 0.27424651781191073
img_849 1.227043867111206 0.4811362624168396 0.2777116934405728
img_850 1.2206354141235352 0.5047615170478821 0.276113335286276
img_851 1.2140264511108398 0.5282138586044312 0.276646439229147
img_852 1.2071677446365356 0.5509645938873291 0.2803767363177701
img_853 1.200642466545105 0.5736249685287476 0.27717906633485995
img_854 1.194710373878479 0.5963890552520752 0.2731822172748013
img_855 1.1890995502471924 0.6186139583587646 0.2702510992633268
img_856 1.1835739612579346 0.6411747336387634 0.2673199812518521
img_857 1.1774413585662842 0.6647560596466064 0.26332313219179343
img_858 1.1704905033111572 0.6879917979240417 0.2675865332232877
img_859 1.163684368133545 0.71189284324646 0.26945192018617836
img_860 1.156532645225525 0.7358221411705017 0.2726495901690885
img_861 1.1496708393096924 0.7594549655914307 0.2753141562091275
img_862 1.1427273750305176 0.7827504277229309 0.2795775572406217
img_863 1.1336719989776611 0.7939260005950928 0.314483467732565
img_864 1.1350164413452148 0.7938547730445862 0.31128627458681307
img_865 1.1348981857299805 0.79388028383255 0.31128627458681307
img_866 1.1348981857299805 0.79388028383255 0.31128627458681307
img_867 1.1348981857299805 0.79388028383255 0.31128627458681307
img_868 1.1348981857299805 0.79388028383255 0.31128627458681307
img_869 1.1362907886505127 0.7894379496574402 0.43145925203432284
img_870 1.1360620260238647 0.788933277130127 0.5889366308795377
img_871 1.1368134021759033 0.7885626554489136 0.7456210295306608
img_872 1.1384080648422241 0.7886363863945007 0.9025509993182584
img_873 1.1395658254623413 0.7888343334197998 1.0557768980609343
img_874 1.1399544477462769 0.7882934808731079 1.2145946661578582
img_875 1.1396631002426147 0.788550853729248 1.3750103155719204
img_876 1.1395056247711182 0.7886888384819031 1.5364673773394986
img_877 1.1347893476486206 0.788780927658081 1.5777753035174775
img_878 1.1397546529769897 0.7876288294792175 1.5996230284320279
img_879 1.1345499753952026 0.7898185849189758 1.6625121275531218
img_880 1.1342782974243164 0.7888122200965881 1.6651762167560027
img_881 1.1344753503799438 0.7886555194854736 1.6641104857074185
img_882 1.1344053745269775 0.7887541651725769 1.6641104857074185
img_883 1.1344053745269775 0.7887541651725769 1.6641104857074185
img_884 1.1344053745269775 0.7887541651725769 1.6641104857074185
img_885 1.115251064300537 0.7883641123771667 1.649453465138571
img_886 1.0903353691101074 0.7867153882980347 1.649453465138571
img_887 1.0657482147216797 0.7839721441268921 1.653183762227194
img_888 1.041738748550415 0.7823398113250732 1.6537168661700654
img_889 1.0178231000900269 0.7802470326423645 1.654516522084372
img_890 0.9945464730262756 0.7785739302635193 1.6499870459186003
img_891 0.9712307453155518 0.7773540019989014 1.6467893759356904
img_892 0.9483436346054077 0.7761364579200745 1.6427925268756318
img_893 0.9249109625816345 0.7749364376068115 1.6398614088641568
img_894 0.9014365077018738 0.7734875679016113 1.6401279608355923
img_895 0.8775902390480042 0.7721465229988098 1.6401279608355923
img_896 0.8527506589889526 0.7694068551063538 1.6438582579242156
img_897 0.8274201154708862 0.7676228880882263 1.645723644887106
img_898 0.8024495840072632 0.7650833129882812 1.6499870459186003
img_899 0.7781602740287781 0.7623854279518127 1.653451267872946
img_900 0.7540844082832336 0.7601107358932495 1.6531847159015103
img_901 0.7303136587142944 0.7584981322288513 1.6521189848529267
img_902 0.7063760161399841 0.7567222714424133 1.650786701832907
img_903 0.6833087205886841 0.7554334998130798 1.6465233008014124
img_904 0.6604893803596497 0.7541221976280212 1.6425264517413543
img_905 0.6375640630722046 0.7526149153709412 1.6406610647784636
img_906 0.6135255694389343 0.751422643661499 1.6393287817584439
img_907 0.5896303653717041 0.7499224543571472 1.6406610647784636
img_908 0.5648151636123657 0.747696042060852 1.643592182789938
img_909 0.5399598479270935 0.7452185153961182 1.6454575697528289
img_910 0.514915406703949 0.7428551316261292 1.6491878668414517
img_911 0.4905500113964081 0.7403458952903748 1.651319805775778
img_912 0.4662356376647949 0.7387689352035522 1.653983894978659
img_913 0.44231027364730835 0.7368090748786926 1.652118508015768
img_914 0.419045627117157 0.7357184290885925 1.653184239064352
img_915 0.3959019184112549 0.733877420425415 1.6478551069842742
img_916 0.3729725182056427 0.732387125492096 1.6441243330584927
img_917 0.34960952401161194 0.7310559153556824 1.639594380055563
img_918 0.3259138762950897 0.7293181419372559 1.639594380055563
img_919 0.30168065428733826 0.7274383902549744 1.6411932150470183
img_920 0.2771834135055542 0.7258509993553162 1.6417263189898892
img_921 0.25228503346443176 0.7239770293235779 1.6457231680499476
img_922 0.22753514349460602 0.7209290266036987 1.6499865690814424
img_923 0.20311643183231354 0.719096302986145 1.6499865690814424
img_924 0.17830875515937805 0.7168475389480591 1.6537168661700654
img_925 0.15437927842140198 0.7149637937545776 1.6521180311786103
img_926 0.13105501234531403 0.713097870349884 1.6518514792071746
img_927 0.11662429571151733 0.7100344300270081 1.671037022267477
img_928 0.11689361929893494 0.7103772163391113 1.6670401732074185
img_929 0.1168367937207222 0.7103366851806641 1.6665070692645476
img_930 0.11690031737089157 0.7103077173233032 1.6667736212359834
img_931 0.11690031737089157 0.7103077173233032 1.6667736212359834
img_932 0.11690031737089157 0.7103077173233032 1.6667736212359834
img_933 0.11690031737089157 0.7103077173233032 1.6667736212359834
img_934 0.12089317291975021 0.7092189788818359 1.7315357367144988
img_935 0.12175095826387405 0.7092165946960449 1.885268036519186
img_936 0.1224549263715744 0.7101796865463257 2.039015118275778
img_937 0.1229046881198883 0.7100942134857178 2.1986325422870086
img_938 0.12296759337186813 0.7094929218292236 2.356101814900534
img_939 0.1225581020116806 0.7091328501701355 2.518113676701681
img_940 0.12261674553155899 0.707899272441864 2.6838348547564905
img_941 0.1224074587225914 0.7073954343795776 2.84407097498049
img_942 0.12284638732671738 0.7065655589103699 3.0065389315234587
img_943 0.1228402704000473 0.7062613368034363 -3.115706205368042
img_944 0.1223486065864563 0.7063695788383484 -2.9555602073669434
img_945 0.12123121321201324 0.7013606429100037 -2.9054653644561768
img_946 0.12166955322027206 0.7017770409584045 -2.9062647819519043
img_947 0.1216413602232933 0.7018946409225464 -2.9078636169433594
img_948 0.1216413602232933 0.7018946409225464 -2.9078636169433594
img_949 0.1216413602232933 0.7018946409225464 -2.9078636169433594
img_950 0.1216413602232933 0.7018946409225464 -2.9078636169433594
img_951 0.1216413602232933 0.7018946409225464 -2.9078636169433594
img_952 0.1216413602232933 0.7018946409225464 -2.9078636169433594
img_953 0.1216413602232933 0.7018946409225464 -2.9078636169433594
img_954 0.12026451528072357 0.6972785592079163 -2.9262492656707764
img_955 0.1243177205324173 0.6743376851081848 -2.9350426197052
img_956 0.1283215433359146 0.6518256068229675 -2.9347760677337646
img_957 0.1327255815267563 0.6289657950401306 -2.941704034805298
img_958 0.13718128204345703 0.6055663228034973 -2.9430360794067383
img_959 0.14156202971935272 0.582024335861206 -2.944901466369629
img_960 0.1463577300310135 0.5581362843513489 -2.9430363178253174
img_961 0.15179549157619476 0.5341202020645142 -2.940903663635254
img_962 0.15710487961769104 0.5094208121299744 -2.9371747970581055
img_963 0.16313575208187103 0.48566144704818726 -2.9321115016937256
img_964 0.16840311884880066 0.4615570604801178 -2.929446220397949
img_965 0.17334488034248352 0.43745315074920654 -2.9289133548736572
img_966 0.17846223711967468 0.4142516851425171 -2.9289133548736572
img_967 0.18326473236083984 0.3918468952178955 -2.9339759349823
img_968 0.18761835992336273 0.36897826194763184 -2.935041666030884
img_969 0.19163170456886292 0.34590980410575867 -2.938772678375244
img_970 0.19631272554397583 0.322800874710083 -2.944101572036743
img_971 0.20057454705238342 0.29954537749290466 -2.9494307041168213
img_972 0.2054445743560791 0.2757941484451294 -2.943568706512451
img_973 0.2106412649154663 0.2514922320842743 -2.9411704540252686
img_974 0.21732822060585022 0.23014767467975616 -2.9243838787078857
img_975 0.21817339956760406 0.23101526498794556 -2.91505765914917
img_976 0.21810536086559296 0.23099958896636963 -2.9147911071777344
img_977 0.21803733706474304 0.2309838980436325 -2.914524555206299
img_978 0.21803733706474304 0.2309838980436325 -2.914524555206299
img_979 0.21675215661525726 0.22677761316299438 -2.931311845779419
img_980 0.2164108157157898 0.22670476138591766 -3.0850441455841064
img_981 0.21609783172607422 0.22729264199733734 3.034526650105612
img_982 0.21610835194587708 0.22771717607975006 2.8751788775073455
img_983 0.21614018082618713 0.2278338223695755 2.716899458562033
img_984 0.2161884307861328 0.2273475080728531 2.5604816118823455
img_985 0.2164863795042038 0.22621150314807892 2.4040687719928187
img_986 0.21612347662448883 0.22482582926750183 2.2492588202105925
img_987 0.21581591665744781 0.2245330661535263 2.0944545904742644
img_988 0.2152574062347412 0.22404932975769043 1.9364336172686978
img_989 0.2153834104537964 0.22439660131931305 1.7768200079547332
img_990 0.21574769914150238 0.22472235560417175 1.6150758902179163
img_991 0.21639646589756012 0.22513625025749207 1.4527276198016568
img_992 0.2175092250108719 0.2258109450340271 1.288684670125143
img_993 0.21826444566249847 0.22581012547016144 1.126392189656393
img_994 0.2189512550830841 0.22598600387573242 0.9661477247821257
img_995 0.2183557152748108 0.2255493402481079 0.8084800879107877
img_996 0.2181808352470398 0.22571633756160736 0.6518200079547328
img_997 0.21673470735549927 0.22605782747268677 0.4943402449237272
img_998 0.21601565182209015 0.22628839313983917 0.34485894838442055
img_999 0.21507015824317932 0.22241534292697906 0.20336419740785802
img_1000 0.21536557376384735 0.22426630556583405 0.17831927934755523
img_1001 0.21444843709468842 0.2220737338066101 0.10504419008363923
img_1002 0.216494619846344 0.2269710749387741 0.0847914854632779
img_1003 0.21432021260261536 0.2220533937215805 0.02457124391664703
img_1004 0.21391035616397858 0.2216804474592209 0.01737672487367828
img_1005 0.21404996514320374 0.22168287634849548 0.01631099382509429
img_1006 0.21404996514320374 0.22168287634849548 0.017110172902242725
img_1007 0.21404996514320374 0.22168287634849548 0.017110172902242725
img_1008 0.21404996514320374 0.22168287634849548 0.017110172902242725
img_1009 0.21404996514320374 0.22168287634849548 0.017110172902242725
img_1010 0.21730981767177582 0.20051443576812744 -0.005805190409524852
img_1011 0.21828366816043854 0.17583921551704407 -0.01273363431821626
img_1012 0.21845665574073792 0.1510491818189621 -0.018861468638284622
img_1013 0.21551330387592316 0.13199342787265778 0.007255379353658745
img_1014 0.21802039444446564 0.12318546324968338 -0.015390570963724072
img_1015 0.21588526666164398 0.10241646319627762 -0.0023333390606478984
img_1016 0.21582826972007751 0.07799255847930908 -0.001534159983499461
img_1017 0.21060419082641602 0.06330748647451401 0.038971726094381404
img_1018 0.21298633515834808 0.061343200504779816 0.024583164845602107
img_1019 0.2127012014389038 0.061578113585710526 0.02191859880556304
img_1020 0.2127012014389038 0.061578113585710526 0.02191859880556304
img_1021 0.2127012014389038 0.061578113585710526 0.02191859880556304
img_1022 0.2127012014389038 0.061578113585710526 0.02191859880556304
