img_0 0.0 0.0 0.0
img_1 0.0 0.0 0.0
img_2 0.001661282847635448 -0.0022652086336165667 -0.012585481628775597
img_3 0.012554800137877464 -0.002034853445366025 -0.015531846322119238
img_4 0.02493647113442421 -0.0014923990238457918 -0.014460697770118717
img_5 0.036982227116823196 -0.0018502338789403439 -0.014193000271916391
img_6 0.049427274614572525 -0.0012925011105835438 -0.012051839381456379
img_7 0.06152303144335747 -0.0013157648500055075 -0.010444290935993196
img_8 0.07361182570457458 -0.0005854420596733689 -0.008838690817356108
img_9 0.0856606736779213 -0.000753148808144033 -0.008570988662540913
img_10 0.09786081314086914 -0.0001842378405854106 -0.006964293308556082
img_11 0.10994749516248703 -0.0001459923223592341 -0.006161120720207692
img_12 0.12189729511737823 0.00027016273816116154 -0.005090025253593921
img_13 0.13402122259140015 0.0005145305185578763 -0.005357772577553988
img_14 0.1463213562965393 0.0006934868288226426 -0.00455454783514142
img_15 0.15858463943004608 0.0008212601533159614 -0.003483672626316548
img_16 0.17046064138412476 0.0007798871374689043 -0.003483670763671399
img_17 0.1828705221414566 0.0010428213281556964 -0.0042871441692113885
img_18 0.19474291801452637 0.0008695117430761456 -0.0034840402659028773
img_19 0.20697081089019775 0.0011941465782001615 -0.005357983522117138
img_20 0.21934114396572113 0.0010054202284663916 -0.004286885261535646
img_21 0.23182791471481323 0.0007680695853196084 -0.004018884152173998
img_22 0.2440118044614792 0.0007802713080309331 -0.005624116864055397
img_23 0.2563793659210205 0.0007107136189006269 -0.006159515585750343
img_24 0.268818736076355 0.0003892163513228297 -0.006427273619920017
img_25 0.2809408903121948 0.0004949319991283119 -0.007498145103454591
img_26 0.29380643367767334 0.0002760079223662615 -0.008569306693971157
img_27 0.3060673475265503 0.00010972979362122715 -0.008301599882543089
img_28 0.31875526905059814 -0.000179282360477373 -0.010443893261253836
img_29 0.33090972900390625 -0.0004286502371542156 -0.010979321785271168
img_30 0.3435978591442108 -0.0007516618352383375 -0.01231836248189211
img_31 0.35578617453575134 -0.0010854441206902266 -0.013121492229402065
img_32 0.36836591362953186 -0.0013729635393247008 -0.014460275880992414
img_33 0.38055720925331116 -0.001488052192144096 -0.016066558659076694
img_34 0.393242746591568 -0.0018755835480988026 -0.017405521124601368
img_35 0.40511226654052734 -0.0022046330850571394 -0.018208645284175876
img_36 0.41719889640808105 -0.0023022969253361225 -0.019815027713775638
img_37 0.4295744001865387 -0.002180165611207485 -0.021153846755623824
img_38 0.4420467019081116 -0.0025052737910300493 -0.02088609337806702
img_39 0.4541727304458618 -0.00257485662586987 -0.021153889596462253
img_40 0.4662591814994812 -0.002708118874579668 -0.02195709012448788
img_41 0.47884857654571533 -0.002494762185961008 -0.021689353510737423
img_42 0.4843665659427643 -0.0007163364207372069 -0.034273523837327964
img_43 0.4845452308654785 -0.0006612211582250893 -0.034005817025899894
img_44 0.48454105854034424 -0.000783600436989218 -0.034005817025899894
img_45 0.48454105854034424 -0.000783600436989218 -0.034005817025899894
img_46 0.48294952511787415 0.0023333318531513214 -0.02034955844283104
img_47 0.4826989769935608 0.014339008368551731 -0.016601128503680233
img_48 0.48272451758384705 0.026523413136601448 -0.016868900507688522
img_49 0.4830422103404999 0.039068713784217834 -0.016868898645043373
img_50 0.4829399883747101 0.05186726897954941 -0.014458978548645975
img_51 0.48273274302482605 0.06441915035247803 -0.011514124460518362
img_52 0.4826644957065582 0.07690947502851486 -0.009104238823056221
img_53 0.48239099979400635 0.08958941698074341 -0.006961350329220297
img_54 0.4824430048465729 0.10213376581668854 -0.003481945022940636
img_55 0.4819214344024658 0.11474590003490448 -0.0016077255131676797
img_56 0.481729656457901 0.1273566633462906 -0.0008044784190133216
img_57 0.48195165395736694 0.13972127437591553 -1.2752716429531574e-06
img_58 0.4816689193248749 0.1524546593427658 0.000534247315954417
img_59 0.48173314332962036 0.16457855701446533 -1.3874960131943226e-06
img_60 0.48176848888397217 0.17687997221946716 -0.00026906916173174983
img_61 0.48191314935684204 0.18912166357040405 -0.002143097575753927
img_62 0.48225632309913635 0.20081418752670288 -0.0037497349549084906
img_63 0.482372909784317 0.21305561065673828 -0.005891486536711455
img_64 0.48258280754089355 0.22468580305576324 -0.007765766233205796
img_65 0.4831330478191376 0.23637375235557556 -0.008836727589368822
img_66 0.4834500849246979 0.24824878573417664 -0.01124678086489439
img_67 0.48386359214782715 0.2598753571510315 -0.011782256886363031
img_68 0.48393428325653076 0.2718735337257385 -0.012853239662945274
img_69 0.48412618041038513 0.2840532660484314 -0.013120975345373154
img_70 0.48435431718826294 0.2960505485534668 -0.01204989477992058
img_71 0.4843258857727051 0.30835530161857605 -0.013120820745825771
img_72 0.48449134826660156 0.32096439599990845 -0.011514350771903992
img_73 0.4843524098396301 0.3334544897079468 -0.00937240943312645
img_74 0.48404645919799805 0.3460697531700134 -0.007765728048980237
img_75 0.4840030372142792 0.35867974162101746 -0.00508847599849105
img_76 0.48385441303253174 0.37117820978164673 -0.004284609574824573
img_77 0.48334336280822754 0.3837812840938568 -0.0008065372239798309
img_78 0.4833182394504547 0.39645418524742126 0.0018712163437157872
img_79 0.4830119013786316 0.4090644419193268 0.0024067307822406296
img_80 0.48301705718040466 0.42161300778388977 0.004548610188066959
img_81 0.48271313309669495 0.4340386390686035 0.004816367756575347
img_82 0.4827592968940735 0.44646555185317993 0.004816369619220496
img_83 0.4827347993850708 0.4588935673236847 0.00454859621822834
img_84 0.482608437538147 0.47113505005836487 0.002674543531611562
img_85 0.4830356240272522 0.48319491744041443 0.0016036251327022912
img_86 0.48446837067604065 0.4934207499027252 -0.00857133697718382
img_87 0.4851107895374298 0.4941498339176178 -0.01419382728636265
img_88 0.4851107895374298 0.4941498339176178 -0.01419382728636265
img_89 0.4851107895374298 0.4941498339176178 -0.01419382728636265
img_90 0.48141106963157654 0.4949983060359955 -0.023030474781990055
img_91 0.4690544605255127 0.4958954453468323 -0.027315834537148476
img_92 0.45729249715805054 0.49615558981895447 -0.029724651947617534
img_93 0.445191890001297 0.4959029257297516 -0.029724653810262684
img_94 0.4331246316432953 0.4955880343914032 -0.029992418363690383
img_95 0.42112618684768677 0.49515193700790405 -0.03079557977616788
img_96 0.4089205861091614 0.494976669549942 -0.031598903238773346
img_97 0.39710280299186707 0.49473777413368225 -0.03213439136743546
img_98 0.3849679231643677 0.4945766031742096 -0.03186662495136261
img_99 0.37289294600486755 0.4940428137779236 -0.03293761610984803
img_100 0.36072564125061035 0.49395373463630676 -0.033205363899469376
img_101 0.3484848439693451 0.49374791979789734 -0.03374080359935761
img_102 0.33634668588638306 0.49348390102386475 -0.03427629172801972
img_103 0.3242119252681732 0.49334871768951416 -0.03481180965900421
img_104 0.3118317127227783 0.4932898283004761 -0.03427628800272942
img_105 0.29935264587402344 0.49341148138046265 -0.03615051135420799
img_106 0.2866615653038025 0.4935641884803772 -0.036418266594409936
img_107 0.274850457906723 0.4936269521713257 -0.0361504890024662
img_108 0.2624755799770355 0.49370697140693665 -0.03481178358197212
img_109 0.2502352297306061 0.4935208261013031 -0.03454408422112464
img_110 0.23751941323280334 0.49396026134490967 -0.03454408422112464
img_111 0.22525231540203094 0.4940779209136963 -0.03400859236717224
img_112 0.21295656263828278 0.49437373876571655 -0.03320538625121117
img_113 0.20064663887023926 0.4944149851799011 -0.03240180388092995
img_114 0.18817974627017975 0.49475786089897156 -0.03186650201678277
img_115 0.17587372660636902 0.49478262662887573 -0.03025984205305577
img_116 0.16375437378883362 0.49508821964263916 -0.028385531157255176
img_117 0.1513572335243225 0.49550145864486694 -0.026779230684041977
img_118 0.13916049897670746 0.49552199244499207 -0.025976009666919708
img_119 0.12675727903842926 0.4957830011844635 -0.02517273463308812
img_120 0.1141720712184906 0.495854914188385 -0.023833887651562687
img_121 0.10195103287696838 0.49626868963241577 -0.023566162213683132
img_122 0.08961912989616394 0.49649813771247864 -0.02249523252248764
img_123 0.077110156416893 0.49677959084510803 -0.02249523252248764
img_124 0.06494525820016861 0.49668586254119873 -0.021959656849503517
img_125 0.05250675231218338 0.4968366026878357 -0.02169195003807545
img_126 0.04027789831161499 0.49710190296173096 -0.020620685070753098
img_127 0.02811218425631523 0.4967406392097473 -0.020085282623767853
img_128 0.015916671603918076 0.4968019127845764 -0.02088859863579273
img_129 0.0032569430768489838 0.49657657742500305 -0.0214240774512291
img_130 -0.006998471915721893 0.49679630994796753 -0.014456944540143015
img_131 -0.006916418205946684 0.4951435327529907 -0.008838998153805733
img_132 -0.006952312309294939 0.4950826168060303 -0.008571161888539791
img_133 -0.006952312309294939 0.4950826168060303 -0.008571161888539791
img_134 -0.00670862989500165 0.49465206265449524 -0.010445130988955501
img_135 -0.0057584005407989025 0.4841127097606659 -0.019280649721622467
img_136 -0.005919089075177908 0.47211235761642456 -0.020619727671146396
img_137 -0.005862353835254908 0.4594399333000183 -0.020619727671146396
img_138 -0.005834624171257019 0.4470689296722412 -0.023565502837300304
img_139 -0.00591976847499609 0.43445733189582825 -0.025171961635351184
img_140 -0.00595451146364212 0.4218440651893616 -0.02892036736011505
img_141 -0.005965881515294313 0.40922650694847107 -0.030794940888881687
img_142 -0.00584125891327858 0.3960580825805664 -0.03400719538331031
img_143 -0.0059417556039988995 0.38374489545822144 -0.0372215285897255
img_144 -0.006033932324498892 0.3708205223083496 -0.040167305618524544
img_145 -0.006078747566789389 0.35827189683914185 -0.04284289479255676
img_146 -0.0066084954887628555 0.3459146022796631 -0.04444979131221772
img_147 -0.006777696777135134 0.33336341381073 -0.04578823223710061
img_148 -0.007288872729986906 0.32143503427505493 -0.046056028455495834
img_149 -0.0077056121081113815 0.3093228340148926 -0.04712683707475663
img_150 -0.008362418971955776 0.2976471483707428 -0.04712684080004692
img_151 -0.008921931497752666 0.2857834994792938 -0.047930158674716956
img_152 -0.009408533573150635 0.2741638422012329 -0.04766244441270829
img_153 -0.010044964961707592 0.2623046934604645 -0.04632368311285973
img_154 -0.010659870691597462 0.25056663155555725 -0.04659144952893258
img_155 -0.011354095302522182 0.2387121021747589 -0.046323742717504494
img_156 -0.011844835244119167 0.22659932076931 -0.046055957674980164
img_157 -0.012532716616988182 0.21474432945251465 -0.0457882545888424
img_158 -0.012745669111609459 0.20237493515014648 -0.046859309077262885
img_159 -0.01320465188473463 0.19032371044158936 -0.04846580326557161
img_160 -0.013444782234728336 0.17807777225971222 -0.050340060144662864
img_161 -0.013796953484416008 0.16546861827373505 -0.05248213931918145
img_162 -0.014201799407601357 0.15304535627365112 -0.05515976622700691
img_163 -0.01426182221621275 0.14042124152183533 -0.05997841432690621
img_164 -0.014821790158748627 0.1275518834590912 -0.06158797070384027
img_165 -0.015181515365839005 0.11484043300151825 -0.065596841275692
img_166 -0.01555367186665535 0.10216591507196426 -0.06827434152364732
img_167 -0.01575654000043869 0.08935654163360596 -0.07255809009075165
img_168 -0.01619027741253376 0.07705159485340118 -0.07684196531772615
img_169 -0.016726115718483925 0.06456693261861801 -0.08005520701408386
img_170 -0.017282485961914062 0.05232810229063034 -0.08246514946222304
img_171 -0.018260646611452103 0.040064506232738495 -0.08353599160909655
img_172 -0.018889673054218292 0.027892714366316795 -0.08648121356964113
img_173 -0.019815074279904366 0.015991289168596268 -0.08728445321321489
img_174 -0.02034679427742958 0.004238446243107319 -0.08701668679714203
img_175 -0.021635131910443306 0.0020772344432771206 -0.07470011711120605
img_176 -0.0217457115650177 0.0020239688456058502 -0.07389485090970994
img_177 -0.021706048399209976 0.0020822561345994473 -0.07416190207004546
img_178 -0.021706048399209976 0.0020822561345994473 -0.07416190207004546
img_179 -0.023931697010993958 -0.00020772218704223633 -0.130923867225647
img_180 -0.024039899930357933 5.352107109501958e-05 -0.20456054806709292
img_181 -0.024148039519786835 0.0005760358180850744 -0.2752359211444855
img_182 -0.02449113503098488 0.0011818248312920332 -0.3477986156940461
img_183 -0.02443704567849636 0.0012273279717192054 -0.4187502264976502
img_184 -0.024697374552488327 0.0019462706986814737 -0.49184960126876837
img_185 -0.02469288744032383 0.001804966595955193 -0.5638759136199951
img_186 -0.024436840787529945 0.0020776179153472185 -0.6375061273574829
img_187 -0.024436840787529945 0.002077617682516575 -0.7097938656806947
img_188 -0.024370133876800537 0.002101019024848938 -0.7839666604995729
img_189 -0.02453848533332348 0.002182444790378213 -0.8573273420333865
img_190 -0.0245386753231287 0.0014343645889312029 -0.9314951300621034
img_191 -0.024454336613416672 0.0013209243770688772 -1.0064572095870974
img_192 -0.024820374324917793 0.0007545626722276211 -1.0817005634307864
img_193 -0.024625347927212715 0.0002578409039415419 -1.1563984155654907
img_194 -0.024948228150606155 0.000231655067182146 -1.2319079637527468
img_195 -0.0252680703997612 -0.0005180987063795328 -1.3071398735046387
img_196 -0.025286493822932243 -0.00044984871055930853 -1.3829199075698855
img_197 -0.026049356907606125 -0.0010266727767884731 -1.4576354026794436
img_198 -0.02602541446685791 -0.0012373486533761024 -1.5323288440704346
img_199 -0.026158615946769714 -0.0009595483425073326 -1.6072918176651
img_200 -0.0235886313021183 -0.002715653507038951 -1.6206796169281006
img_201 -0.023766743019223213 -0.002600611886009574 -1.619876503944397
img_202 -0.023647917434573174 -0.002677225274965167 -1.619608759880066
img_203 -0.023647917434573174 -0.002677225274965167 -1.619608759880066
img_204 -0.015004041604697704 -0.001400790293700993 -1.6083618402481081
img_205 -0.0025755316019058228 -0.0016202966216951609 -1.6040774583816528
img_206 0.009919325821101665 -0.0015413269866257906 -1.6003297567367558
img_207 0.022724000737071037 -0.0013892084825783968 -1.5963133573532104
img_208 0.035343416035175323 -0.0012163096107542515 -1.5933680534362793
img_209 0.04814677685499191 -0.0009044194594025612 -1.5896198749542239
img_210 0.06051657348871231 -0.000854473328217864 -1.5874776840209963
img_211 0.07325442880392075 -0.0007841511978767812 -1.5853353738784788
img_212 0.08561784029006958 -0.0008225638302974403 -1.5834615230560303
img_213 0.09816853702068329 -0.0007341239834204316 -1.582390546798706
img_214 0.1104111298918724 -0.0010174786439165473 -1.582658290863037
img_215 0.12247021496295929 -0.001054502441547811 -1.582658290863037
img_216 0.13452602922916412 -0.0014449362643063068 -1.582926034927368
img_217 0.14652341604232788 -0.0015197833999991417 -1.583996891975403
img_218 0.158335343003273 -0.001852457644417882 -1.584532380104065
img_219 0.17014655470848083 -0.0021207400131970644 -1.585335612297058
img_220 0.18202009797096252 -0.002434785244986415 -1.5872100591659544
img_221 0.1939488649368286 -0.0029486888088285923 -1.5888164043426516
img_222 0.20576009154319763 -0.003267602762207389 -1.5904229879379272
img_223 0.21787410974502563 -0.0037174876779317856 -1.5912262201309206
img_224 0.22974568605422974 -0.004101472441107035 -1.5931006669998173
img_225 0.24204151332378387 -0.004623232409358025 -1.5949748754501345
img_226 0.2542894184589386 -0.00456590112298727 -1.59390389919281
img_227 0.26671266555786133 -0.004817675333470106 -1.5920298099517824
img_228 0.27908235788345337 -0.0047975401394069195 -1.5890843868255615
img_229 0.2916342318058014 -0.004709003493189812 -1.5874780416488647
img_230 0.3041895925998688 -0.0045296004973351955 -1.5845324993133547
img_231 0.31680306792259216 -0.00442009512335062 -1.5823904275894167
img_232 0.32947638630867004 -0.0043196287006139755 -1.5789097547531126
img_233 0.3420312702655792 -0.004032621160149574 -1.5767672061920168
img_234 0.3549465835094452 -0.0037210602313280106 -1.5746257305145264
img_235 0.36737462878227234 -0.0035212431102991104 -1.5735546350479128
img_236 0.37992656230926514 -0.0034498157911002636 -1.5719478130340578
img_237 0.3924114406108856 -0.003322858829051256 -1.5716801881790161
img_238 0.40453270077705383 -0.0031921970658004284 -1.5706090927124023
img_239 0.41677582263946533 -0.0033312770538032055 -1.5716800689697266
img_240 0.4285905361175537 -0.0037305052392184734 -1.5730189085006718
img_241 0.4405253529548645 -0.004075079225003719 -1.5738220214843754
img_242 0.45240381360054016 -0.00396962184458971 -1.5751609802246094
img_243 0.46409285068511963 -0.004409372806549072 -1.5773026943206785
img_244 0.47038504481315613 -0.006464975420385599 -1.5933682918548588
img_245 0.4699638783931732 -0.006137335207313299 -1.5909588336944585
img_246 0.4699638783931732 -0.006137335207313299 -1.5909588336944585
img_247 0.4699638783931732 -0.006137335207313299 -1.5909588336944585
img_248 0.47183895111083984 0.001815382856875658 -1.6003316640853886
img_249 0.47084346413612366 0.013725338503718376 -1.5995284318923952
img_250 0.47095203399658203 0.02602648362517357 -1.6003316640853886
img_251 0.4706369638442993 0.038162536919116974 -1.602473497390747
img_252 0.47071945667266846 0.05043060705065727 -1.6027412414550783
img_253 0.4703157842159271 0.06271322071552277 -1.605418562889099
img_254 0.4702545404434204 0.0750926285982132 -1.6048830747604372
img_255 0.470174640417099 0.08711878955364227 -1.6062217950820925
img_256 0.4700009822845459 0.09950397163629532 -1.6064895391464233
img_257 0.47000283002853394 0.11156351864337921 -1.607560515403748
img_258 0.46996811032295227 0.12394308298826218 -1.6062217950820925
img_259 0.47009411454200745 0.13614343106746674 -1.6070252656936646
img_260 0.47004765272140503 0.14837783575057983 -1.6067576408386233
img_261 0.4699227511882782 0.16022901237010956 -1.6054190397262575
img_262 0.4701662063598633 0.17256373167037964 -1.6051512956619263
img_263 0.4702264368534088 0.1850086748600006 -1.6048835515975952
img_264 0.47051361203193665 0.19702312350273132 -1.6038124561309812
img_265 0.4703771471977234 0.20958095788955688 -1.601938247680664
img_266 0.470628947019577 0.2215956747531891 -1.601670503616333
img_267 0.4708927869796753 0.23410414159297943 -1.6000641584396365
img_268 0.47125503420829773 0.24647736549377441 -1.5995283126831055
img_269 0.4714919328689575 0.25897955894470215 -1.5987255573272705
img_270 0.4717835783958435 0.2716144621372223 -1.5979210138320925
img_271 0.47205451130867004 0.28385382890701294 -1.5981882810592654
img_272 0.4722748100757599 0.2963642179965973 -1.5957784652709963
img_273 0.4724631905555725 0.3088037669658661 -1.5955107212066653
img_274 0.4725275933742523 0.32131874561309814 -1.594707369804382
img_275 0.4730094373226166 0.333785742521286 -1.595778226852417
img_276 0.47307366132736206 0.34615981578826904 -1.5928325653076172
img_277 0.47322380542755127 0.35852810740470886 -1.593903422355652
img_278 0.4731995463371277 0.37072670459747314 -1.5931000709533696
img_279 0.47316548228263855 0.3829232156276703 -1.5922968387603762
img_280 0.4733074903488159 0.3952215015888214 -1.5906904935836794
img_281 0.47299641370773315 0.4072812497615814 -1.5909582376480105
img_282 0.47299671173095703 0.4194428324699402 -1.5896193981170652
img_283 0.4729175269603729 0.431498259305954 -1.5898871421813967
img_284 0.4730285704135895 0.4437274932861328 -1.5896193981170652
img_285 0.47270724177360535 0.4559289216995239 -1.5904226303100588
img_286 0.4725772440433502 0.4680195748806 -1.5904226303100588
img_287 0.47214043140411377 0.48008492588996887 -1.591493844985962
img_288 0.47013527154922485 0.486736536026001 -1.583194136619568
img_289 0.4704998731613159 0.4865199625492096 -1.5856037139892583
img_290 0.47043919563293457 0.48655620217323303 -1.5853359699249272
img_291 0.47043919563293457 0.48655620217323303 -1.5853359699249272
img_292 0.4664946496486664 0.4847051203250885 -1.6022017002105715
img_293 0.45439329743385315 0.48543882369995117 -1.5987216234207153
img_294 0.4424690902233124 0.48609012365341187 -1.5963118076324463
img_295 0.43010467290878296 0.48626425862312317 -1.5981858968734743
img_296 0.417925626039505 0.4865625500679016 -1.597650408744812
img_297 0.40549352765083313 0.4865075945854187 -1.5997922420501713
img_298 0.39301010966300964 0.4868696630001068 -1.601398825645447
img_299 0.38027551770210266 0.48697665333747864 -1.6027374267578127
img_300 0.3677169680595398 0.486918181180954 -1.6054151058197021
img_301 0.3551051914691925 0.48707208037376404 -1.6091632843017576
img_302 0.3423614799976349 0.4870660603046417 -1.612108826637268
img_303 0.32974228262901306 0.4870924949645996 -1.615857005119324
img_304 0.31705278158187866 0.4869924485683441 -1.6201411485672
img_305 0.3046334385871887 0.4874288737773895 -1.6214797496795654
img_306 0.2921261191368103 0.48777973651885986 -1.6244299411773684
img_307 0.27990177273750305 0.4880826473236084 -1.6263010501861572
img_308 0.2676098048686981 0.48865941166877747 -1.6271044015884402
img_309 0.25563114881515503 0.4893346130847931 -1.6279076337814333
img_310 0.24365651607513428 0.4900900423526764 -1.627372145652771
img_311 0.23184749484062195 0.49051108956336975 -1.6284431219100952
img_312 0.2203061580657959 0.49135416746139526 -1.6287108659744265
img_313 0.20838791131973267 0.4920097887516022 -1.627372264862061
img_314 0.1967209279537201 0.4927767515182495 -1.627372264862061
img_315 0.18485428392887115 0.4933072030544281 -1.626836657524109
img_316 0.17295023798942566 0.4942227900028229 -1.626568913459778
img_317 0.16065987944602966 0.4948027729988098 -1.626568913459778
img_318 0.14860807359218597 0.4952986240386963 -1.6279077529907229
img_319 0.13644155859947205 0.4958880543708801 -1.6303172111511233
img_320 0.12400829792022705 0.4961686432361603 -1.6321916580200195
img_321 0.1115136593580246 0.4964410066604614 -1.6359400749206543
img_322 0.0990142747759819 0.49668967723846436 -1.6394211053848267
img_323 0.08634679764509201 0.49717068672180176 -1.6431692838668825
img_324 0.07367498427629471 0.49762871861457825 -1.6466500759124758
img_325 0.06091577559709549 0.49774783849716187 -1.6514691114425661
img_326 0.048200614750385284 0.49849215149879456 -1.6552178859710691
img_327 0.03558821231126785 0.4989919662475586 -1.6595015525817873
img_328 0.023095659911632538 0.49953514337539673 -1.663786768913269
img_329 0.0107826953753829 0.5000090599060059 -1.6664640903472903
img_330 -0.001529499888420105 0.49991199374198914 -1.6664640903472903
img_331 -0.013639739714562893 0.49990296363830566 -1.6664640903472903
img_332 -0.022784020751714706 0.5013840794563293 -1.6546826362609863
img_333 -0.022737829014658928 0.5012028813362122 -1.6520053148269656
img_334 -0.022737829014658928 0.5012028813362122 -1.6520053148269656
img_335 -0.022737829014658928 0.5012028813362122 -1.6520053148269656
img_336 -0.02404816634953022 0.49868565797805786 -1.6493279933929446
img_337 -0.024383340030908585 0.4858434498310089 -1.646918296813965
img_338 -0.024076387286186218 0.4737674295902252 -1.64557945728302
img_339 -0.02388068288564682 0.4616325795650482 -1.6463826894760132
img_340 -0.02348756417632103 0.4497998356819153 -1.64557945728302
img_341 -0.02342977188527584 0.4374608099460602 -1.64557945728302
img_342 -0.02308551035821438 0.4256666898727417 -1.6437050104141238
img_343 -0.022989148274064064 0.4135401248931885 -1.6437050104141238
img_344 -0.022511068731546402 0.40159955620765686 -1.6429018974304197
img_345 -0.022654278203845024 0.3894209861755371 -1.6418309211730961
img_346 -0.0223444364964962 0.377385675907135 -1.6402242183685303
img_347 -0.02183954045176506 0.3652361333370209 -1.6402242183685303
img_348 -0.02189643867313862 0.3529450595378876 -1.638349771499634
img_349 -0.021544795483350754 0.3409140706062317 -1.6375466585159302
img_350 -0.021441899240016937 0.3286857306957245 -1.6367433071136475
img_351 -0.021225687116384506 0.3161699175834656 -1.6364755630493162
img_352 -0.021417461335659027 0.3039262294769287 -1.6351367235183716
img_353 -0.021045319736003876 0.2916136682033539 -1.6332626342773442
img_354 -0.020957762375473976 0.27928417921066284 -1.6348692178726196
img_355 -0.020930742844939232 0.26727771759033203 -1.6324597597122192
img_356 -0.0209183469414711 0.25456365942955017 -1.6337985992431645
img_357 -0.020697422325611115 0.2425098717212677 -1.6340663433074953
img_358 -0.02092302218079567 0.23023484647274017 -1.6337985992431645
img_359 -0.020887596532702446 0.2181575447320938 -1.6343340873718262
img_360 -0.02099878154695034 0.20580410957336426 -1.6354051828384402
img_361 -0.020946774631738663 0.19333502650260925 -1.6364760398864748
img_362 -0.021183403208851814 0.18134230375289917 -1.637279391288757
img_363 -0.021204102784395218 0.16905376315116882 -1.6394212245941162
img_364 -0.021500280126929283 0.15670955181121826 -1.6404923200607302
img_365 -0.021853500977158546 0.14461736381053925 -1.6412955522537231
img_366 -0.021699216216802597 0.1320279836654663 -1.6431698799133303
img_367 -0.022280726581811905 0.11977455019950867 -1.642902135848999
img_368 -0.022434204816818237 0.10744843631982803 -1.644509434700012
img_369 -0.02281901054084301 0.09476025402545929 -1.6450446844100952
img_370 -0.023131418973207474 0.08230741322040558 -1.6461157798767088
img_371 -0.023462429642677307 0.06978653371334076 -1.6461157798767088
img_372 -0.023480281233787537 0.05734580382704735 -1.646919131278992
img_373 -0.023571856319904327 0.04487524926662445 -1.648793458938599
img_374 -0.023734038695693016 0.03258800879120827 -1.6477226018905642
img_375 -0.02425464801490307 0.020258603617548943 -1.648793458938599
img_376 -0.023471049964427948 0.008284974843263626 -1.648793458938599
img_377 -0.02277494966983795 0.008549622260034084 -1.6528096199035647
img_378 -0.022833064198493958 0.00858986098319292 -1.6525418758392334
img_379 -0.022833064198493958 0.00858986098319292 -1.6525418758392334
img_380 -0.024163441732525826 0.008095977827906609 -1.6587004661560056
img_381 -0.02546970173716545 0.00931091234087944 -1.729114294052124
img_382 -0.025612901896238327 0.009190601296722889 -1.8024829626083376
img_383 -0.025222985073924065 0.009243855252861977 -1.8761093616485598
img_384 -0.025318516418337822 0.009348083287477493 -1.9486755132675173
img_385 -0.024663016200065613 0.00950615480542183 -2.0212345123291016
img_386 -0.024693790823221207 0.009442517533898354 -2.0940637588500977
img_387 -0.02391640469431877 0.009810052812099457 -2.1658172607421875
img_388 -0.023722350597381592 0.009550669230520725 -2.237309694290161
img_389 -0.023267684504389763 0.009732630103826523 -2.3087987899780273
img_390 -0.022672031074762344 0.009477606043219566 -2.3811028003692627
img_391 -0.022468678653240204 0.009417652152478695 -2.4525742530822754
img_392 -0.021806634962558746 0.00916983187198639 -2.525407075881958
img_393 -0.021851254627108574 0.008988196030259132 -2.5987777709960938
img_394 -0.021423492580652237 0.009031767956912518 -2.6705362796783447
img_395 -0.02174207754433155 0.008800830692052841 -2.744152545928955
img_396 -0.021733181551098824 0.008870964869856834 -2.816990613937378
img_397 -0.02184208482503891 0.008640574291348457 -2.891416549682617
img_398 -0.022294556722044945 0.008840885013341904 -2.966658353805542
img_399 -0.022291716188192368 0.009027927182614803 -3.0403077602386475
img_400 -0.022833382710814476 0.009465019218623638 -3.116332530975342
img_401 -0.022317104041576385 0.008620786480605602 3.099916760121481
img_402 -0.023129578679800034 0.007797007914632559 3.0972395578967498
img_403 -0.02320019342005253 0.00780014181509614 3.0967040697680877
img_404 -0.02320019342005253 0.00780014181509614 3.0967040697680877
img_405 -0.023102518171072006 0.00761193223297596 3.097507301961081
img_406 -0.011836236342787743 0.00637963367626071 3.0964363257037566
img_407 0.0009454209357500076 0.005802067928016186 3.097775046025412
img_408 0.01335347630083561 0.005564429331570864 3.097775046025412
img_409 0.0257735513150692 0.005571442656219006 3.098578516636984
img_410 0.03793874755501747 0.0055379183031618595 3.098310772572653
img_411 0.05087617039680481 0.005345197860151529 3.0991140047656462
img_412 0.06284122169017792 0.0054495432414114475 3.0996497313128875
img_413 0.07504251599311829 0.005488712806254625 3.1004527250873015
img_414 0.08760325610637665 0.005523167084902525 3.101523939763205
img_415 0.09962828457355499 0.0055311378091573715 3.1001854578601287
img_416 0.11229635775089264 0.0056190090253949165 3.101256434117453
img_417 0.12435092777013779 0.0054388390854001045 3.1001854578601287
img_418 0.1365242451429367 0.0055471910163760185 3.0999177137957976
img_419 0.14884217083454132 0.0057686916552484035 3.0999177137957976
img_420 0.16132673621177673 0.0056770299561321735 3.0988464991198943
img_421 0.1729878932237625 0.006219829432666302 3.0993819872485564
img_422 0.18532533943653107 0.0060051195323467255 3.097239796315329
img_423 0.19744090735912323 0.006325424183160067 3.097239796315329
img_424 0.2095782607793808 0.006460601929575205 3.0950983206378386
img_425 0.2214917242527008 0.007009355816990137 3.0950983206378386
img_426 0.2336331307888031 0.00711857620626688 3.0945628325091765
img_427 0.24570900201797485 0.007346905767917633 3.092688624058859
img_428 0.2580028772354126 0.007664515171200037 3.0932241121875212
img_429 0.2699642777442932 0.007698375266045332 3.091349903737204
img_430 0.28219515085220337 0.008125385269522667 3.091349903737204
img_431 0.29391810297966003 0.008332653902471066 3.0900111834155486
img_432 0.30651551485061646 0.008295280858874321 3.0889402071582244
img_433 0.31859758496284485 0.008577938191592693 3.0878692309009
img_434 0.3310028910636902 0.008217396214604378 3.087065998707907
img_435 0.34309226274490356 0.008599648252129555 3.0859950224505828
img_436 0.355541855096817 0.008397284895181656 3.0854595343219207
img_437 0.36804255843162537 0.0084918811917305 3.0851917902575896
img_438 0.3802102506160736 0.008295447565615177 3.0849240461932586
img_439 0.39270246028900146 0.008261121809482574 3.0846563021289275
img_440 0.40480563044548035 0.008184448815882206 3.0854595343219207
img_441 0.41715213656425476 0.00804249756038189 3.0849240461932586
img_442 0.4294988214969635 0.007893932051956654 3.086798493062155
img_443 0.44156742095947266 0.007906246930360794 3.086530748997824
img_444 0.4540247619152069 0.007832802832126617 3.0892086664782927
img_445 0.4663031995296478 0.007740826811641455 3.089744154606955
img_446 0.46795397996902466 0.008821388706564903 3.0921571890460418
img_447 0.46784523129463196 0.008765574544668198 3.0921571890460418
img_448 0.4678129553794861 0.008828455582261086 3.0918894449817107
img_449 0.4678129553794861 0.008828455582261086 3.0918894449817107
img_450 0.4668029248714447 0.019115019589662552 3.080375496541159
img_451 0.46719008684158325 0.03178515285253525 3.075824324284689
img_452 0.46751710772514343 0.044279828667640686 3.0728789011584685
img_453 0.46836626529693604 0.0566181018948555 3.0712721983539026
img_454 0.4688746929168701 0.06887412816286087 3.0693951288806365
img_455 0.46972984075546265 0.08069819211959839 3.068593327199118
img_456 0.4704640507698059 0.09267684072256088 3.0675221125232146
img_457 0.47118374705314636 0.10428547114133835 3.0672543684588836
img_458 0.47220680117607117 0.11611868441104889 3.0675221125232146
img_459 0.4730059802532196 0.1278434693813324 3.0669866243945525
img_460 0.47370126843452454 0.13951627910137177 3.0672543684588836
img_461 0.47455257177352905 0.15142285823822021 3.0661833922015593
img_462 0.47541674971580505 0.16333000361919403 3.0659156481372283
img_463 0.47606325149536133 0.1751284897327423 3.064844671879904
img_464 0.47691282629966736 0.18709830939769745 3.0627024809466765
img_465 0.4773235619068146 0.19946831464767456 3.060025278721945
img_466 0.47802937030792236 0.21157249808311462 3.0570798555957244
img_467 0.47866091132164 0.22405163943767548 3.0530636946307586
img_468 0.4791123569011688 0.2367323338985443 3.049583260213034
img_469 0.4796488583087921 0.24947193264961243 3.0447629133807586
img_470 0.4794316589832306 0.26222386956214905 3.0434241930591033
img_471 0.4793310761451721 0.27490371465682983 3.0404792467700408
img_472 0.4791148006916046 0.2874784767627716 3.0388725439654753
img_473 0.4788898825645447 0.3001164197921753 3.036998335515158
img_474 0.47877171635627747 0.3128701150417328 3.0340531508075164
img_475 0.4787351191043854 0.32537275552749634 3.0356596151935027
img_476 0.4788060784339905 0.33774393796920776 3.0351238886462615
img_477 0.47882896661758423 0.3499278128147125 3.0351238886462615
img_478 0.4788675010204315 0.3619285523891449 3.0361948649035857
img_479 0.4790624678134918 0.37384963035583496 3.037801329289572
img_480 0.4793950319290161 0.38557079434394836 3.0391400496112273
img_481 0.4797118604183197 0.397290974855423 3.0404787699328826
img_482 0.4797854423522949 0.4092210531234741 3.0431564489947722
img_483 0.48006725311279297 0.4210655093193054 3.0452984015094207
img_484 0.48025333881378174 0.43291714787483215 3.0477080980884
img_485 0.48005902767181396 0.4448012113571167 3.0490468184100554
img_486 0.4800599217414856 0.45666757225990295 3.051189009343283
img_487 0.48012790083885193 0.4687720537185669 3.051456753407614
img_488 0.48024436831474304 0.48105520009994507 3.05038577715029
img_489 0.47987404465675354 0.49368715286254883 3.0501180330859587
img_490 0.48072075843811035 0.4971136748790741 3.059757773076193
img_491 0.4807307720184326 0.49723565578460693 3.059757773076193
img_492 0.4807307720184326 0.49723565578460693 3.059757773076193
img_493 0.4807307720184326 0.49723565578460693 3.059757773076193
img_494 0.4727593660354614 0.4986265301704407 3.0605610052691863
img_495 0.4608212411403656 0.49836739897727966 3.059757534657614
img_496 0.44875743985176086 0.49868136644363403 3.058419052754538
img_497 0.436491996049881 0.4991511106491089 3.0570805708514617
img_498 0.42417317628860474 0.49945738911628723 3.0562773386584685
img_499 0.41189515590667725 0.4994015395641327 3.0552063624011443
img_500 0.3997398316860199 0.49996262788772583 3.054670874272482
img_501 0.38734304904937744 0.5001826882362366 3.05413538614382
img_502 0.3747226893901825 0.5003060102462769 3.052796665822165
img_503 0.3624964952468872 0.5004726648330688 3.0519934336291716
img_504 0.35005858540534973 0.5006681680679321 3.0503869692431853
img_505 0.3376740515232086 0.5010632276535034 3.0506547133075164
img_506 0.3251356780529022 0.5013459324836731 3.049851481114523
img_507 0.31264007091522217 0.5016964077949524 3.049315992985861
img_508 0.3000093400478363 0.5017585754394531 3.048780504857199
img_509 0.2876269817352295 0.501865565776825 3.0477090517627166
img_510 0.27539578080177307 0.501972496509552 3.0477090517627166
img_511 0.26319876313209534 0.5021371245384216 3.0463703314410613
img_512 0.25078830122947693 0.502030074596405 3.0452984015094207
img_513 0.23867152631282806 0.502217173576355 3.0461011568652556
img_514 0.22619950771331787 0.502120316028595 3.0461011568652556
img_515 0.2142387330532074 0.5017901062965393 3.0452979246722625
img_516 0.20219478011131287 0.5020924210548401 3.0450301806079314
img_517 0.1896010786294937 0.501836359500885 3.0450301806079314
img_518 0.1776212900876999 0.5017051100730896 3.0447624365436003
img_519 0.16551390290260315 0.5017126202583313 3.0450301806079314
img_520 0.1533624529838562 0.5013510584831238 3.046101872120993
img_521 0.14134502410888672 0.5014573931694031 3.046904627476828
img_522 0.1289207488298416 0.5007916688919067 3.0477083365069793
img_523 0.11668911576271057 0.5008985996246338 3.0485113302813933
img_524 0.10461700707674026 0.5004884600639343 3.050921265278952
img_525 0.09225872159004211 0.5003828406333923 3.0501180330859587
img_526 0.07989827543497086 0.5002871751785278 3.0525279680835173
img_527 0.0678197368979454 0.5001365542411804 3.0538666884051726
img_528 0.05542124807834625 0.49993667006492615 3.055205170308249
img_529 0.04305187985301018 0.49965614080429077 3.0576148668872283
img_530 0.031134817749261856 0.4992462396621704 3.057079378758566
img_531 0.019118530675768852 0.4993426501750946 3.0578826109515593
img_532 0.006749361753463745 0.4990289807319641 3.0594890753375457
img_533 -0.005406430922448635 0.4986780881881714 3.0594890753375457
img_534 -0.012310588732361794 0.497956246137619 3.0624344984637664
img_535 -0.011878171004354954 0.4980447590351105 3.060828272496359
img_536 -0.011948632076382637 0.4980504512786865 3.06109601656069
img_537 -0.011948632076382637 0.4980504512786865 3.06109601656069
img_538 -0.010859970934689045 0.4921827018260956 3.0728910605060027
img_539 -0.011823555454611778 0.4802361726760864 3.0710189978228972
img_540 -0.012674611061811447 0.46869829297065735 3.069948021565573
img_541 -0.013524745590984821 0.45685261487960815 3.0715544859515593
img_542 -0.014316258020699024 0.4450649321079254 3.0718222300158904
img_543 -0.015166614204645157 0.43340378999710083 3.0715544859515593
img_544 -0.015935858711600304 0.4214283525943756 3.0728934446917937
img_545 -0.01657889410853386 0.40950897336006165 3.073428932820456
img_546 -0.01705188862979412 0.39739111065864563 3.0769100824939177
img_547 -0.017710065469145775 0.38504278659820557 3.077981058751242
img_548 -0.018221762031316757 0.37256157398223877 3.0793197790728972
img_549 -0.018434517085552216 0.3600636422634125 3.083603445683615
img_550 -0.018819674849510193 0.3473304808139801 3.0862811247455046
img_551 -0.019125228747725487 0.3347803056240082 3.0900293032275603
img_552 -0.019178306683897972 0.322093665599823 3.093777958546774
img_553 -0.019183825701475143 0.30940884351730347 3.09752613702883
img_554 -0.019315650686621666 0.2967912554740906 3.1015425364123748
img_555 -0.019495390355587006 0.2843611538410187 3.1039524714099334
img_556 -0.019437868148088455 0.2718011140823364 3.107165400181906
img_557 -0.019688991829752922 0.25937581062316895 3.1085041205035613
img_558 -0.019994135946035385 0.24695216119289398 3.1093073526965544
img_559 -0.020240115001797676 0.23495681583881378 3.1103783289538787
img_560 -0.020480914041399956 0.22271516919136047 3.111449305211203
img_561 -0.02073470875620842 0.2107800841331482 3.111449305211203
img_562 -0.02127128839492798 0.1988498568534851 3.1125207583056853
img_563 -0.021579276770353317 0.18704338371753693 3.1111825148211882
img_564 -0.022003578022122383 0.1754198670387268 3.109843794499533
img_565 -0.02266322448849678 0.16355784237384796 3.109308306370871
img_566 -0.02311730571091175 0.15168803930282593 3.1079693476306365
img_567 -0.023582924157381058 0.13994725048542023 3.1074340979205535
img_568 -0.024242160841822624 0.12790097296237946 3.10636288324465
img_569 -0.02473970502614975 0.11579079926013947 3.106630627308981
img_570 -0.02509699948132038 0.10355345159769058 3.1071661154376433
img_571 -0.02541452832520008 0.09125346690416336 3.1079693476306365
img_572 -0.02548111230134964 0.07875999063253403 3.1090403238879607
img_573 -0.025683561339974403 0.06602813303470612 3.1122530142413543
img_574 -0.02548823319375515 0.05340532213449478 3.114930693303244
img_575 -0.02543741650879383 0.04072892293334007 3.1186788717852996
img_576 -0.02520052343606949 0.027924764901399612 3.121088806782858
img_577 -0.025108233094215393 0.015188497491180897 3.1237660090075896
img_578 -0.02691439911723137 0.007076898589730263 3.1127870718585418
img_579 -0.026550576090812683 0.0074338242411613464 3.1162675062762664
img_580 -0.026550576090812683 0.0074338242411613464 3.1162675062762664
img_581 -0.026550576090812683 0.0074338242411613464 3.1162675062762664
img_582 -0.02756085805594921 0.009418830275535583 3.098597113286154
img_583 -0.027936160564422607 0.009741374291479588 3.0201371351825164
img_584 -0.02829781547188759 0.010278875939548016 2.947041813527243
img_585 -0.02834266424179077 0.01059962809085846 2.870745245610373
img_586 -0.0282797422260046 0.011090464890003204 2.797106329594748
img_587 -0.0285045113414526 0.011301174759864807 2.721071068440573
img_588 -0.028297295793890953 0.011677958071231842 2.6474331060992644
img_589 -0.028430121019482613 0.012027745135128498 2.5729742685901087
img_590 -0.028245126828551292 0.012054778635501862 2.4993663469897673
img_591 -0.028366694226861 0.012069269083440304 2.4262722174273894
img_592 -0.028086943551898003 0.011582935228943825 2.3523731867419646
img_593 -0.02827931009232998 0.011342239566147327 2.2811496893512175
img_594 -0.028511693701148033 0.011049112305045128 2.207779709492819
img_595 -0.028428105637431145 0.010627413168549538 2.1360333601581023
img_596 -0.028803778812289238 0.010305436328053474 2.064280811940329
img_597 -0.029000677168369293 0.009637726470828056 1.9917247931109832
img_598 -0.029220404103398323 0.009229536168277264 1.9207628409015105
img_599 -0.02970173768699169 0.008940951898694038 1.8476460615741181
img_600 -0.029791414737701416 0.008584924973547459 1.775382820759909
img_601 -0.030165428295731544 0.008579515852034092 1.7025511900531218
img_602 -0.030146855860948563 0.00843935925513506 1.6297181288348601
img_603 -0.03196404129266739 0.007022349163889885 1.5761740843402314
img_604 -0.03178095072507858 0.007129373028874397 1.5793874899493618
img_605 -0.0320257805287838 0.007127269636839628 1.5785844961749476
img_606 -0.0320257805287838 0.007127269636839628 1.5785844961749476
img_607 -0.029099496081471443 0.008705263957381248 1.566802803670065
img_608 -0.01642836444079876 0.008548629470169544 1.5676062742816375
img_609 -0.004059690050780773 0.008367758244276047 1.5686777273761199
img_610 0.008423293940722942 0.008341310545802116 1.5686777273761199
img_611 0.020911522209644318 0.00859758723527193 1.5657327810870572
img_612 0.03352368623018265 0.008816479705274105 1.5651972929583955
img_613 0.04631943255662918 0.008921562694013119 1.5630553404437468
img_614 0.05917530506849289 0.009104766882956028 1.5601103941546843
img_615 0.07203365117311478 0.00932080578058958 1.5582359472857878
img_616 0.08464682102203369 0.009374462068080902 1.5558260122882293
img_617 0.09744029492139816 0.009288959205150604 1.554219547902243
img_618 0.1098707765340805 0.009330341592431068 1.5523451010333462
img_619 0.12211043387651443 0.009033779613673687 1.5528805891620088
img_620 0.1341732144355774 0.009135765954852104 1.5512741247760222
img_621 0.1462271362543106 0.00879437755793333 1.5512741247760222
img_622 0.1580384373664856 0.008457706309854984 1.5528805891620088
img_623 0.16972734034061432 0.00821292120963335 1.5539515654193328
img_624 0.18159984052181244 0.00787151139229536 1.5558260122882293
img_625 0.19334858655929565 0.007483536843210459 1.5566294828998013
img_626 0.20509815216064453 0.007104985881596804 1.5582359472857878
img_627 0.21703213453292847 0.0068490514531731606 1.559038941060202
img_628 0.22908759117126465 0.006389180198311806 1.5598424116717742
img_629 0.24120791256427765 0.006397774443030357 1.5603778998004363
img_630 0.25320520997047424 0.006060673389583826 1.5611813704120088
img_631 0.26557156443595886 0.00615382194519043 1.5603783766375945
img_632 0.2777523696422577 0.005991572514176369 1.5598428885089322
img_633 0.29023951292037964 0.005925473757088184 1.5593074003802703
img_634 0.30272984504699707 0.005994048900902271 1.557700935994284
img_635 0.3152787685394287 0.005935738328844309 1.5568979422198699
img_636 0.3278915286064148 0.005972517188638449 1.5536850134478972
img_637 0.34057044982910156 0.006356404162943363 1.5531495253192351
img_638 0.3535492718219757 0.006198051385581493 1.5502036253558562
img_639 0.36622175574302673 0.006184474099427462 1.548329655324118
img_640 0.3788982629776001 0.006217815447598696 1.5467231909381314
img_641 0.3914479911327362 0.0060924082063138485 1.5445812384234832
img_642 0.4039410352706909 0.006118377670645714 1.5419037977801726
img_643 0.41600167751312256 0.006017300300300121 1.5400298277484343
img_644 0.4281819760799408 0.005748522002249956 1.5400298277484343
img_645 0.4403584599494934 0.005409132223576307 1.53895885149111
img_646 0.4521098732948303 0.004893323872238398 1.5400307814227505
img_647 0.4620489478111267 0.003633215557783842 1.5480592886554165
img_648 0.46173733472824097 0.0033928570337593555 1.549933258687155
img_649 0.46173733472824097 0.0033928570337593555 1.549933258687155
img_650 0.46173733472824097 0.0033928570337593555 1.549933258687155
img_651 0.46235665678977966 0.0037333923391997814 1.5472562948810025
img_652 0.4630371034145355 0.01442885771393776 1.5456498304950164
img_653 0.4627361595630646 0.026810362935066223 1.5459178129779265
img_654 0.4624248445034027 0.038910821080207825 1.5475247542010708
img_655 0.46221816539764404 0.05107591673731804 1.5485957304583955
img_656 0.46175363659858704 0.06324762850999832 1.5488637129413054
img_657 0.46177390217781067 0.07533611357212067 1.5512731711017056
img_658 0.4614596664905548 0.08746878057718277 1.5518086592303677
img_659 0.4614430069923401 0.09948723018169403 1.5523441473590298
img_660 0.46105921268463135 0.11186555027961731 1.5534151236163543
img_661 0.46108874678611755 0.12413103133440018 1.5544860998736785
img_662 0.4609815776348114 0.13632825016975403 1.5544860998736785
img_663 0.46093735098838806 0.14862999320030212 1.5552895704852507
img_664 0.4606979787349701 0.1608276069164276 1.556896034871237
img_665 0.46056437492370605 0.17323583364486694 1.556093041096823
img_666 0.46068036556243896 0.1852891445159912 1.556361023579733
img_667 0.46049270033836365 0.1977333128452301 1.5552900473224087
img_668 0.4605599045753479 0.20996488630771637 1.5550220648394988
img_669 0.4608739912509918 0.22211478650569916 1.553684059773581
img_670 0.4611451029777527 0.23437853157520294 1.5531485716449185
img_671 0.46117666363716125 0.24657157063484192 1.5515421072589324
img_672 0.4613529443740845 0.25890612602233887 1.5512741247760222
img_673 0.46153250336647034 0.2712390124797821 1.549400154744284
img_674 0.46167322993278503 0.2835385799407959 1.549400154744284
img_675 0.46212223172187805 0.29593709111213684 1.5469902197467253
img_676 0.46217525005340576 0.30844995379447937 1.5461872259723113
img_677 0.46266236901283264 0.32077646255493164 1.5443127791034148
img_678 0.4626302421092987 0.33343505859375 1.5432418028460906
img_679 0.4633362591266632 0.34571975469589233 1.5416353384601043
img_680 0.46315136551856995 0.3582771122455597 1.5413678328143523
img_681 0.46358177065849304 0.370817631483078 1.541099850331442
img_682 0.4632812440395355 0.3833780288696289 1.5424383322345183
img_683 0.4639369547367096 0.3956991136074066 1.540563885365622
img_684 0.4638192355632782 0.40800875425338745 1.540563885365622
img_685 0.4640665054321289 0.4202348291873932 1.5394929091082976
img_686 0.4639018774032593 0.43258047103881836 1.5400283972369595
img_687 0.464033305644989 0.44480958580970764 1.5389574209796353
img_688 0.46422889828681946 0.4567202031612396 1.5394929091082976
img_689 0.46394190192222595 0.4690704643726349 1.5392249266253872
img_690 0.4640142023563385 0.4810575544834137 1.5392249266253872
img_691 0.46402862668037415 0.4931475818157196 1.5392249266253872
img_692 0.46324560046195984 0.4955063462257385 1.544848267232077
img_693 0.46313056349754333 0.4957921504974365 1.5459192434894011
img_694 0.46319088339805603 0.49575528502464294 1.5461872259723113
img_695 0.4630047082901001 0.49565380811691284 1.5469902197467253
img_696 0.45172828435897827 0.49528589844703674 1.5518100897418425
img_697 0.43960243463516235 0.49509197473526 1.554219547902243
img_698 0.4274156391620636 0.49497583508491516 1.5558260122882293
img_699 0.4147399365901947 0.4952717125415802 1.5582369009601043
img_700 0.402194619178772 0.49518197774887085 1.5601103941546843
img_701 0.3898264765739441 0.49481940269470215 1.5614488760577605
img_702 0.3768453001976013 0.49479934573173523 1.564126793538229
img_703 0.3642939329147339 0.49470633268356323 1.56707221666445
img_704 0.35156241059303284 0.4943297207355499 1.569481197987692
img_705 0.33870717883110046 0.49434661865234375 1.5710876623736787
img_706 0.3264036774635315 0.49395430088043213 1.5716231505023406
img_707 0.3137318789958954 0.493767112493515 1.572962109242575
img_708 0.3012292683124542 0.4937400221824646 1.572962109242575
img_709 0.28912290930747986 0.4935725927352905 1.5732296148883267
img_710 0.27681905031204224 0.49379003047943115 1.5721586386310022
img_711 0.2646368443965912 0.493808776140213 1.5718906561480923
img_712 0.2525765299797058 0.49383091926574707 1.5708196798907683
img_713 0.24064069986343384 0.4940073490142822 1.569481197987692
img_714 0.22881199419498444 0.49419984221458435 1.5673363844500945
img_715 0.21676833927631378 0.49470043182373047 1.5654643217669888
img_716 0.2050776332616806 0.4951515793800354 1.5641253630267546
img_717 0.19326411187648773 0.4952657222747803 1.5622513929950161
img_718 0.18120743334293365 0.4956868588924408 1.5606449286090298
img_719 0.16933074593544006 0.49616101384162903 1.557966534291403
img_720 0.15746061503887177 0.4962426722049713 1.5576990286456511
img_721 0.14534078538417816 0.49633073806762695 1.5582345167743132
img_722 0.1331540197134018 0.4961656630039215 1.5598414579974578
img_723 0.12060770392417908 0.4961971044540405 1.5614474455462861
img_724 0.10811400413513184 0.4960310757160187 1.5635898748980923
img_725 0.09562511742115021 0.4957676827907562 1.5654638449298306
img_726 0.08270639181137085 0.49565982818603516 1.5676062742816375
img_727 0.07003512233495712 0.495452880859375 1.5702837149249478
img_728 0.05724037438631058 0.4950706660747528 1.5716226736651822
img_729 0.044508155435323715 0.4952014982700348 1.5745676199542449
img_730 0.03208335116505623 0.4946244955062866 1.5753710905658167
img_731 0.019472569227218628 0.49463748931884766 1.575639073048727
img_732 0.007047382183372974 0.4944712817668915 1.5764420668231416
img_733 -0.005255638621747494 0.4942251145839691 1.5753710905658167
img_734 -0.017440393567085266 0.49434611201286316 1.5748356024371548
img_735 -0.029506493359804153 0.4944034516811371 1.5732281843768523
img_736 -0.03158876672387123 0.49524617195129395 1.5668056646930146
img_737 -0.03171100467443466 0.49531739950180054 1.5662696997271939
img_738 -0.03171100467443466 0.49531739950180054 1.5662696997271939
img_739 -0.03171100467443466 0.49531739950180054 1.5662696997271939
img_740 -0.032292865216732025 0.48843130469322205 1.5775097052203582
img_741 -0.032275065779685974 0.47665929794311523 1.5742958227740693
img_742 -0.03210991993546486 0.46443697810173035 1.5753663221942347
img_743 -0.03193352371454239 0.4526318609714508 1.5748308340655732
img_744 -0.03157884627580643 0.4405819773674011 1.5761693159686494
img_745 -0.031146202236413956 0.42842528223991394 1.5734913984881802
img_746 -0.031052134931087494 0.4162333607673645 1.5726884047137661
img_747 -0.030784696340560913 0.4042890965938568 1.5716174284564417
img_748 -0.030529625713825226 0.39191681146621704 1.571349445973532
img_749 -0.030155692249536514 0.3798312246799469 1.5689399878131318
img_750 -0.029994675889611244 0.3676372468471527 1.5673335234271453
img_751 -0.029731011018157005 0.3553696274757385 1.5670655409442351
img_752 -0.02965449169278145 0.34307369589805603 1.5654595533954068
img_753 -0.02941463328897953 0.3306674659252167 1.5654595533954068
img_754 -0.02953980304300785 0.3186854124069214 1.5646560827838347
img_755 -0.02937045320868492 0.30638381838798523 1.5654595533954068
img_756 -0.029496721923351288 0.29419296979904175 1.5630500952350064
img_757 -0.029348241165280342 0.2817513346672058 1.5649240652667449
img_758 -0.02954167127609253 0.2696637213230133 1.5641205946551726
img_759 -0.029623771086335182 0.25736570358276367 1.565727059041159
img_760 -0.029685761779546738 0.24513721466064453 1.565995041524069
img_761 -0.029990188777446747 0.2327614426612854 1.5681384245501921
img_762 -0.030083920806646347 0.22055433690547943 1.5681384245501921
img_763 -0.030361410230398178 0.2081340253353119 1.5700095335589812
img_764 -0.030615806579589844 0.19597786664962769 1.570545021687643
img_765 -0.030802588909864426 0.18350186944007874 1.5726869742022918
img_766 -0.031024586409330368 0.1711805909872055 1.5734913984881802
img_767 -0.031052131205797195 0.1587255746126175 1.5732238928424283
img_768 -0.031511448323726654 0.14621397852897644 1.5756333510028289
img_769 -0.03181961551308632 0.13398267328739166 1.5759013334857392
img_770 -0.03175538033246994 0.12139980494976044 1.5780432860003872
img_771 -0.03221634402871132 0.10899250954389572 1.576436821614401
img_772 -0.032329630106687546 0.09651447832584381 1.5785792509662075
img_773 -0.032417260110378265 0.08418047428131104 1.5772407690631316
img_774 -0.032766878604888916 0.07190871983766556 1.5785802046405242
img_775 -0.03285447508096695 0.0595780685544014 1.5796507040606904
img_776 -0.03286674991250038 0.04713686555624008 1.5815251509295867
img_777 -0.032797906547784805 0.03501452878117561 1.5793831984149382
img_778 -0.03256984427571297 0.02271547168493271 1.5801866690265105
img_779 -0.03251722455024719 0.010593201033771038 1.5788481871234346
img_780 -0.03165632486343384 0.002506761811673641 1.5670679251300261
img_781 -0.03165474161505699 0.00293090776540339 1.5702813307391572
img_782 -0.03159341216087341 0.0029662749730050564 1.5700133482562464
img_783 -0.03159341216087341 0.0029662749730050564 1.5700133482562464
img_784 -0.030183682218194008 0.004979991819709539 1.5314520041095185
img_785 -0.03052566945552826 0.005630121100693941 1.4575527350055142
img_786 -0.030282381922006607 0.0056024519726634026 1.3852623144732878
img_787 -0.030295420438051224 0.005532987415790558 1.3111060301410122
img_788 -0.02998613566160202 0.005743392743170261 1.2366650740252896
img_789 -0.02975465916097164 0.0058501227758824825 1.1622198263751433
img_790 -0.029080554842948914 0.005866380874067545 1.0861790815936492
img_791 -0.028671137988567352 0.006249865982681513 1.0130947271930142
img_792 -0.02818913385272026 0.005865904036909342 0.9365161100970669
img_793 -0.027628490701317787 0.0061115240678191185 0.8618229071246548
img_794 -0.027279304340481758 0.005672307685017586 0.7871134916888638
img_795 -0.026738241314888 0.0057816775515675545 0.7129557768451139
img_796 -0.026724934577941895 0.00571224931627512 0.6385162512408659
img_797 -0.026433072984218597 0.0053190309554338455 0.5630152861224577
img_798 -0.02631351351737976 0.005394493229687214 0.49045020738710604
img_799 -0.026685412973165512 0.00526533043012023 0.4170625845538541
img_800 -0.026670385152101517 0.005405859090387821 0.34345275560487953
img_801 -0.02716801129281521 0.0057479203678667545 0.2714384237872525
img_802 -0.02745562233030796 0.005858523305505514 0.19779998460878573
img_803 -0.027551857754588127 0.0063386885449290276 0.12711602846254547
img_804 -0.028116518631577492 0.0065750852227211 0.05402166048158842
img_805 -0.03057694435119629 0.008219924755394459 0.01733905473818023
img_806 -0.030782602727413177 0.007849005982279778 0.01733905473818023
img_807 -0.030677644535899162 0.007912054657936096 0.01733905473818023
img_808 -0.030677644535899162 0.007912054657936096 0.01733905473818023
img_809 -0.030677644535899162 0.007912054657936096 0.01733905473818023
img_810 -0.030677644535899162 0.007912054657936096 0.01733905473818023
img_811 -0.030677644535899162 0.007912054657936096 0.01733905473818023
img_812 -0.030677644535899162 0.007912054657936096 0.01733905473818023
img_813 -0.030677644535899162 0.007912054657936096 0.01733905473818023
img_814 -0.030677644535899162 0.007912054657936096 0.01733905473818023
img_815 -0.030677644535899162 0.007912054657936096 0.01733905473818023
img_816 -0.030677644535899162 0.007912054657936096 0.01733905473818023
