img_0 0.0 0.0 0.0
img_1 0.0 0.0 0.0
img_2 0.0 0.0 0.0
img_3 0.0 0.0 0.0
img_4 0.006785624194890261 0.0001224270527018234 -0.0016064428491517904
img_5 0.006785624194890261 0.0001224270527018234 -0.0016064428491517904
img_6 0.014319113455712795 0.00017158393166027963 -0.0008026220020838084
img_7 0.021347125992178917 0.0005941137205809355 -0.0010701586725190282
img_8 0.029052332043647766 0.00046342663699761033 9.23173502087593e-07
img_9 0.036933645606040955 0.0006470767548307776 0.0005364145617932082
img_10 0.036933645606040955 0.0006470767548307776 0.0005364145617932082
img_11 0.04364942014217377 0.0008955689845606685 0.0010719747515395286
img_12 0.05096467584371567 0.0008422008831985295 0.0026783011853694916
img_13 0.058634113520383835 0.0009239593055099249 0.0016072744037956
img_14 0.06573796272277832 0.0011190302902832627 0.002410548273473978
img_15 0.06573796272277832 0.0011190302902832627 0.002410548273473978
img_16 0.07316773384809494 0.0011369397398084402 0.0032146372832357883
img_17 0.0808648020029068 0.0010393785778433084 0.002679698867723346
img_18 0.08786261081695557 0.0013030145782977343 0.0034830125514417895
img_19 0.09528470784425735 0.0012064381735399365 0.004286231007426978
img_20 0.09528470784425735 0.0012064381735399365 0.004286231007426978
img_21 0.10260120779275894 0.001054154708981514 0.00348300556652248
img_22 0.10995156317949295 0.001202179817482829 0.0032152778003364806
img_23 0.11737412959337234 0.0012260449584573507 0.004018589854240418
img_24 0.12458411604166031 0.0011325933737680316 0.003215384902432562
img_25 0.12458411604166031 0.0011325933737680316 0.003215384902432562
img_26 0.1319725662469864 0.0010951203294098377 0.0026797677855938677
img_27 0.13946448266506195 0.0008703788043931127 0.0029474680777639155
img_28 0.14675040543079376 0.0007693379884585738 0.0016078103799372914
img_29 0.15430866181850433 0.000781489594373852 0.001340243616141379
img_30 0.15430866181850433 0.000781489594373852 0.001340243616141379
img_31 0.1616603583097458 0.0007913423469290137 0.0010724810417741537
img_32 0.16883406043052673 0.0004930093418806791 -0.0002660332247614861
img_33 0.17632929980754852 0.0003685418632812798 -0.0008017158252187076
img_34 0.18367823958396912 0.00036264967638999224 -0.0010693786898627877
img_35 0.18367823958396912 0.00036264967638999224 -0.0010693786898627877
img_36 0.1911010891199112 0.00010981218656525016 -0.0018727446440607312
img_37 0.19852176308631897 -2.649881935212761e-05 -0.0026758746244013314
img_38 0.2055559754371643 -0.00010654817742761225 -0.0029436664190143355
img_39 0.21318776905536652 -0.0004962544189766049 -0.002943664556369186
img_40 0.21318776905536652 -0.0004962544189766049 -0.002943664556369186
img_41 0.22079305350780487 -0.00045737455366179347 -0.005087466910481455
img_42 0.22817319631576538 -0.0005560872377827764 -0.005622523836791515
img_43 0.23562847077846527 -0.0009040790027938783 -0.005087040830403567
img_44 0.24326181411743164 -0.0010653440840542316 -0.006693536881357431
img_45 0.24326181411743164 -0.0010653440840542316 -0.006693536881357431
img_46 0.25040239095687866 -0.00111314095556736 -0.00776475388556719
img_47 0.2577512562274933 -0.0014150631614029408 -0.007229279261082411
img_48 0.2654547095298767 -0.001593186636455357 -0.008567987941205503
img_49 0.27288809418678284 -0.0017795233288779855 -0.008567988872528076
img_50 0.27288809418678284 -0.0017795233288779855 -0.008567988872528076
img_51 0.28040051460266113 -0.002027209848165512 -0.008567989803850653
img_52 0.28810492157936096 -0.002093223389238119 -0.009906725957989693
img_53 0.29563477635383606 -0.0021065908949822187 -0.01071013975888491
img_54 0.30294930934906006 -0.0021237286273390055 -0.009907077066600326
img_55 0.31037387251853943 -0.002319792751222849 -0.010710771195590498
img_56 0.31037387251853943 -0.002319792751222849 -0.010710771195590498
img_57 0.3178289830684662 -0.002216081600636244 -0.010978384874761108
img_58 0.32535654306411743 -0.00235995021648705 -0.010978383943438532
img_59 0.3324229121208191 -0.002559961983934045 -0.011513847857713701
img_60 0.3405243456363678 -0.002714534755796194 -0.01178189925849438
img_61 0.3405243456363678 -0.002714534755796194 -0.01178189925849438
img_62 0.34765592217445374 -0.0026762704364955425 -0.011247048154473306
img_63 0.3551422655582428 -0.002821940928697586 -0.011515879072248934
img_64 0.36243143677711487 -0.0027229406405240297 -0.012316002510488033
img_65 0.3696057200431824 -0.0027500884607434273 -0.011245086789131165
img_66 0.3696057200431824 -0.0027500884607434273 -0.011245086789131165
img_67 0.3770284354686737 -0.0027111261151731014 -0.012048311531543733
img_68 0.38445815443992615 -0.002678094431757927 -0.012048310600221157
img_69 0.3915936350822449 -0.00251940218731761 -0.012315825559198856
img_70 0.39901620149612427 -0.0024883877485990524 -0.012315825559198856
img_71 0.39901620149612427 -0.0024883877485990524 -0.012315825559198856
img_72 0.406404584646225 -0.002395725343376398 -0.012851323932409288
img_73 0.4134777784347534 -0.0022416766732931137 -0.012583492323756221
img_74 0.42079439759254456 -0.0020277576986700296 -0.011780532076954843
img_75 0.42814669013023376 -0.00199193530716002 -0.012048281729221347
img_76 0.42814669013023376 -0.00199193530716002 -0.012048281729221347
img_77 0.4353240430355072 -0.0018947271164506674 -0.012583858333528042
img_78 0.4427138864994049 -0.0016816258430480957 -0.011512871831655504
img_79 0.4499622881412506 -0.0014589788625016809 -0.011780620552599428
img_80 0.457278847694397 -0.0014839539071545005 -0.010977333411574365
img_81 0.457278847694397 -0.0014839539071545005 -0.010977333411574365
img_82 0.4643136262893677 -0.001255144365131855 -0.009638853371143343
img_83 0.47173938155174255 -0.000959384604357183 -0.010442159138619898
img_84 0.4791257083415985 -0.0009753026533871889 -0.009371247142553331
img_85 0.4865216314792633 -0.0007352848770096898 -0.00855950266122818
img_86 0.4865216314792633 -0.0007352848770096898 -0.00855950266122818
img_87 0.49348336458206177 -0.0004919999046251178 -0.00882443878799677
img_88 0.5008708238601685 -0.00037355144741013646 -0.007753521669656039
img_89 0.5081531405448914 -0.00018514663679525256 -0.006682523991912604
img_90 0.5157111883163452 7.157350773923099e-05 -0.00587627710774541
img_91 0.5230711102485657 -3.267528518335894e-05 -0.004809087142348291
img_92 0.5230711102485657 -3.267528518335894e-05 -0.004809087142348291
img_93 0.5303331017494202 0.00023912798496894538 -0.004272459074854851
img_94 0.5376335978507996 0.0005133175873197615 -0.004272458143532277
img_95 0.5451279878616333 0.00048129758215509355 -0.0032012111041694875
img_96 0.5523721575737 0.0005193123361095786 -0.0026658070273697368
img_97 0.5523721575737 0.0005193123361095786 -0.0026658070273697368
img_98 0.5596112608909607 0.0008687447407282889 -0.0018594190478324894
img_99 0.5818836092948914 0.0011326137464493513 -0.0005197522696107627
img_100 0.5818836092948914 0.0011326137464493513 -0.0005197522696107627
img_101 0.589276909828186 0.0011900411918759346 -0.001055729575455189
img_102 0.5964453816413879 0.0011213087709620595 -0.0007882040226832034
img_103 0.6038761734962463 0.001115451566874981 0.0008201914606615901
img_104 0.6038761734962463 0.001115451566874981 0.0008201914606615901
img_105 0.6111827492713928 0.0011825814144685864 -0.0007842464838176968
img_106 0.6111827492713928 0.0011825814144685864 -0.0007842464838176968
img_107 0.618679940700531 0.0009316844516433775 -0.0005163277965039016
img_108 0.6259917616844177 0.0011114489752799273 -0.0005163259338587524
img_109 0.6332728862762451 0.0011692076222971082 -0.0007853974821045995
img_110 0.6406233906745911 0.0009806824382394552 -0.0005189533694647253
img_111 0.6479042172431946 0.0009769037133082747 -0.001054462743923068
img_112 0.6479042172431946 0.0009769037133082747 -0.001054462743923068
img_113 0.6552191376686096 0.0010303963208571076 -0.0018575845751911397
img_114 0.6628880500793457 0.0007100675720721483 -0.0013220779364928603
img_115 0.6700981855392456 0.0005780974752269685 -0.0021253635641187425
img_116 0.6771687865257263 0.0006855319370515645 -0.003464442910626531
img_117 0.6771687865257263 0.0006855319370515645 -0.003464442910626531
img_118 0.6849056482315063 0.00035273164394311607 -0.0034644410479813823
img_119 0.6895706653594971 0.0002141322911484167 -0.00025130575522780424
img_120 0.6893232464790344 0.00015298021025955677 -0.0015900206053629518
img_121 0.6893584728240967 9.16958597372286e-05 -0.001857824623584747
img_122 0.6893584728240967 9.16958597372286e-05 -0.001857824623584747
img_123 0.6893232464790344 0.0001529624278191477 -0.0015901394654065373
img_124 0.689612090587616 0.003828830784186721 -0.0037341041024774317
img_125 0.6895356178283691 0.011718577705323696 -0.002129116328433156
img_126 0.6893746852874756 0.019126545637845993 -0.0007902742363512517
img_127 0.6893746852874756 0.019126545637845993 -0.0007902742363512517
img_128 0.6892390251159668 0.02634982205927372 -0.0005225334316492082
img_129 0.6891722083091736 0.03381948918104172 1.3061973731964828e-05
img_130 0.6893134713172913 0.041286975145339966 -0.00025465394719503815
img_131 0.6893507242202759 0.048694100230932236 0.00028084937366656964
img_132 0.6893507242202759 0.048694100230932236 0.00028084937366656964
img_133 0.6893841028213501 0.05573318526148796 1.3128505088388922e-05
img_134 0.6893131732940674 0.06309552490711212 -0.0002552209189161659
img_135 0.689491331577301 0.07024173438549042 -0.0015909774228930475
img_136 0.6895384788513184 0.07764895260334015 -0.0018587297527119522
img_137 0.6895384788513184 0.07764895260334015 -0.0018587297527119522
img_138 0.6897991895675659 0.08481037616729736 -0.0029296739958226685
img_139 0.6896427273750305 0.09172859787940979 -0.0031974348239600663
img_140 0.6899840831756592 0.09901189804077148 -0.004803861025720836
img_141 0.6900541186332703 0.10620055347681046 -0.00587884709239006
img_142 0.6900541186332703 0.10620055347681046 -0.00587884709239006
img_143 0.6903781294822693 0.11339584738016129 -0.00721270265057683
img_144 0.6903917789459229 0.1201951652765274 -0.00855229515582323
img_145 0.6907729506492615 0.12759415805339813 -0.009354984387755396
img_146 0.6908023357391357 0.13451211154460907 -0.010693836957216266
img_147 0.6911289095878601 0.14191582798957825 -0.01176478620618582
img_148 0.6911289095878601 0.14191582798957825 -0.01176478620618582
img_149 0.6912485957145691 0.14908385276794434 -0.01203278172761202
img_150 0.691613495349884 0.15592992305755615 -0.013370314612984657
img_151 0.69167560338974 0.16322053968906403 -0.013906265608966354
img_152 0.6919172406196594 0.17043541371822357 -0.014173791743814949
img_153 0.6919172406196594 0.17043541371822357 -0.014173791743814949
img_154 0.6919558644294739 0.1781483292579651 -0.014441520906984808
img_155 0.6921290755271912 0.18524739146232605 -0.014173778705298902
img_156 0.6921332478523254 0.19304001331329346 -0.014173778705298902
img_157 0.6921648979187012 0.20024742186069489 -0.0136394901201129
img_158 0.6921648979187012 0.20024742186069489 -0.0136394901201129
img_159 0.6921615600585938 0.20777761936187744 -0.012836250476539137
img_160 0.6921851634979248 0.21512500941753387 -0.011497281491756441
img_161 0.6921296715736389 0.22259365022182465 -0.010426396504044535
img_162 0.6919273734092712 0.2303086817264557 -0.009087763726711275
img_163 0.6919273734092712 0.2303086817264557 -0.009087763726711275
img_164 0.6918202042579651 0.23796233534812927 -0.007748947478830815
img_165 0.6916688680648804 0.24579979479312897 -0.006142355967313053
img_166 0.6917835474014282 0.2529240846633911 -0.005067761056125163
img_167 0.6916828751564026 0.26085543632507324 -0.004800928290933371
img_168 0.6916828751564026 0.26085543632507324 -0.004800928290933371
img_169 0.6913290619850159 0.2681421637535095 -0.0018555761780589823
img_170 0.6912024617195129 0.2761000990867615 -0.0015878401463851333
img_171 0.6910026669502258 0.28381386399269104 0.0008219837909564375
img_172 0.6907491683959961 0.2912207841873169 0.00189298577606678
img_173 0.6906650066375732 0.2983250319957733 0.0032323759514838466
img_174 0.6906650066375732 0.2983250319957733 0.0032323759514838466
img_175 0.6904991865158081 0.30591168999671936 0.0035000029020011434
img_176 0.6905428767204285 0.31362465023994446 0.0037677395157515994
img_177 0.69048011302948 0.3209095299243927 0.004035505000501871
img_178 0.6903086304664612 0.3283771276473999 0.004303251393139362
img_179 0.6903086304664612 0.3283771276473999 0.004303251393139362
img_180 0.6903115510940552 0.3359060287475586 0.004035529214888812
img_181 0.690423309803009 0.3432532846927643 0.003767748596146703
img_182 0.690254271030426 0.3505984842777252 0.004035493824630977
img_183 0.6903670430183411 0.3577049970626831 0.0037675576750189075
img_184 0.6903670430183411 0.3577049970626831 0.0037675576750189075
img_185 0.6903758645057678 0.3647402226924896 0.002697274088859558
img_186 0.6904622316360474 0.37202465534210205 0.0018940834561362865
img_187 0.6906251311302185 0.37930917739868164 0.0005554236704483628
img_188 0.6907981038093567 0.3861045241355896 1.990172313526273e-05
img_189 0.6907981038093567 0.3861045241355896 1.990172313526273e-05
img_190 0.6909746527671814 0.3935115933418274 -0.0013188400771468878
img_191 0.691248893737793 0.4078977406024933 -0.003996380604803563
img_192 0.6913118958473206 0.41481491923332214 -0.004264128394424915
img_193 0.6913118958473206 0.41481491923332214 -0.004264128394424915
img_194 0.6915908455848694 0.42221954464912415 -0.006138028111308813
img_195 0.6916694045066833 0.42925962805747986 -0.007209117989987133
img_196 0.6920373439788818 0.43617454171180725 -0.00881561078131199
img_197 0.6921727657318115 0.4435199201107025 -0.008547844365239143
img_198 0.6924781799316406 0.45031172037124634 -0.010421869345009329
img_199 0.6924781799316406 0.45031172037124634 -0.010421869345009329
img_200 0.692521333694458 0.4578426778316498 -0.010957472026348116
img_201 0.6926725506782532 0.46518978476524353 -0.012296659871935846
img_202 0.6928349733352661 0.4726532995700836 -0.011226143687963487
img_203 0.6929520964622498 0.4799362123012543 -0.011493857949972156
img_204 0.6929520964622498 0.4799362123012543 -0.011493857949972156
img_205 0.6929326057434082 0.487473726272583 -0.010689833201467993
img_206 0.6927991509437561 0.4948180317878723 -0.009886960498988628
img_207 0.692979633808136 0.502345621585846 -0.00988695677369833
img_208 0.6928426623344421 0.5099353194236755 -0.008281040005385877
img_209 0.6928426623344421 0.5099353194236755 -0.008281040005385877
img_210 0.6927959322929382 0.5170990228652954 -0.007477692794054748
img_211 0.6926066875457764 0.5248740911483765 -0.0064068268984556215
img_212 0.6924781799316406 0.5324074625968933 -0.0050675682723522195
img_213 0.6922708749771118 0.540302038192749 -0.003997032530605795
img_214 0.6922708749771118 0.540302038192749 -0.003997032530605795
img_215 0.6923007369041443 0.5477710366249084 -0.0023903786204755306
img_216 0.6920364499092102 0.5554839968681335 -0.0018549356609582903
img_217 0.6919437050819397 0.5626468658447266 0.0005549665074795486
img_218 0.6917625665664673 0.570665717124939 0.0010904483497142794
img_219 0.6917625665664673 0.570665717124939 0.0010904483497142794
img_220 0.6913789510726929 0.5854791402816772 0.003768858499825001
img_221 0.6912094354629517 0.5929469466209412 0.005643121898174286
img_222 0.6910945177078247 0.6007817983627319 0.0045721614733338365
img_223 0.6910945177078247 0.6007817983627319 0.0045721614733338365
img_224 0.6909891366958618 0.6083729863166809 0.005911054089665414
img_225 0.6909464597702026 0.6155956983566284 0.005911055952310564
img_226 0.6909022927284241 0.6230639815330505 0.006714319810271264
img_227 0.6908529996871948 0.6304094791412354 0.005911096464842558
img_228 0.6908529996871948 0.6304094791412354 0.005911096464842558
img_229 0.6908102631568909 0.6376350522041321 0.005911098327487708
img_230 0.6907318830490112 0.6449171900749207 0.0061787683516740825
img_231 0.6909704804420471 0.6521579027175903 0.005642111878842115
img_232 0.6908599734306335 0.6592429280281067 0.004573449026793242
img_233 0.6908599734306335 0.6592429280281067 0.004573449026793242
img_234 0.6910744905471802 0.6665436625480652 0.003500253893435002
img_235 0.6911548972129822 0.6738150715827942 0.0018967523938044908
img_236 0.691388726234436 0.6809778809547424 0.0016290014609694483
img_237 0.6915539503097534 0.6880166530609131 -0.0005125903990119696
img_238 0.6915539503097534 0.6880166530609131 -0.0005125903990119696
img_239 0.6912703514099121 0.6874034404754639 0.0008287696400657297
img_240 0.6913055777549744 0.6874645948410034 0.0005615032860077919
img_241 0.6913055777549744 0.6874645948410034 0.0005615032860077919
img_242 0.6912350058555603 0.6873421669006348 0.001096740597859025
img_243 0.6852225661277771 0.6869680285453796 0.00404422078281641
img_244 0.6852225661277771 0.6869680285453796 0.00404422078281641
img_245 0.6781589388847351 0.6869394779205322 0.00457934569567442
img_246 0.6709105968475342 0.686845064163208 0.005650849081575871
img_247 0.663705587387085 0.6865596175193787 0.0056508462876081475
img_248 0.6564962267875671 0.6863964200019836 0.004044296219944954
img_249 0.6564962267875671 0.6863964200019836 0.004044296219944954
img_250 0.6491458415985107 0.6862442493438721 0.0043120309710502625
img_251 0.6420785784721375 0.6859689354896545 0.004847516305744649
img_252 0.6347644329071045 0.6857498288154602 0.0032412111759185795
img_253 0.6274827718734741 0.6858486533164978 0.0029734359122812757
img_254 0.6202737092971802 0.6855823397636414 0.002170199761167169
img_255 0.6202737092971802 0.6855823397636414 0.002170199761167169
img_256 0.6128456592559814 0.6854436993598938 0.0013662655837833884
img_257 0.6056761741638184 0.6856173872947693 0.0010987145360559227
img_258 0.5981132984161377 0.6854866743087769 0.0005632402608171105
img_259 0.5981132984161377 0.6854866743087769 0.0005632402608171105
img_260 0.5909033417701721 0.6852377653121948 0.0005632374668493867
img_261 0.5837291479110718 0.6852949261665344 0.00029550123144872487
img_262 0.5761651992797852 0.6851702332496643 -0.0010433478746563196
img_263 0.5688497424125671 0.6849942207336426 -0.0010433497373014688
img_264 0.5688497424125671 0.6849942207336426 -0.0010433497373014688
img_265 0.561569333076477 0.6851242184638977 -0.0013110960135236385
img_266 0.5539741516113281 0.6851341724395752 -0.0018488487694412472
img_267 0.54679274559021 0.6850255131721497 -0.0018488487694412472
img_268 0.5393359661102295 0.6851004958152771 -0.0031875139102339753
img_269 0.5393359661102295 0.6851004958152771 -0.0031875139102339753
img_270 0.53177410364151 0.685247004032135 -0.002919804770499468
img_271 0.5243817567825317 0.6852073073387146 -0.0015800525434315207
img_272 0.517000138759613 0.6852801442146301 -0.0018476233817636969
img_273 0.5094373822212219 0.6854165196418762 -0.001579889561980963
img_274 0.5020503997802734 0.6853669881820679 -0.0010443761711940172
img_275 0.5020503997802734 0.6853669881820679 -0.0010443761711940172
img_276 0.4945574998855591 0.6854972243309021 -0.0021154228597879414
img_277 0.4872780740261078 0.6857574582099915 -0.0007767977658659221
img_278 0.4797500967979431 0.6857020854949951 -0.0007767986971884966
img_279 0.4722576439380646 0.6858303546905518 -0.0010445429943501951
img_280 0.4722576439380646 0.6858303546905518 -0.0010445429943501951
img_281 0.4650474786758423 0.6860827803611755 -0.0002412445028312505
img_282 0.4575906991958618 0.6860233545303345 0.00082966749323532
img_283 0.4501675069332123 0.6861396431922913 0.0016330303624272349
img_284 0.44285136461257935 0.6866785883903503 0.0032393648289144048
img_285 0.44285136461257935 0.6866785883903503 0.0032393648289144048
img_286 0.435181200504303 0.6867149472236633 0.0043104421347379684
img_287 0.42793554067611694 0.686867356300354 0.004578178748488427
img_288 0.42072373628616333 0.6868958473205566 0.005116436164826155
img_289 0.4130580723285675 0.6871002316474915 0.006448188796639443
img_290 0.4130580723285675 0.6871002316474915 0.006448188796639443
img_291 0.4056653380393982 0.6871138215065002 0.006984110921621324
img_292 0.39838624000549316 0.6875523924827576 0.007519256323575975
img_293 0.3911057710647583 0.6876200437545776 0.009660993702709675
img_294 0.3839317858219147 0.6874895095825195 0.010999793186783792
img_295 0.3839317858219147 0.6874895095825195 0.010999793186783792
img_296 0.37654227018356323 0.6877143383026123 0.012338521890342237
img_297 0.3690466284751892 0.687866747379303 0.013677355833351614
img_298 0.3616235852241516 0.6878876686096191 0.012874100357294086
img_299 0.35441142320632935 0.6880396604537964 0.013677308335900308
img_300 0.35441142320632935 0.6880396604537964 0.013677308335900308
img_301 0.3469460606575012 0.6882438659667969 0.01555268280208111
img_302 0.3394596576690674 0.6881273984909058 0.016087794676423073
img_303 0.33214130997657776 0.6881933212280273 0.015284508466720583
img_304 0.32460862398147583 0.6883843541145325 0.016087846830487255
img_305 0.31693950295448303 0.6883221864700317 0.015552366152405742
img_306 0.31693950295448303 0.6883221864700317 0.015552366152405742
img_307 0.3097638785839081 0.6883942484855652 0.01608778908848763
img_308 0.3023362159729004 0.688642144203186 0.0168911162763834
img_309 0.29477575421333313 0.6883919835090637 0.016355602070689205
img_310 0.2874256372451782 0.6882717609405518 0.015820121392607692
img_311 0.2874256372451782 0.6882717609405518 0.015820121392607692
img_312 0.2798612713813782 0.6882745027542114 0.015284619294106962
img_313 0.2724345028400421 0.6882835030555725 0.014480963349342348
img_314 0.2652614116668701 0.6882408261299133 0.015819400548934937
img_315 0.2577311098575592 0.688427746295929 0.015016322955489157
img_316 0.2577311098575592 0.688427746295929 0.015016322955489157
img_317 0.2504172623157501 0.6882566809654236 0.01501632481813431
img_318 0.24317525327205658 0.6879642605781555 0.015284085646271709
img_319 0.23564815521240234 0.6879104375839233 0.013677801005542282
img_320 0.22858011722564697 0.6878137588500977 0.015016567893326284
img_321 0.22858011722564697 0.6878137588500977 0.015016567893326284
img_322 0.22105541825294495 0.6875171065330505 0.014213290065526964
img_323 0.21373721957206726 0.6875967383384705 0.013410001993179326
img_324 0.20666995644569397 0.6875019669532776 0.01314227655529976
img_325 0.1992836892604828 0.6870986223220825 0.012874371372163296
img_326 0.1992836892604828 0.6870986223220825 0.012874371372163296
img_327 0.19193577766418457 0.6871263980865479 0.012339190579950811
img_328 0.18465560674667358 0.6870365738868713 0.011268178932368757
img_329 0.17755377292633057 0.686772882938385 0.01046487968415022
img_330 0.17038103938102722 0.686514139175415 0.011000407859683037
img_331 0.16313570737838745 0.6864956617355347 0.010464924387633802
img_332 0.16313570737838745 0.6864956617355347 0.010464924387633802
img_333 0.15585777163505554 0.6861746311187744 0.009393887594342233
img_334 0.1487552970647812 0.6860467195510864 0.009393885731697083
img_335 0.14154130220413208 0.6859789490699768 0.009393882006406784
img_336 0.13426627218723297 0.6857882142066956 0.008323490619659424
img_337 0.13426627218723297 0.6857882142066956 0.008323490619659424
img_338 0.12684518098831177 0.6856039762496948 0.009126775898039343
img_339 0.11974304914474487 0.6854779720306396 0.008323630318045618
img_340 0.11250060051679611 0.6852340698242188 0.006985081359744072
img_341 0.10504224896430969 0.6852431893348694 0.008056185208261015
img_342 0.10504224896430969 0.6852431893348694 0.008056185208261015
img_343 0.09765523672103882 0.6852449178695679 0.0061819152906537065
img_344 0.09055119752883911 0.6851397752761841 0.005378593690693379
img_345 0.08301962167024612 0.6850380301475525 0.0061822650022804754
img_346 0.07563687115907669 0.684931218624115 0.005111760925501583
img_347 0.07563687115907669 0.684931218624115 0.005111760925501583
img_348 0.0683908611536026 0.6849554181098938 0.004576223436743021
img_349 0.06100528687238693 0.6848604083061218 0.00430850312113762
img_350 0.0533723458647728 0.6849499344825745 0.004308500327169896
img_351 0.04633895680308342 0.6848583817481995 0.0029696591664105654
img_352 0.04633895680308342 0.6848583817481995 0.0029696591664105654
img_353 0.03873664513230324 0.6847745776176453 0.003505425294861197
img_354 0.03145899623632431 0.6848714351654053 0.005646428558975458
img_355 0.02400066703557968 0.6848905682563782 0.005110876634716989
img_356 0.016331396996974945 0.685034990310669 0.0037722988054156308
img_357 0.010055795311927795 0.6850727200508118 0.008606977760791779
img_358 0.010055795311927795 0.6850727200508118 0.008606977760791779
img_359 0.00917027797549963 0.6856143474578857 0.016881380230188373
img_360 0.009240968152880669 0.6856155395507812 0.0171491838991642
img_361 0.009240968152880669 0.6856155395507812 0.0171491838991642
img_362 0.009240968152880669 0.6856155395507812 0.0171491838991642
img_363 0.009240968152880669 0.6856155395507812 0.0171491838991642
img_364 0.008826225996017456 0.6809576749801636 0.019290115684270862
img_365 0.008792418986558914 0.6735485792160034 0.019022366032004356
img_366 0.009105351753532887 0.666390597820282 0.019290126860141758
img_367 0.00920588057488203 0.6593461036682129 0.020361935719847683
img_368 0.00920588057488203 0.6593461036682129 0.020361935719847683
img_369 0.009145975112915039 0.651881217956543 0.019559353590011604
img_370 0.009221390821039677 0.6444106698036194 0.020095016807317727
img_371 0.00929830688983202 0.6370664834976196 0.021433463320136074
img_372 0.009479333646595478 0.6302714347839355 0.0219691526144743
img_373 0.009479333646595478 0.6302714347839355 0.0219691526144743
img_374 0.00936076045036316 0.6228014826774597 0.023307401686906818
img_375 0.009311400353908539 0.6158201098442078 0.02491383254528046
img_376 0.009316210635006428 0.6085336208343506 0.026252517476677905
img_377 0.00942873302847147 0.601555585861206 0.02759126201272011
img_378 0.00942873302847147 0.601555585861206 0.02759126201272011
img_379 0.009342002682387829 0.5944498777389526 0.029733138158917427
img_380 0.009270413778722286 0.5873361825942993 0.031073275953531265
img_381 0.009167494252324104 0.5804191827774048 0.032678164541721344
img_382 0.009370189160108566 0.5731368064880371 0.03535582870244979
img_383 0.00930115394294262 0.5660908222198486 0.03615899756550789
img_384 0.009293001145124435 0.5584877133369446 0.03749899193644524
img_385 0.009293001145124435 0.5584877133369446 0.03749899193644524
img_386 0.009234520606696606 0.5515690445899963 0.03910414874553682
img_387 0.009451597929000854 0.5442081093788147 0.04044615849852562
img_388 0.00970031600445509 0.5371901988983154 0.042315725237131126
img_389 0.00970031600445509 0.5371901988983154 0.042315725237131126
img_390 0.009804376401007175 0.5297198295593262 0.0431189499795437
img_391 0.009936558082699776 0.5225566029548645 0.044457692652940764
img_392 0.010159840807318687 0.5151516795158386 0.045260988175868995
img_393 0.010427108965814114 0.5076885223388672 0.047402773052454
img_394 0.010427108965814114 0.5076885223388672 0.047402773052454
img_395 0.010633978061378002 0.5003442764282227 0.04686728119850159
img_396 0.010962942615151405 0.49257585406303406 0.04713505879044533
img_397 0.011233379133045673 0.4853385388851166 0.046866618096828475
img_398 0.011696578934788704 0.4777197241783142 0.04766778647899628
img_399 0.011696578934788704 0.4777197241783142 0.04766778647899628
img_400 0.011911238543689251 0.4702528417110443 0.04793554544448853
img_401 0.012274938635528088 0.4626713693141937 0.04713235050439836
img_402 0.012606185860931873 0.45489779114723206 0.04820419847965241
img_403 0.013253871351480484 0.44733524322509766 0.04686646908521653
img_404 0.013253871351480484 0.44733524322509766 0.04686646908521653
img_405 0.013577038422226906 0.43969041109085083 0.047937408089637756
img_406 0.013967267237603664 0.43229377269744873 0.04606322571635247
img_407 0.014273432083427906 0.42488330602645874 0.04633131995797159
img_408 0.014668300747871399 0.4171288013458252 0.04606391116976739
img_409 0.014668300747871399 0.4171288013458252 0.04606391116976739
img_410 0.015035013668239117 0.4099443852901459 0.046601757407188416
img_411 0.015307174995541573 0.4018424451351166 0.046601757407188416
img_412 0.015714352950453758 0.39462894201278687 0.04526279121637345
img_413 0.016171973198652267 0.3868684768676758 0.04606591910123825
img_414 0.016171973198652267 0.3868684768676758 0.04606591910123825
img_415 0.016504967585206032 0.3796449303627014 0.04606591537594796
img_416 0.0168820358812809 0.36477941274642944 0.04686786979436875
img_417 0.017002901062369347 0.3576761484146118 0.04847439005970956
img_418 0.01740940846502781 0.35002684593200684 0.04901045188307763
img_419 0.017680402845144272 0.3430606424808502 0.05034776031970979
img_420 0.017680402845144272 0.3430606424808502 0.05034776031970979
img_421 0.017844710499048233 0.33558008074760437 0.05195662751793862
img_422 0.017886236310005188 0.328665167093277 0.05356088280677796
img_423 0.01813834346830845 0.32132187485694885 0.055435225367546095
img_424 0.01813834346830845 0.32132187485694885 0.055435225367546095
img_425 0.0182745773345232 0.31440213322639465 0.057309277355670936
img_426 0.018399057909846306 0.30729490518569946 0.05784490332007409
img_427 0.018424998968839645 0.3001236319541931 0.06159262731671334
img_428 0.01851690001785755 0.29288968443870544 0.06346750259399415
img_429 0.01851690001785755 0.29288968443870544 0.06346750259399415
img_430 0.01885746791958809 0.28585970401763916 0.06667940318584444
img_431 0.018836893141269684 0.2787369191646576 0.06801901012659073
img_432 0.019006211310625076 0.27157485485076904 0.07122964411973955
img_433 0.01918124035000801 0.2646522521972656 0.07283616811037065
img_434 0.01918124035000801 0.2646522521972656 0.07283616811037065
img_435 0.01943380758166313 0.2573056221008301 0.0749780610203743
img_436 0.019662300124764442 0.250017374753952 0.0781911462545395
img_437 0.020005570724606514 0.24292127788066864 0.07899441570043567
img_438 0.02027297392487526 0.23551255464553833 0.08220724016427994
img_439 0.02027297392487526 0.23551255464553833 0.08220724016427994
img_440 0.020765511319041252 0.22824330627918243 0.08381383866071702
img_441 0.02099827490746975 0.22082707285881042 0.08595658093690875
img_442 0.021477393805980682 0.21362070739269257 0.08542127162218097
img_443 0.021811937913298607 0.2064000964164734 0.08916942775249481
img_444 0.021811937913298607 0.2064000964164734 0.08916942775249481
img_445 0.022325318306684494 0.19907036423683167 0.0902404859662056
img_446 0.02291692979633808 0.19174781441688538 0.09077599644660952
img_447 0.02333456464111805 0.18404069542884827 0.09211475402116774
img_448 0.02393987402319908 0.17671959102153778 0.09345347434282304
img_449 0.02453691139817238 0.1692134439945221 0.09425667673349382
img_450 0.02453691139817238 0.1692134439945221 0.09425667673349382
img_451 0.02516946569085121 0.1617712676525116 0.09559548646211626
img_452 0.025946656242012978 0.15403629839420319 0.09532775729894642
img_453 0.026405613869428635 0.1466360241174698 0.09720282256603244
img_454 0.026405613869428635 0.1466360241174698 0.09720282256603244
img_455 0.027100898325443268 0.13914160430431366 0.09747046232223514
img_456 0.02771083451807499 0.13145102560520172 0.09854149073362355
img_457 0.02830491028726101 0.12400484830141068 0.09800598025321962
img_458 0.029006842523813248 0.11650426685810089 0.09907750785350801
img_459 0.029745152220129967 0.10907682776451111 0.09988029301166534
img_460 0.029745152220129967 0.10907682776451111 0.09988029301166534
img_461 0.03040740080177784 0.10175947844982147 0.10041586309671403
img_462 0.03067154623568058 0.09384975582361221 0.10202226042747499
img_463 0.031519047915935516 0.0866127759218216 0.10202226042747499
img_464 0.03218431770801544 0.07942062616348267 0.10336083173751832
img_465 0.03218431770801544 0.07942062616348267 0.10336083173751832
img_466 0.03278534859418869 0.071913942694664 0.10469941794872285
img_467 0.03327188640832901 0.06457829475402832 0.10684154182672502
img_468 0.03380177542567253 0.056978337466716766 0.10737861692905427
img_469 0.034378837794065475 0.04998090863227844 0.11111600697040559
img_470 0.034378837794065475 0.04998090863227844 0.11111600697040559
img_471 0.03496864438056946 0.042460791766643524 0.11299263685941699
img_472 0.03536181151866913 0.03555229306221008 0.11432971805334094
img_473 0.035946909338235855 0.027978358790278435 0.11647184938192369
img_474 0.03636457398533821 0.021063610911369324 0.11941669136285785
img_475 0.0368172824382782 0.014027003198862076 0.12316551059484483
img_476 0.0368172824382782 0.014027003198862076 0.12316551059484483
img_477 0.037369001656770706 0.006693372502923012 0.1266462355852127
img_478 0.03809983655810356 0.0006735981442034245 0.125306710600853
