img_0 0.0 0.0 0.0
img_1 0.0 0.0 0.0
img_2 0.0 0.0 0.0
img_3 0.0 0.0 0.0
img_4 0.0 0.0 0.0
img_5 0.0 0.0 0.0
img_6 -0.00031418720027431846 -0.0006651185103692114 0.03437669202685357
img_7 -0.00042090719216503203 -0.0006083022453822196 0.07274146378040314
img_8 -0.00016400482854805887 -0.0007714571547694504 0.11244755238294603
img_9 -5.3934847528580576e-05 -0.0011240665335208178 0.15108183026313782
img_10 0.00018952676327899098 -0.001331636682152748 0.18945381045341494
img_11 0.00021229751291684806 -0.0014503860147669911 0.22702276706695557
img_12 0.00019189466547686607 -0.0015171521808952093 0.26645967364311224
img_13 0.0004398601595312357 -0.0017628176137804985 0.3058947026729585
img_14 0.0006973377894610167 -0.001998533494770527 0.3445332944393158
img_15 0.0008980026468634605 -0.0022476925514638424 0.3829029798507691
img_16 0.0008980028214864433 -0.002247692784294486 0.42207217216491705
img_17 0.0013155178166925907 -0.002325315959751606 0.46177619695663463
img_18 0.0014318842440843582 -0.0024024611338973045 0.5004101395606995
img_19 0.0015511603560298681 -0.0024750640150159597 0.5390495061874391
img_20 0.0016709879273548722 -0.0024033905938267708 0.5787527561187745
img_21 0.00190861732698977 -0.0023203492164611816 0.6184566020965577
img_22 0.0021123341284692287 -0.0025464273057878017 0.6573618650436402
img_23 0.0022874316200613976 -0.002487644786015153 0.696796715259552
img_24 0.0021683229133486748 -0.002508482662960887 0.7359660863876344
img_25 0.0019172322936356068 -0.002491213148459792 0.7756640911102296
img_26 0.0019346455810591578 -0.0025588253047317266 0.8167026042938231
img_27 0.00195481488481164 -0.0026256577111780643 0.8561369776725769
img_28 0.0018177225720137358 -0.002599141327664256 0.896641194820404
img_29 0.001498043304309249 -0.002611797070130706 0.9366112351417542
img_30 0.0012898887507617474 -0.0025886837393045425 0.9781782031059265
img_31 0.0013288813643157482 -0.0025307759642601013 1.0184134244918823
img_32 0.0010828961385414004 -0.00258417846634984 1.0589157342910769
img_33 0.0006626240210607648 -0.002468173624947667 1.0996849536895752
img_34 0.00027596199652180076 -0.0024279362987726927 1.1407251358032229
img_35 0.00030506582697853446 -0.002364488784223795 1.1817550659179688
img_36 5.4819596698507667e-05 -0.0023373549338430166 1.2222570180892947
img_37 -0.00010651380580384284 -0.0024272878654301167 1.2624924182891848
img_38 -0.0005628162762150168 -0.0024651745334267616 1.3038010597229004
img_39 -0.00046460930025205016 -0.0025644071865826845 1.345098614692688
img_40 -0.0006491879466921091 -0.002557838801294565 1.3845323324203491
img_41 -0.0006879731081426144 -0.002763652941212058 1.4253005981445315
img_42 -0.0010570008307695389 -0.0027801336254924536 1.4658006429672241
img_43 -0.001368623343296349 -0.002852597739547491 1.5073704719543457
img_44 -0.0013686235761269927 -0.0028525979723781347 1.5473406314849856
img_45 -0.0012494019465520978 -0.0029252110980451107 1.5878335237503054
img_46 -0.0013679694384336472 -0.00306692929007113 1.6272845268249514
img_47 -0.0016638454981148243 -0.0031885376665741205 1.667249917984009
img_48 -0.0016137526836246252 -0.003078484907746315 1.7072182893753054
img_49 -0.0014844639226794243 -0.0031312033534049988 1.746121168136597
img_50 -0.0014966404996812344 -0.0030624656938016415 1.785554647445679
img_51 -0.001481762039475143 -0.003130678553134203 1.8244603872299197
img_52 -0.0011978851398453116 -0.0030210218392312527 1.864164710044861
img_53 -0.0010619449894875288 -0.003052884479984641 1.9030675888061526
img_54 -0.0008105751476250589 -0.0030399938113987446 1.94196879863739
img_55 -0.0008795844041742384 -0.0030293927993625402 1.980075836181641
img_56 -0.0008657854632474482 -0.00290921563282609 2.0200607776641846
img_57 -0.0006300940294750035 -0.00256317388266325 2.0592124462127686
img_58 -0.00041651667561382055 -0.002449688268825412 2.097585439682007
img_59 -0.000312380725517869 -0.002267983974888921 2.1359541416168213
img_60 -0.00041952577885240316 -0.0022119248751550913 2.1751255989074707
img_61 -0.00034927710657939315 -0.0017816402250900865 2.2142953872680664
img_62 -0.00015580153558403254 -0.0016365344636142254 2.252666711807251
img_63 -5.01490940223448e-05 -0.0011910751927644014 2.291305541992188
img_64 -9.620624769013375e-05 -0.0011386163532733917 2.3291404247283936
img_65 -0.00015245427493937314 -0.0009034214890561998 2.369107723236084
img_66 -3.366611781530082e-05 -0.0006814918015152216 2.4085450172424316
img_67 9.079754818230867e-05 -0.0003867571649607271 2.4469170570373535
img_68 3.716742139658891e-05 -0.00034207128919661045 2.485550880432129
img_69 0.00015702600649092346 -0.0003580393095035106 2.525519371032715
img_70 -7.472859579138458e-06 -0.00016749108908697963 2.5652248859405518
img_71 -1.0707390174502507e-07 -2.8038208256475627e-05 2.6046674251556396
img_72 6.0804548411397263e-05 6.05473542236723e-06 2.6440985202789307
img_73 6.741818651789799e-06 -0.0002397912903688848 2.6838021278381348
img_74 -0.00011391541920602322 -0.00024774286430329084 2.7245705127716064
img_75 -0.00011391541920602322 -0.0002477426314726472 2.764540433883667
img_76 -0.00011391541920602322 -0.0002477426314726472 2.8045098781585693
img_77 -6.213093001861125e-05 -0.000522155431099236 2.8447461128234863
img_78 -5.0415728765074164e-05 -0.0008418739307671785 2.8855159282684326
img_79 -1.331900421064347e-06 -0.0007922247750684619 2.925753355026245
img_80 -4.837056258111261e-05 -0.0008437988581135869 2.96625018119812
img_81 4.6933968405937776e-05 -0.001106305979192257 3.006488800048828
img_82 0.0004130847519263625 -0.0015221238136291504 3.0472519397735596
img_83 -0.00035655219107866287 -0.0018744046101346612 3.058443307876587
img_84 -0.00046591885620728135 -0.0019259523833170533 3.058443307876587
img_85 -0.0003963396593462676 -0.0019317512633278966 3.0581767559051514
img_86 -0.0003963396593462676 -0.0019317512633278966 3.0581767559051514
img_87 -0.0003963396593462676 -0.0019317512633278966 3.0581767559051514
img_88 -0.0012661638902500272 -0.006469924468547106 3.058443307876587
img_89 -0.00151977245695889 -0.012454835698008537 3.059509038925171
img_90 -0.0019558577332645655 -0.018607107922434807 3.0592424869537354
img_91 -0.00212519196793437 -0.02490225061774254 3.0603082180023193
img_92 -0.002754791872575879 -0.03134116902947426 3.0603082180023193
img_93 -0.00296736229211092 -0.03738975524902344 3.0624399185180664
img_94 -0.003534155897796154 -0.04365258663892746 3.062706470489502
img_95 -0.0037622759118676186 -0.0496392697095871 3.063772439956665
img_96 -0.004211578983813524 -0.05585019290447235 3.0640389919281006
img_97 -0.004501315765082836 -0.06183145195245743 3.0645718574523926
img_98 -0.004985118750482798 -0.0681004747748375 3.06537127494812
img_99 -0.005605716723948717 -0.07393472641706467 3.0656378269195557
img_100 -0.005904240999370813 -0.0801575630903244 3.0661706924438477
img_101 -0.0064990282990038395 -0.08617573231458664 3.065904140472412
img_102 -0.006777608767151833 -0.0921575203537941 3.066437005996704
img_103 -0.007222543470561504 -0.0980665385723114 3.0656375885009766
img_104 -0.007641874253749847 -0.10403662919998169 3.065903902053833
img_105 -0.008298750966787338 -0.1099289283156395 3.0651044845581055
img_106 -0.008672669529914856 -0.11572161316871643 3.0656373500823975
img_107 -0.009161652997136116 -0.12168700248003006 3.0645716190338135
img_108 -0.009698700159788132 -0.12728498876094818 3.063772201538086
img_109 -0.010178092867136002 -0.1334327757358551 3.0629727840423584
img_110 -0.01093295868486166 -0.13901402056217194 3.062173366546631
img_111 -0.01140301302075386 -0.144920215010643 3.062173366546631
img_112 -0.012053092010319233 -0.15044845640659332 3.060574531555176
img_113 -0.012562504038214684 -0.15629099309444427 3.059508800506592
img_114 -0.013336539268493652 -0.16229373216629028 3.0581765174865723
img_115 -0.013760165311396122 -0.167779341340065 3.058443069458008
img_116 -0.014530505053699017 -0.17366038262844086 3.0571107864379883
img_117 -0.014970201067626476 -0.1792663037776947 3.0557785034179688
img_118 -0.015577200800180435 -0.1851005107164383 3.0541796684265137
img_119 -0.016252491623163223 -0.19080695509910583 3.054446220397949
img_120 -0.01682117022573948 -0.1969131976366043 3.0541787147521973
img_121 -0.017512449994683266 -0.20241239666938782 3.053382635116577
img_122 -0.01801559329032898 -0.20849771797657013 3.052849769592285
img_123 -0.018639681860804558 -0.21433016657829285 3.0520503520965576
img_124 -0.019070636481046677 -0.22030122578144073 3.0520503520965576
img_125 -0.019720938056707382 -0.2263733446598053 3.0520503520965576
img_126 -0.020250819623470306 -0.23227518796920776 3.0520503520965576
img_127 -0.020871838554739952 -0.23841138184070587 3.0515174865722656
img_128 -0.02126576378941536 -0.24432504177093506 3.0525834560394287
img_129 -0.021784501150250435 -0.2505301833152771 3.0528500080108643
img_130 -0.02233111299574375 -0.25667351484298706 3.0528500080108643
img_131 -0.02291780896484852 -0.26287347078323364 3.0533828735351562
img_132 -0.02336200326681137 -0.26908448338508606 3.0541820526123047
img_133 -0.023571614176034927 -0.27507561445236206 3.0549814701080322
img_134 -0.024075541645288467 -0.28128287196159363 3.0560474395751953
img_135 -0.024454360827803612 -0.2877429723739624 3.0565803050994873
img_136 -0.025007644668221474 -0.2938244342803955 3.0571131706237793
img_137 -0.025359155610203743 -0.30004364252090454 3.0592446327209473
img_138 -0.025806833058595657 -0.3063165545463562 3.0589780807495117
img_139 -0.026027409359812737 -0.31236380338668823 3.060310125350952
img_140 -0.026438549160957336 -0.3187008202075958 3.060310125350952
img_141 -0.02682996727526188 -0.3247954547405243 3.0619089603424072
img_142 -0.027439704164862633 -0.33111557364463806 3.0627083778381348
img_143 -0.027806954458355904 -0.33709022402763367 3.0635077953338623
img_144 -0.02815825492143631 -0.34337007999420166 3.063774347305298
img_145 -0.028498463332653046 -0.34952911734580994 3.064840078353882
img_146 -0.028753217309713364 -0.35557302832603455 3.0656394958496094
img_147 -0.029460204765200615 -0.3616432249546051 3.065372943878174
img_148 -0.029790591448545456 -0.36780327558517456 3.066438913345337
img_149 -0.030314169824123383 -0.37382709980010986 3.0651066303253174
img_150 -0.030530381947755814 -0.3793894946575165 3.0667054653167725
img_151 -0.030339637771248817 -0.37964630126953125 3.0683040618896484
img_152 -0.030339637771248817 -0.37964630126953125 3.0683040618896484
img_153 -0.030339637771248817 -0.37964630126953125 3.0683040618896484
img_154 -0.030339637771248817 -0.37964630126953125 3.0683040618896484
img_155 -0.03161943703889847 -0.37991607189178467 3.058711528778076
img_156 -0.031579647213220596 -0.37985870242118835 3.019011974334717
img_157 -0.03165125846862793 -0.38015449047088623 2.9795727729797363
img_158 -0.031425055116415024 -0.38006892800331116 2.9388039112091064
img_159 -0.03132997825741768 -0.3797798454761505 2.8998992443084717
img_160 -0.03132046014070511 -0.37959539890289307 2.858069896697998
img_161 -0.03162240609526634 -0.379633367061615 2.8199636936187744
img_162 -0.031503938138484955 -0.3796091079711914 2.7783939838409424
img_163 -0.031309809535741806 -0.37929481267929077 2.738159418106079
img_164 -0.03148007392883301 -0.3788934350013733 2.697389841079712
img_165 -0.0317322202026844 -0.37877342104911804 2.656888246536255
img_166 -0.031802136451005936 -0.3785316050052643 2.6163856983184814
img_167 -0.031499896198511124 -0.37856701016426086 2.575350761413574
img_168 -0.03141717612743378 -0.37804651260375977 2.5345847606658936
img_169 -0.031496960669755936 -0.3775494396686554 2.492750883102417
img_170 -0.03154386952519417 -0.3774379789829254 2.453577995300293
img_171 -0.03137064352631569 -0.37750211358070374 2.4117424488067623
img_172 -0.031062468886375427 -0.37720999121665955 2.3720428943634033
img_173 -0.03089418075978756 -0.37703627347946167 2.3304715156555176
img_174 -0.03120245411992073 -0.37679949402809143 2.290768623352051
img_175 -0.03122604638338089 -0.3766809105873108 2.2500009536743164
img_176 -0.030981631949543953 -0.37688738107681274 2.2100274562835693
img_177 -0.030773812904953957 -0.37655892968177795 2.169795274734497
img_178 -0.030961517244577408 -0.37639120221138 2.1287591457366943
img_179 -0.031072404235601425 -0.37621352076530457 2.0895903110504155
img_180 -0.031108761206269264 -0.37651562690734863 2.0498886108398438
img_181 -0.031006833538413048 -0.37658068537712097 2.0107178688049316
img_182 -0.031026458367705345 -0.3763970136642456 1.9702144861221316
img_183 -0.03131572902202606 -0.376178115606308 1.9318443536758423
img_184 -0.03144842013716698 -0.3763401508331299 1.8926746845245364
img_185 -0.03143061697483063 -0.3767757713794708 1.8543045520782475
img_186 -0.031362805515527725 -0.37679237127304077 1.8146013021469116
img_187 -0.031765393912792206 -0.3766767084598541 1.7762308120727541
img_188 -0.032016389071941376 -0.3766576945781708 1.7373273372650146
img_189 -0.03230468928813934 -0.3771308958530426 1.6989575624465942
img_190 -0.03229576721787453 -0.3772001266479492 1.6603177785873415
img_191 -0.032593704760074615 -0.3772619068622589 1.62061882019043
img_192 -0.032845791429281235 -0.37706467509269714 1.5830304622650144
img_193 -0.033264078199863434 -0.37745359539985657 1.5436133146286013
img_194 -0.03333305940032005 -0.3777660131454468 1.5052398443222046
img_195 -0.03344915062189102 -0.3776884377002716 1.4655355215072634
img_196 -0.03354739770293236 -0.37746745347976685 1.4271649122238161
img_197 -0.03381669148802757 -0.37764009833335876 1.3879998922348022
img_198 -0.033999036997556686 -0.37796133756637573 1.3490995168685915
img_199 -0.03389640524983406 -0.37805604934692383 1.3096548318862915
img_200 -0.03411202132701874 -0.37792617082595825 1.2699517011642458
img_201 -0.03432232141494751 -0.37778782844543457 1.2310463190078738
img_202 -0.03455263376235962 -0.37807661294937134 1.192146420478821
img_203 -0.03453516960144043 -0.37819626927375793 1.1521780490875244
img_204 -0.03433956205844879 -0.37805408239364624 1.1114112138748171
img_205 -0.034486670047044754 -0.37794235348701477 1.072771668434143
img_206 -0.03451693058013916 -0.3781245946884155 1.0317312479019165
img_207 -0.03438108414411545 -0.3783685266971588 0.9920345544815065
img_208 -0.03403257951140404 -0.37838777899742126 0.9515358209609988
img_209 -0.033858928829431534 -0.37803998589515686 0.911829710006714
img_210 -0.03373068571090698 -0.3778744041919708 0.8710603117942811
img_211 -0.03358805179595947 -0.3782682418823242 0.8310904502868653
img_212 -0.033157795667648315 -0.37842458486557007 0.7905891537666322
img_213 -0.032924529165029526 -0.378360778093338 0.7490215301513672
img_214 -0.032822273671627045 -0.37826570868492126 0.7095853686332704
img_215 -0.03284941986203194 -0.3784484267234802 0.6682823300361634
img_216 -0.03267943486571312 -0.3787764012813568 0.6280466318130493
img_217 -0.03218381851911545 -0.3788648545742035 0.58621084690094
img_218 -0.03194247931241989 -0.37884971499443054 0.5462459325790406
img_219 -0.031940896064043045 -0.3789195120334625 0.5049389600753785
img_220 -0.032008517533540726 -0.37930232286453247 0.46443259716033947
img_221 -0.03165470063686371 -0.3794631361961365 0.4234034419059754
img_222 -0.03140709921717644 -0.37941786646842957 0.38236951828002924
img_223 -0.03126772865653038 -0.3792966604232788 0.34266677498817455
img_224 -0.031464993953704834 -0.37936702370643616 0.3018980026245118
img_225 -0.03137248381972313 -0.37978148460388184 0.2629933953285218
img_226 -0.031120818108320236 -0.37977632880210876 0.22195750474929812
img_227 -0.03086915798485279 -0.3797815144062042 0.1825213730335236
img_228 -0.03102700412273407 -0.3795032501220703 0.14255295693874356
img_229 -0.0313553661108017 -0.3796725571155548 0.10364755988121034
img_230 -0.031203873455524445 -0.3797784447669983 0.06338372826576236
img_231 -0.03101797215640545 -0.3794034421443939 0.024243354797363285
img_232 -0.031057264655828476 -0.37922295928001404 -0.014659237116575243
img_233 -0.031402748078107834 -0.3789760172367096 -0.053562924265861525
img_234 -0.03147893026471138 -0.3790930211544037 -0.09299717098474504
img_235 -0.033320099115371704 -0.37928566336631775 -0.10951949656009674
img_236 -0.03336140140891075 -0.3793419301509857 -0.10925306379795076
img_237 -0.03336140140891075 -0.3793419301509857 -0.10925306379795076
img_238 -0.032551322132349014 -0.3754778206348419 -0.11218377202749252
img_239 -0.03194292634725571 -0.3697655498981476 -0.11271677166223523
img_240 -0.031109612435102463 -0.3639560639858246 -0.11404947936534883
img_241 -0.030379941686987877 -0.35819926857948303 -0.11378309130668644
img_242 -0.029693197458982468 -0.3524971902370453 -0.11484883725643158
img_243 -0.029014261439442635 -0.34630706906318665 -0.11458238214254379
img_244 -0.02817021869122982 -0.3404998779296875 -0.11591491848230363
img_245 -0.027484700083732605 -0.3343106210231781 -0.11564847081899644
img_246 -0.02675940841436386 -0.3283695578575134 -0.11511559039354327
img_247 -0.026245251297950745 -0.3220995366573334 -0.11431623250246048
img_248 -0.025680329650640488 -0.31626129150390625 -0.11431623250246048
img_249 -0.024976834654808044 -0.3101341724395752 -0.11431622505187991
img_250 -0.024425869807600975 -0.30411139130592346 -0.11325031518936156
img_251 -0.023576531559228897 -0.2978794276714325 -0.11271737515926362
img_252 -0.023132508620619774 -0.2917846441268921 -0.11165159940719606
img_253 -0.022528238594532013 -0.2857684791088104 -0.1111186668276787
img_254 -0.022080525755882263 -0.2795524597167969 -0.10925344377756122
img_255 -0.021325550973415375 -0.2733099162578583 -0.10898698866367341
img_256 -0.020947333425283432 -0.2669651210308075 -0.10738821327686311
img_257 -0.02038397267460823 -0.2607622444629669 -0.10658880323171618
img_258 -0.019882135093212128 -0.2544313669204712 -0.10525648295879365
img_259 -0.019398478791117668 -0.24852432310581207 -0.10499002039432528
img_260 -0.018780553713440895 -0.24232730269432068 -0.10392412543296817
img_261 -0.01818181574344635 -0.23625029623508453 -0.10285829752683642
img_262 -0.017564738169312477 -0.22993221879005432 -0.10259184241294862
img_263 -0.017321329563856125 -0.22381886839866638 -0.1004602536559105
img_264 -0.016727089881896973 -0.2179236114025116 -0.10125964879989625
img_265 -0.01621399261057377 -0.21183787286281586 -0.10046026110649113
img_266 -0.015485250391066074 -0.2056524157524109 -0.10046026110649113
img_267 -0.01496488880366087 -0.1994459331035614 -0.09966087341308595
img_268 -0.014305905438959599 -0.1935572475194931 -0.09939441084861755
img_269 -0.013979085721075535 -0.1878175288438797 -0.0975291356444359
img_270 -0.014182228595018387 -0.1881013959646225 -0.09699620306491852
img_271 -0.014141632243990898 -0.18804460763931274 -0.0972626581788063
img_272 -0.014141632243990898 -0.18804460763931274 -0.0972626581788063
img_273 -0.014141632243990898 -0.18804460763931274 -0.0972626581788063
img_274 -0.0126526253297925 -0.18752166628837585 -0.11618172377347949
img_275 -0.012500668875873089 -0.18802635371685028 -0.15615060925483706
img_276 -0.012688761577010155 -0.18787433207035065 -0.1953220069408417
img_277 -0.01275724545121193 -0.18786078691482544 -0.2355565577745438
img_278 -0.012505517341196537 -0.18785902857780457 -0.2757954597473145
img_279 -0.012235541827976704 -0.18818673491477966 -0.31522560119628906
img_280 -0.012287471443414688 -0.1882333904504776 -0.35572677850723267
img_281 -0.012448817491531372 -0.18836694955825806 -0.3956995010375976
img_282 -0.012439912185072899 -0.18843619525432587 -0.4367373585700988
img_283 -0.012277062982320786 -0.1889125257730484 -0.4777699708938599
img_284 -0.012084671296179295 -0.18914832174777985 -0.5182738900184632
img_285 -0.012325393967330456 -0.18935905396938324 -0.5590429902076721
img_286 -0.012387054972350597 -0.18939179182052612 -0.5995467305183411
img_287 -0.012167122215032578 -0.1896885633468628 -0.6413771510124208
img_288 -0.01216860767453909 -0.19021566212177277 -0.6813479661941527
img_289 -0.012483569793403149 -0.19027158617973328 -0.7221121788024903
img_290 -0.012615899555385113 -0.19031618535518646 -0.7623530030250552
img_291 -0.012413941323757172 -0.19050903618335724 -0.8044539093971252
img_292 -0.012462276965379715 -0.1908947080373764 -0.8446874618530276
img_293 -0.012415922246873379 -0.19094690680503845 -0.8843911886215212
img_294 -0.012686444446444511 -0.1908075213432312 -0.9246281385421753
img_295 -0.012602374888956547 -0.19091899693012238 -0.9656615257263186
img_296 -0.012612544000148773 -0.1912231296300888 -1.0058974027633667
img_297 -0.012570179998874664 -0.19140291213989258 -1.0447995662689211
img_298 -0.012745169922709465 -0.1912219226360321 -1.086106538772583
img_299 -0.012740466743707657 -0.1911011040210724 -1.1252733469009402
img_300 -0.012571156956255436 -0.19117499887943268 -1.1655148267745972
img_301 -0.012585427612066269 -0.19129504263401031 -1.203876852989197
img_302 -0.012616651132702827 -0.19104525446891785 -1.243581295013428
img_303 -0.012660377658903599 -0.1907282918691635 -1.2827568054199219
img_304 -0.012264557182788849 -0.19057461619377136 -1.3224549293518069
img_305 -0.012247398495674133 -0.19064228236675262 -1.3613548278808598
img_306 -0.012025341391563416 -0.19052369892597198 -1.400794267654419
img_307 -0.012119833379983902 -0.18997323513031006 -1.4388990402221682
img_308 -0.011769408360123634 -0.18985632061958313 -1.4775358438491824
img_309 -0.011592067778110504 -0.18980467319488525 -1.517238736152649
img_310 -0.011467576958239079 -0.18986791372299194 -1.5553450584411623
img_311 -0.011293221265077591 -0.18941135704517365 -1.5942504405975342
img_312 -0.011044912971556187 -0.18913786113262177 -1.6328853368759155
img_313 -0.010674213990569115 -0.1890210211277008 -1.6725856065750124
img_314 -0.01068130787461996 -0.18909047544002533 -1.7106889486312866
img_315 -0.01049683429300785 -0.18908120691776276 -1.7495920658111574
img_316 -0.010553748346865177 -0.18871618807315826 -1.7884967327117922
img_317 -0.010081431828439236 -0.18882067501544952 -1.8276710510253906
img_318 -0.010134637355804443 -0.1890232264995575 -1.8668380975723267
img_319 -0.009950965642929077 -0.18904274702072144 -1.9057413339614868
img_320 -0.009813535958528519 -0.18883183598518372 -1.9446471929550175
img_321 -0.009744508191943169 -0.18882142007350922 -1.9843475818634033
img_322 -0.009661830961704254 -0.18893395364284515 -2.0240535736083984
img_323 -0.00992339476943016 -0.18919482827186584 -2.06348991394043
img_324 -0.010033654980361462 -0.18901678919792175 -2.1026549339294434
img_325 -0.010032656602561474 -0.18889586627483368 -2.1426253318786626
img_326 -0.01007043942809105 -0.18895457684993744 -2.1831297874450684
img_327 -0.01032988727092743 -0.189113587141037 -2.2228310108184814
img_328 -0.010553097352385521 -0.18920668959617615 -2.263601303100586
img_329 -0.010625775903463364 -0.18901026248931885 -2.3027703762054443
img_330 -0.010694090276956558 -0.188995823264122 -2.3438122272491455
img_331 -0.011110858991742134 -0.18907679617404938 -2.384838342666626
img_332 -0.011479906737804413 -0.18909268081188202 -2.425337791442871
img_333 -0.011506643146276474 -0.188955619931221 -2.465577602386475
img_334 -0.01153844315558672 -0.18874859809875488 -2.5063478946685795
img_335 -0.011770986951887608 -0.18884491920471191 -2.548180341720581
img_336 -0.01226807851344347 -0.18866974115371704 -2.5881481170654297
img_337 -0.01233372837305069 -0.18849706649780273 -2.6286556720733643
img_338 -0.0122706713154912 -0.18825340270996094 -2.6696877479553227
img_339 -0.012515745125710964 -0.18831060826778412 -2.7115137577056885
img_340 -0.012870431877672672 -0.18820720911026 -2.7520196437835693
img_341 -0.012971618212759495 -0.18805266916751862 -2.791459560394287
img_342 -0.012816361151635647 -0.18786723911762238 -2.8322291374206543
img_343 -0.012904822826385498 -0.1877051144838333 -2.8724606037139893
img_344 -0.01317405141890049 -0.18777936697006226 -2.913766860961914
img_345 -0.013453030958771706 -0.18765787780284882 -2.9524013996124268
img_346 -0.013292953372001648 -0.1875656545162201 -2.9926445484161377
img_347 -0.013154884800314903 -0.18754494190216064 -3.032343864440918
img_348 -0.013226024806499481 -0.18785688281059265 -3.0723156929016113
img_349 -0.01337366085499525 -0.18774594366550446 -3.1117453575134277
img_350 -0.013197401538491249 -0.18780116736888885 3.1320036093341277
img_351 -0.012849492020905018 -0.18792544305324554 3.0930979887591765
img_352 -0.012899008579552174 -0.1882256716489792 3.0536642710315154
img_353 -0.012939090840518475 -0.1882828325033188 3.0142265001880095
img_354 -0.012954452075064182 -0.18840277194976807 2.975054566060202
img_355 -0.012492561712861061 -0.18860302865505219 2.93641716638674
img_356 -0.01226845197379589 -0.18889667093753815 2.897782389317648
img_357 -0.012191335670650005 -0.18916507065296173 2.8580792585956023
img_358 -0.012442831881344318 -0.18915477395057678 2.819443527852194
img_359 -0.012174315750598907 -0.1895630955696106 2.780805651341574
img_360 -0.011890403926372528 -0.1897994577884674 2.742700640355246
img_361 -0.01203128695487976 -0.1901337057352066 2.7035341898547576
img_362 -0.012145821005105972 -0.19021360576152802 2.6646235624896453
img_363 -0.01220132876187563 -0.19032101333141327 2.6262567679034636
img_364 -0.011897054500877857 -0.19056282937526703 2.586824719105856
img_365 -0.011905757710337639 -0.19084195792675018 2.5479200522052214
img_366 -0.012089166790246964 -0.19086408615112305 2.5084770361529753
img_367 -0.012081537395715714 -0.1907947063446045 2.470643822346823
img_368 -0.012002833187580109 -0.19108903408050537 2.430893484746115
img_369 -0.011844268999993801 -0.19122551381587982 2.3917658964740203
img_370 -0.011895355768501759 -0.19117793440818787 2.3512654940234587
img_371 -0.012239314615726471 -0.19083057343959808 2.312349621449606
img_372 -0.012239314615726471 -0.19083057343959808 2.2731946150409144
img_373 -0.01201170776039362 -0.19091232120990753 2.233225170766012
img_374 -0.012192931026220322 -0.19087658822536469 2.1929886976825164
img_375 -0.012298109009861946 -0.1905224770307541 2.152754131947653
img_376 -0.012350588105618954 -0.19022272527217865 2.113051239644186
img_377 -0.012035353109240532 -0.1902773082256317 2.0730813185321257
img_378 -0.012068962678313255 -0.19021612405776978 2.0325792471515105
img_379 -0.012085126712918282 -0.18991225957870483 1.991278950368063
img_380 -0.01177004911005497 -0.18958020210266113 1.9507806936847136
img_381 -0.011657741852104664 -0.18953534960746765 1.9100073019610806
img_382 -0.011406450532376766 -0.1895207166671753 1.8697708288775847
img_383 -0.011420642957091331 -0.18926940858364105 1.827936951314108
img_384 -0.011240031570196152 -0.18900537490844727 1.7879703680621548
img_385 -0.010849292390048504 -0.18881191313266754 1.747198883687155
img_386 -0.010652352124452591 -0.18888317048549652 1.706430260335104
img_387 -0.010690112598240376 -0.18860647082328796 1.665128056203024
img_388 -0.010652931407094002 -0.18835747241973877 1.6240866819964812
img_389 -0.010360386222600937 -0.18816711008548737 1.5843876043902798
img_390 -0.010296547785401344 -0.18841084837913513 1.5438454786883757
img_391 -0.01017391961067915 -0.18834438920021057 1.5033858458148406
img_392 -0.010222486220300198 -0.18816617131233215 1.462883297597067
img_393 -0.00990300439298153 -0.18802514672279358 1.4231627623187466
img_394 -0.009858619421720505 -0.18813759088516235 1.3832052389727996
img_395 -0.009765874594449997 -0.18829728662967682 1.3435085455523894
img_396 -0.010052536614239216 -0.1881951540708542 1.3032725493060515
img_397 -0.009899022988975048 -0.18809247016906738 1.2638395468341277
img_398 -0.00994611531496048 -0.18804092705249786 1.2251976172076628
img_399 -0.010133049450814724 -0.18838167190551758 1.1849673430072232
img_400 -0.010409687645733356 -0.18842002749443054 1.146059338246481
img_401 -0.010572494938969612 -0.1881931573152542 1.1066244284259241
img_402 -0.01068062148988247 -0.18813902139663696 1.0674541632281702
img_403 -0.011058387346565723 -0.18844904005527496 1.0285509268390103
img_404 -0.011270035989582539 -0.18856602907180786 0.9901822249041959
img_405 -0.011681405827403069 -0.18842141330242157 0.9510062376605435
img_406 -0.0117392772808671 -0.18829436600208282 0.9121068159686491
img_407 -0.011963102966547012 -0.1883859783411026 0.8737347761737271
img_408 -0.012393440119922161 -0.18861743807792664 0.8348358313189909
img_409 -0.012640969827771187 -0.18844035267829895 0.795926396046774
img_410 -0.012727364897727966 -0.18835575878620148 0.7567580381976529
img_411 -0.012724997475743294 -0.1881040632724762 0.7186544577227996
img_412 -0.013040288351476192 -0.18837983906269073 0.6794841925250455
img_413 -0.013279168866574764 -0.18841737508773804 0.6403186956988737
img_414 -0.013375820592045784 -0.18811233341693878 0.6011417547809049
img_415 -0.01326068677008152 -0.18803337216377258 0.5625098387347623
img_416 -0.013443294912576675 -0.18800555169582367 0.5236046949969694
img_417 -0.013624652288854122 -0.18811026215553284 0.48443919817079756
img_418 -0.013613717630505562 -0.18783117830753326 0.4441974798785611
img_419 -0.013372658751904964 -0.18785035610198975 0.4050305525409147
img_420 -0.01318017765879631 -0.18776783347129822 0.36586314836611
img_421 -0.013386738486588001 -0.187911719083786 0.32615691820253573
img_422 -0.013386738486588001 -0.187911719083786 0.2861769835101529
img_423 -0.013236409053206444 -0.1878044754266739 0.24568492570985995
img_424 -0.012887557968497276 -0.1879040002822876 0.20571452776064117
img_425 -0.012838157825171947 -0.18814073503017426 0.16574508348573885
img_426 -0.012887063436210155 -0.18827152252197266 0.12550956407655917
img_427 -0.01274853479117155 -0.18825404345989227 0.08447391191591462
img_428 -0.0124099962413311 -0.18852874636650085 0.043705765401022036
img_429 -0.014427829533815384 -0.18952472507953644 0.021056954060689994
img_430 -0.014257149770855904 -0.18933971226215363 0.022122685109273975
img_431 -0.014257149770855904 -0.18933971226215363 0.022122685109273975
img_432 -0.014220918528735638 -0.1893993765115738 0.02185613313783843
img_433 -0.013916092924773693 -0.18896940350532532 0.020257298146383357
img_434 -0.014077115803956985 -0.18274468183517456 0.0205238501178189
img_435 -0.014206165447831154 -0.1764577180147171 0.0205238501178189
img_436 -0.014335209503769875 -0.17017102241516113 0.0205238501178189
img_437 -0.014567704871296883 -0.1639471799135208 0.022122685109273975
img_438 -0.014737931080162525 -0.15783405303955078 0.021589104329244685
img_439 -0.015183230862021446 -0.15174411237239838 0.023185555134908747
img_440 -0.015183808282017708 -0.14569705724716187 0.022119824086324756
img_441 -0.015356437303125858 -0.13947217166423798 0.023185555134908747
img_442 -0.015253731049597263 -0.1333620548248291 0.022919003163473197
img_443 -0.015635207295417786 -0.1273833066225052 0.023185555134908747
img_444 -0.015669280663132668 -0.12139687687158585 0.023185555134908747
img_445 -0.01594342663884163 -0.11559758335351944 0.02265245119203765
img_446 -0.015901772305369377 -0.10973035544157028 0.02211934724916656
img_447 -0.015865016728639603 -0.10350081324577332 0.021586243306295463
img_448 -0.016062704846262932 -0.09757860004901886 0.02211934724916656
img_449 -0.016188403591513634 -0.09189675003290176 0.020520512257711482
img_450 -0.01623770222067833 -0.08609217405319214 0.020787064229147025
img_451 -0.0160816740244627 -0.0801628828048706 0.018655602131979056
img_452 -0.016259757801890373 -0.07436071336269379 0.019188706074850147
img_453 -0.016058197245001793 -0.06849154829978943 0.016790692006246635
img_454 -0.016083812341094017 -0.06280826032161713 0.016257588063375544
img_455 -0.016002671793103218 -0.057062163949012756 0.01492530504335601
img_456 -0.015949688851833344 -0.05125689506530762 0.014658753071920463
img_457 -0.016070550307631493 -0.045393653213977814 0.014125649129049372
img_458 -0.016011208295822144 -0.039708465337753296 0.012260262166158747
img_459 -0.016011076048016548 -0.03402527794241905 0.012526814137594294
img_460 -0.01597982458770275 -0.028159432113170624 0.010927979146139211
img_461 -0.016009004786610603 -0.022295065224170685 0.011461083089010306
img_462 -0.01569361612200737 -0.016304753720760345 0.009329144154684133
img_463 -0.015853028744459152 -0.010441814549267292 0.010128323231832572
img_464 -0.0159131046384573 -0.004510522820055485 0.009328190480367728
img_465 -0.01600261591374874 0.0013470635749399662 0.009594265614645074
img_466 -0.015989651903510094 0.007272349204868078 0.008261982594625539
img_467 -0.015968792140483856 0.013197943568229675 0.008528534566061088
img_468 -0.016021383926272392 0.019364414736628532 0.008528534566061088
img_469 -0.016177134588360786 0.02534838765859604 0.010127369557516166
img_470 -0.01645885407924652 0.0255874153226614 0.012259308491842338
img_471 -0.01645885407924652 0.0255874153226614 0.012259308491842338
