img_0 0.0 0.0 0.0
img_1 0.0 0.0 0.0
img_2 0.0 0.0 0.0
img_3 0.0 0.0 0.0
img_4 0.0 0.0 0.0
img_5 0.0 0.0 0.0
img_6 0.0 0.0 0.0
img_7 0.0 0.0 0.0
img_8 0.0 0.0 0.0
img_9 0.0 0.0 0.0
img_10 0.0 0.0 0.0
img_11 0.0 0.0 0.0
img_12 3.5777971788775176e-05 6.196924368850887e-05 -0.00026900719967670744
img_13 -1.8811988411471248e-08 5.908077582716942e-09 1.6181729733943943e-08
img_14 -7.15787464287132e-05 5.912061507018507e-09 -0.00026900615193881094
img_15 -7.154539343900979e-05 0.0001239433913724497 -0.00026900615193881094
img_16 7.183158595580608e-05 0.0011154009262099862 -0.0005380101501941681
img_17 -0.0009269953588955104 0.00681774877011776 0.006995037663728
img_18 -0.0027579294983297586 0.023041866719722748 0.012644397094845772
img_19 -0.0007864071521908045 0.03695273771882057 -0.0002714022994041443
img_20 0.0004698935663327575 0.052134253084659576 -0.012107237242162228
img_21 0.0006239137146621943 0.06780955940485 -0.006996807642281057
img_22 0.0023824633099138737 0.08391029387712479 -0.01775752753019333
img_23 0.0026201445143669844 0.09729359298944473 -0.014529424719512466
img_24 0.001530838431790471 0.10852883756160736 -0.010762721300125126
img_25 0.0014917812077328563 0.11819659173488617 -0.005651806481182575
img_26 0.006182103883475065 0.13112694025039673 -0.03552331030368804
img_27 0.010981746017932892 0.14533747732639313 -0.033909808844327934
img_28 0.017232468351721764 0.16602209210395813 -0.028798418119549758
img_29 0.031612951308488846 0.17553000152111053 0.0016085170209407809
img_30 0.04863389581441879 0.18039053678512573 0.02124423906207085
img_31 0.06174570694565773 0.18637074530124664 0.02420288324356079
img_32 0.0766439214348793 0.19193898141384125 0.04599517583847047
img_33 0.09157149493694305 0.19597575068473816 0.056754820048809065
img_34 0.10659518092870712 0.20030605792999268 0.05110428854823113
img_35 0.1217164546251297 0.200893372297287 0.0696626678109169
img_36 0.13547936081886292 0.2046494334936142 0.05809388309717179
img_37 0.15142135322093964 0.20781107246875763 0.03711316362023354
img_38 0.1697351336479187 0.21314240992069244 0.030387343838810924
img_39 0.1813793182373047 0.21988272666931152 0.02285444177687168
img_40 0.18848365545272827 0.23002445697784424 0.0048315338790416735
img_41 0.19373515248298645 0.2392226755619049 -0.010773067362606527
img_42 0.19881127774715424 0.24877339601516724 -0.01669098809361458
img_43 0.19789570569992065 0.26037871837615967 -0.01803605258464814
img_44 0.196403369307518 0.2748458981513977 -0.010504326783120634
img_45 0.19555914402008057 0.289852499961853 -0.00862122979015112
img_46 0.19498032331466675 0.3057238459587097 -0.007276044227182866
img_47 0.19638565182685852 0.3218275308609009 -0.016154091805219654
img_48 0.19746172428131104 0.33749091625213623 -0.022341448813676838
img_49 0.1959877461194992 0.3532060384750366 -0.011043101549148561
img_50 0.1945623755455017 0.3731776475906372 -0.00028250366449356085
img_51 0.1948535144329071 0.3905295729637146 0.0007935725152492524
img_52 0.1929781436920166 0.4061654508113861 0.01318464428186417
img_53 0.19087152183055878 0.42229247093200684 0.02742390334606171
img_54 0.18864135444164276 0.4383504390716553 0.033611498773098
img_55 0.18842725455760956 0.4521709084510803 0.039798989892005934
img_56 0.1911979466676712 0.459043025970459 0.022577984258532528
img_57 0.19159545004367828 0.46995848417282104 0.022577987983822826
img_58 0.18662668764591217 0.4807579517364502 0.05486570298671723
img_59 0.1801067292690277 0.4990156888961792 0.08418280631303789
img_60 0.17265620827674866 0.5166719555854797 0.07315275818109514
img_61 0.16837231814861298 0.5295950770378113 0.06508118659257887
img_62 0.1628347486257553 0.544139564037323 0.03656414151191712
img_63 0.15763385593891144 0.55814528465271 0.008865153416991234
img_64 0.15113337337970734 0.5768696665763855 -0.03553187102079392
img_65 0.14448831975460052 0.5963900089263916 -0.031227860599756244
img_66 0.1349761188030243 0.6150398850440979 -0.017507826909422874
img_67 0.1254148930311203 0.6351035237312317 -0.0019045993685722355
img_68 0.10838460177183151 0.6539126634597778 0.015042856335639955
img_69 0.09215595573186874 0.6646391153335571 0.019616302102804187
img_70 0.0796191543340683 0.6742501258850098 0.00024391524493694308
img_71 0.06985041499137878 0.683975875377655 0.007506359834223987
img_72 0.05932019650936127 0.6902796626091003 0.016114316880702972
img_73 0.048092540353536606 0.6963591575622559 0.005352775566279889
img_74 0.04110775887966156 0.6978709697723389 0.0021247391123324633
img_75 0.030549781396985054 0.6993978023529053 -0.00809774175286293
img_76 0.02089078165590763 0.6995999813079834 -0.004062523599714042
img_77 0.011277644895017147 0.7023036479949951 0.003738496452569962
img_78 0.006784115917980671 0.7079263925552368 -0.003794096410274506
img_79 0.0009528985247015953 0.7174916863441467 -0.00890512764453888
img_80 -0.010026618838310242 0.726204514503479 -0.012133593671023847
img_81 -0.01972675323486328 0.7318381071090698 -0.023432349786162376
img_82 -0.027729015797376633 0.7446712255477905 -0.03526904433965684
img_83 -0.02955857291817665 0.7577579617500305 -0.03580708429217339
img_84 -0.03342737257480621 0.7766857743263245 -0.05087190866470338
img_85 -0.035581283271312714 0.7955968976020813 -0.06539864838123322
img_86 -0.04073093459010124 0.8133231997489929 -0.09714239090681076
img_87 -0.04200700297951698 0.8330620527267456 -0.1401873379945755
img_88 -0.03553923964500427 0.8509865999221802 -0.20178900659084323
img_89 -0.0335337296128273 0.8602544069290161 -0.28572297096252436
img_90 -0.03424789756536484 0.8655667304992676 -0.40247443318367004
img_91 -0.034856438636779785 0.87107914686203 -0.5063104033470155
img_92 -0.03606579452753067 0.8764975666999817 -0.6383998394012451
img_93 -0.03480282425880432 0.8825820684432983 -0.7543331384658815
img_94 -0.02885812148451805 0.8829501867294312 -0.8512063622474673
img_95 -0.02016415446996689 0.8860028386116028 -0.9375445842742922
img_96 -0.009349161759018898 0.8904356360435486 -1.0508052110671997
img_97 0.001243635080754757 0.9003767967224121 -1.1587013006210327
img_98 0.008705278858542442 0.9094570279121399 -1.255823016166687
img_99 0.018922949209809303 0.9135010242462158 -1.3370577096939087
img_100 0.0289633609354496 0.9101184606552124 -1.4212417602539065
img_101 0.03899731487035751 0.9075779318809509 -1.5135127305984497
img_102 0.05340486764907837 0.9053217768669128 -1.577006578445435
img_103 0.06919259577989578 0.9028980731964111 -1.6154754161834717
img_104 0.09121416509151459 0.9042773246765137 -1.6090189218521118
img_105 0.1121189147233963 0.9059845209121704 -1.6168210506439211
img_106 0.13030432164669037 0.9048604369163513 -1.6431821584701538
img_107 0.1477634161710739 0.9048500061035156 -1.6539429426193235
img_108 0.16690222918987274 0.9024292230606079 -1.6326899528503422
img_109 0.1831337958574295 0.8998460173606873 -1.5525238513946533
img_110 0.20337307453155518 0.8945978283882141 -1.5067926645278933
img_111 0.21674521267414093 0.8874953389167786 -1.529390811920166
img_112 0.23237785696983337 0.8874983191490173 -1.5390770435333252
img_113 0.24848470091819763 0.885897696018219 -1.5460703372955322
img_114 0.2596331238746643 0.8789058923721313 -1.5393429994583132
img_115 0.26676830649375916 0.8648877143859863 -1.5293924808502197
img_116 0.27411073446273804 0.8508331775665283 -1.5202466249465942
img_117 0.2808194160461426 0.8359816670417786 -1.5124446153640747
img_118 0.28721901774406433 0.8199413418769836 -1.4984562397003176
img_119 0.2916405200958252 0.8043699860572815 -1.4909237623214722
img_120 0.29149189591407776 0.7891381978988647 -1.4774720668792727
img_121 0.293389230966568 0.7781763672828674 -1.4825830459594727
img_122 0.3020974099636078 0.7648304104804993 -1.4971100091934204
img_123 0.3158475160598755 0.7570198774337769 -1.542304277420044
img_124 0.3332196772098541 0.7500340938568115 -1.5783525705337527
img_125 0.35588860511779785 0.7482884526252747 -1.59583854675293
img_126 0.37494102120399475 0.7491354942321777 -1.60444712638855
img_127 0.39623385667800903 0.7517122030258179 -1.604716181755066
img_128 0.4110768735408783 0.7523899674415588 -1.6063302755355835
img_129 0.41977813839912415 0.7564482092857361 -1.5815820693969727
img_130 0.4334575831890106 0.7605944871902466 -1.5872315168380737
img_131 0.4433233439922333 0.7650128602981567 -1.6076774597167969
img_132 0.4606321454048157 0.7736114263534546 -1.628660559654236
img_133 0.47955676913261414 0.7809730768203735 -1.648298501968384
img_134 0.4973222315311432 0.7856225371360779 -1.6620184183120732
img_135 0.5096473693847656 0.7897407412528992 -1.6453390121459965
img_136 0.5273919701576233 0.7960216403007507 -1.6302745342254636
img_137 0.539388120174408 0.8004328608512878 -1.619244694709778
img_138 0.5537171959877014 0.8029261827468872 -1.601758480072022
img_139 0.5684484839439392 0.8061211705207825 -1.5831962823867798
img_140 0.5826023817062378 0.8129947185516357 -1.5552184581756594
img_141 0.5988132953643799 0.8226216435432434 -1.5622122287750246
img_142 0.6093906164169312 0.832302451133728 -1.5562933683395386
img_143 0.6208837032318115 0.8475340008735657 -1.5495678186416628
img_144 0.6272878646850586 0.8611971735954285 -1.5552170276641848
img_145 0.6329734921455383 0.8742042183876038 -1.550912618637085
img_146 0.6358465552330017 0.8855693340301514 -1.5482225418090823
img_147 0.6417274475097656 0.896903932094574 -1.5479534864425661
img_148 0.6465772986412048 0.9071070551872253 -1.5414971113204956
img_149 0.6595299243927002 0.9178673624992371 -1.5272388458251958
img_150 0.6746802926063538 0.9217866063117981 -1.5108290910720825
img_151 0.6893904209136963 0.9218453764915466 -1.5186305046081543
img_152 0.7091087698936462 0.9280698299407959 -1.4965718984603884
img_153 0.7330621480941772 0.931035041809082 -1.4957648515701296
img_154 0.7537074089050293 0.931689977645874 -1.5032972097396853
img_155 0.7720006108283997 0.9303086996078491 -1.5205149650573733
img_156 0.791779100894928 0.9319490194320679 -1.5172859430313115
img_157 0.8142431974411011 0.935337245464325 -1.5113692283630376
img_158 0.8386638164520264 0.938296377658844 -1.5234811305999758
img_159 0.8559682965278625 0.9368961453437805 -1.5449910163879397
img_160 0.8669741153717041 0.93331378698349 -1.5918117761611938
img_161 0.8706603646278381 0.934703528881073 -1.6687490940093994
img_162 0.8727666139602661 0.9358625411987305 -1.7666571140289309
img_163 0.8722209334373474 0.9350225329399109 -1.8551552295684814
img_164 0.8764511942863464 0.932928740978241 -1.968678593635559
img_165 0.8774973750114441 0.9334982633590698 -2.123922348022461
img_166 0.8771166801452637 0.9339435696601868 -2.262228012084961
img_167 0.8777015805244446 0.9339701533317566 -2.3972156047821045
img_168 0.875827968120575 0.9324128031730652 -2.500258207321167
img_169 0.8777801990509033 0.9269871115684509 -2.6315405368804936
img_170 0.8775091171264648 0.9252733588218689 -2.785674810409546
img_171 0.879145622253418 0.9252866506576538 -2.9242258071899414
img_172 0.8783357739448547 0.9266309142112732 -3.027259349822998
img_173 0.879416823387146 0.9275659322738647 -3.122488021850586
img_174 0.8795120716094971 0.9263278841972351 3.113612000142233
img_175 0.8770914673805237 0.9076130986213684 3.090479199086325
img_176 0.8763750195503235 0.8796026706695557 3.095859352742331
img_177 0.8772718906402588 0.8514583706855774 3.1114628950702117
img_178 0.8782184720039368 0.8294205665588379 3.1308315435992644
img_179 0.8687412142753601 0.8165697455406189 -3.1329843997955322
img_180 0.8505694270133972 0.8118892908096313 -3.120609760284424
img_181 0.8270142078399658 0.8089157342910767 -3.1044700145721436
img_182 0.8055123090744019 0.8045821189880371 -3.0929014682769775
img_183 0.790283203125 0.7973251342773438 -3.0929014682769775
img_184 0.7723608016967773 0.792418897151947 -3.09128737449646
img_185 0.7525425553321838 0.7904282808303833 -3.0842928886413574
img_186 0.7322680354118347 0.7902584671974182 -3.0864450931549072
img_187 0.717134952545166 0.7865680456161499 -3.0708420276641846
img_188 0.6998554468154907 0.7849085927009583 -3.065730571746826
img_189 0.6797037124633789 0.7833147644996643 -3.0659995079040527
img_190 0.6603693962097168 0.7808560132980347 -3.079988956451416
img_191 0.641222357749939 0.776322603225708 -3.080526828765869
img_192 0.6289368867874146 0.7650161981582642 -3.090749979019165
img_193 0.6202118396759033 0.7527199387550354 -3.1012420654296875
img_194 0.6170018315315247 0.7381991744041443 -3.0982825756073
img_195 0.6194372773170471 0.7175287008285522 -3.084296226501465
img_196 0.6210646033287048 0.6941568851470947 -3.0805296897888184
img_197 0.624040961265564 0.6759615540504456 -3.0697693824768066
img_198 0.626035749912262 0.6592049598693848 -3.0670790672302246
img_199 0.6277097463607788 0.6425489187240601 -3.0630433559417725
img_200 0.6296190619468689 0.6246744394302368 -3.0592775344848633
img_201 0.6315857172012329 0.6082343459129333 -3.0579323768615723
img_202 0.6337884068489075 0.5918145179748535 -3.0565872192382812
img_203 0.636414110660553 0.5740636587142944 -3.0530900955200195
img_204 0.6377317905426025 0.5571891665458679 -3.0544357299804688
img_205 0.6384533047676086 0.5386601090431213 -3.0659985542297363
img_206 0.6357994675636292 0.5196896195411682 -3.095860242843628
img_207 0.6357563138008118 0.4987180233001709 -3.103393077850342
img_208 0.6386916637420654 0.47718679904937744 -3.089942455291748
img_209 0.6412071585655212 0.45485779643058777 -3.08294939994812
img_210 0.644838273525238 0.43514004349708557 -3.0651907920837402
img_211 0.6510251760482788 0.4147915542125702 -3.0466277599334717
img_212 0.6543465852737427 0.393881618976593 -3.043130874633789
img_213 0.6584663391113281 0.370374858379364 -3.061962842941284
img_214 0.6644040942192078 0.3499548137187958 -3.062770128250122
img_215 0.6733598709106445 0.32742011547088623 -3.033994436264038
img_216 0.6836007237434387 0.31256967782974243 -3.038029670715332
img_217 0.6848685145378113 0.30279451608657837 -3.0450243949890137
img_218 0.6852920055389404 0.2902587652206421 -3.088873863220215
img_219 0.6866397261619568 0.27965596318244934 -3.1289572715759277
img_220 0.6923059821128845 0.26733213663101196 -3.1222317218780518
img_221 0.7000017166137695 0.2561386525630951 -3.082956552505493
img_222 0.7059867978096008 0.2506543695926666 -3.082418441772461
img_223 0.7217518091201782 0.2471185326576233 -3.103670835494995
img_224 0.7368605732917786 0.24242044985294342 -3.126267910003662
img_225 0.7474145889282227 0.23781037330627441 3.13647443452944
img_226 0.7617464661598206 0.2275729924440384 -3.1378328800201416
img_227 0.7794176936149597 0.2192728966474533 3.1294797102557586
img_228 0.7955158948898315 0.20717868208885193 3.141047302876608
img_229 0.8102497458457947 0.1962645798921585 -3.137834072113037
img_230 0.8264577984809875 0.18702912330627441 3.141046587620871
img_231 0.8439839482307434 0.17561644315719604 3.1405084768878386
img_232 0.8594291806221008 0.1640721559524536 -3.1289560794830322
img_233 0.8774465322494507 0.1568012684583664 -3.1346049308776855
img_234 0.8932891488075256 0.15282174944877625 3.136743609105246
img_235 0.9063689112663269 0.1499079167842865 3.1157625357257293
img_236 0.9086902737617493 0.14278052747249603 3.0934332052813933
img_237 0.9098867177963257 0.1334163099527359 3.0057333151446746
img_238 0.9130795001983643 0.12559881806373596 2.896237675343649
img_239 0.91414874792099 0.12117873132228851 2.8209160009967253
img_240 0.915031373500824 0.11350664496421814 2.767112557088034
img_241 0.9164770841598511 0.10388342291116714 2.666507784520285
img_242 0.918272852897644 0.10268095880746841 2.56723410287966
img_243 0.9195035696029663 0.1024751141667366 2.474143807088034
img_244 0.9231472611427307 0.10126043856143951 2.3907502333270476
img_245 0.9292439818382263 0.09819837659597397 2.3149002234088347
img_246 0.9313274621963501 0.09364768117666245 2.2731984297381804
img_247 0.9370331168174744 0.08863325417041779 2.1731246153460906
img_248 0.9412537217140198 0.08654182404279709 2.084617916737692
img_249 0.9450933933258057 0.08402534574270248 2.016019646321432
img_250 0.9504016637802124 0.08398143202066422 1.9447291533099575
img_251 0.9484942555427551 0.08477045595645905 1.9258969465838836
img_252 0.9443648457527161 0.08289576321840286 1.854074303303854
img_253 0.9445918798446655 0.07901183515787125 1.768796269093649
img_254 0.9402622580528259 0.07412910461425781 1.6999290625201626
img_255 0.938754677772522 0.06696965545415878 1.6533868948565884
img_256 0.938156008720398 0.062180060893297195 1.613025490437643
img_257 0.9416282176971436 0.056312546133995056 1.5855949560748503
img_258 0.9391642808914185 0.055274076759815216 1.5955494085894986
img_259 0.937492311000824 0.055196888744831085 1.5974329153644014
img_260 0.932054340839386 0.05222459137439728 1.614649120961325
img_261 0.9253520965576172 0.050891999155282974 1.6184151808368132
img_262 0.9201952815055847 0.05104029178619385 1.6033495108233855
img_263 0.9139075875282288 0.04990474507212639 1.6095369497882295
img_264 0.9041401147842407 0.04748512804508209 1.6095369497882295
img_265 0.8951305747032166 0.044737063348293304 1.6202967802630828
img_266 0.8850088715553284 0.042408786714076996 1.619489971791403
img_267 0.8756952881813049 0.04252812638878822 1.616799656544821
img_268 0.8621806502342224 0.04233575612306595 1.610343758259909
img_269 0.8487842679023743 0.04076727107167244 1.616531197224753
img_270 0.8378103375434875 0.035215117037296295 1.602004830037253
img_271 0.8284993171691895 0.02959052287042141 1.6081922690020964
img_272 0.813319206237793 0.02590756304562092 1.6307900587665007
img_273 0.8024280667304993 0.026364445686340332 1.6232584158526822
img_274 0.7886919379234314 0.02793636918067932 1.6060398260699678
img_275 0.7741738557815552 0.026314422488212585 1.6143811384784146
img_276 0.7590477466583252 0.023291300982236862 1.6208370367633271
img_277 0.7414664626121521 0.02373621053993702 1.6092699209796357
img_278 0.7350811958312988 0.026891998946666718 1.5982402006732388
img_279 0.7335594296455383 0.03715886175632477 1.6305230299579072
img_280 0.7324237823486328 0.04888325557112694 1.6364415327655242
img_281 0.7318167686462402 0.05906105786561966 1.6598427931415005
img_282 0.7289571762084961 0.06879134476184845 1.6673749128924773
img_283 0.7278168797492981 0.08313239365816116 1.6665676275836392
img_284 0.7264962196350098 0.0968802273273468 1.6765216032611299
img_285 0.7260749340057373 0.11259476840496063 1.6853993574725552
img_286 0.7270649671554565 0.12675467133522034 1.6878207365619107
img_287 0.7267786860466003 0.13821130990982056 1.6859377066241665
img_288 0.7267025113105774 0.15073862671852112 1.7020810286151338
img_289 0.7247858643531799 0.16051927208900452 1.7120354811297822
img_290 0.7240757346153259 0.1703561246395111 1.6840589682208462
img_291 0.7195826172828674 0.18298862874507904 1.6746433416949673
img_292 0.7111606001853943 0.18667930364608765 1.6469352881061001
img_293 0.6951860189437866 0.1867164820432663 1.6326783339129851
img_294 0.6787097454071045 0.1840464472770691 1.6434400717364712
img_295 0.6577735543251038 0.18316856026649475 1.638598267232077
img_296 0.637763500213623 0.18510931730270386 1.6146538893329072
img_297 0.6205792427062988 0.1865755319595337 1.6003964583026333
img_298 0.6092464327812195 0.18613259494304657 1.6060460249530242
img_299 0.5941715240478516 0.18109053373336792 1.6278336683856414
img_300 0.5736819505691528 0.1789887547492981 1.6356356779681607
img_301 0.5500019788742065 0.17831175029277802 1.6324074904071255
img_302 0.5218278765678406 0.1720571368932724 1.6582320372210904
img_303 0.49372807145118713 0.16334480047225952 1.693740669881003
img_304 0.47169867157936096 0.15766622126102448 1.7085378805743618
img_305 0.45382651686668396 0.15797002613544464 1.6934736410724087
img_306 0.4404808282852173 0.15884806215763092 1.6964328924762175
img_307 0.4254017770290375 0.15261583030223846 1.724680248891012
img_308 0.40492692589759827 0.14712221920490265 1.741901222859518
img_309 0.390891432762146 0.1428457647562027 1.7491624991046353
img_310 0.3761408030986786 0.13873210549354553 1.7647669951068328
img_311 0.362956166267395 0.13865798711776733 1.741363350545065
img_312 0.3560003638267517 0.13778667151927948 1.7316787878619595
img_313 0.35285574197769165 0.1366601437330246 1.7378662268268033
img_314 0.34319502115249634 0.13357970118522644 1.7429769674884243
img_315 0.3282240033149719 0.1285063773393631 1.7322147528277798
img_316 0.31941503286361694 0.12322986125946045 1.6881011168109346
img_317 0.3138079047203064 0.11626355350017548 1.6302550474749966
img_318 0.3101556897163391 0.11296398937702179 1.5904443899737757
img_319 0.30479374527931213 0.11139131337404251 1.5385211149798796
img_320 0.30377352237701416 0.10859646648168564 1.449215237294333
img_321 0.30162593722343445 0.10532651096582413 1.3569448629962373
img_322 0.29831650853157043 0.1043974831700325 1.2867253462420867
img_323 0.29639121890068054 0.1011202335357666 1.1869137922870083
img_324 0.29879313707351685 0.09945549815893173 1.148983780537741
img_325 0.2954389154911041 0.09954894334077835 1.1175096670733853
img_326 0.2920578718185425 0.09968356788158417 1.0220091978656218
img_327 0.2903188467025757 0.09600777924060822 0.916012589131491
img_328 0.2882038652896881 0.0944741740822792 0.8057211081134243
img_329 0.28800269961357117 0.08782205730676651 0.7080648581134243
img_330 0.2899544835090637 0.0790509432554245 0.6292455832110807
img_331 0.29033681750297546 0.07074382901191711 0.5692523161517545
img_332 0.2908661365509033 0.05644155666232109 0.4907005468951627
img_333 0.2901693284511566 0.04468777775764465 0.404622856770651
img_334 0.28952521085739136 0.03146733343601227 0.3239124456988737
img_335 0.2884580194950104 0.01744673401117325 0.2803323904620572
img_336 0.28607919812202454 0.0076044900342822075 0.2461674849139615
img_337 0.28442052006721497 -0.002971329726278782 0.20985252061952792
img_338 0.282573401927948 -0.011475471779704094 0.21415692964662753
img_339 0.28298598527908325 -0.01791810244321823 0.19720870653261383
img_340 0.2785123884677887 -0.02127664163708687 0.1786463896380826
img_341 0.27034443616867065 -0.026781795546412468 0.1544354597674771
img_342 0.25809618830680847 -0.03044464997947216 0.15039998689760412
img_343 0.24394217133522034 -0.03208816796541214 0.13479644456972323
img_344 0.23159974813461304 -0.03376203402876854 0.13721830049623687
img_345 0.2177441567182541 -0.03461216390132904 0.13721830049623687
img_346 0.2035125344991684 -0.03538874536752701 0.14394361177553378
img_347 0.18926018476486206 -0.03682838752865791 0.13533527055849276
img_348 0.17410360276699066 -0.036389969289302826 0.13560420671571932
img_349 0.15708023309707642 -0.03677426651120186 0.14582425752748687
img_350 0.1443978101015091 -0.038824815303087234 0.14313394228090484
img_351 0.1347116380929947 -0.04385220259428024 0.13909894624819003
img_352 0.12285000085830688 -0.04557544365525246 0.14205819765199862
img_353 0.1113407239317894 -0.04596950113773346 0.1474383513080044
img_354 0.10070058703422546 -0.04642195627093315 0.1302202383624478
img_355 0.09053483605384827 -0.046503204852342606 0.14071256319154934
img_356 0.07763659209012985 -0.04601428657770157 0.14663106599916662
img_357 0.06762155890464783 -0.04555133730173111 0.13586980501283846
img_358 0.06005435064435005 -0.05015045776963234 0.14124900499452792
img_359 0.049869686365127563 -0.04790576919913292 0.1501262823687955
img_360 0.04365793615579605 -0.04846929386258125 0.16949731508363924
img_361 0.03812479227781296 -0.044135093688964844 0.2647264639483854
img_362 0.035802893340587616 -0.04104023426771164 0.3537762800799772
img_363 0.03615426644682884 -0.04302436113357544 0.42667609850038735
img_364 0.036263786256313324 -0.04317881166934967 0.5159953276263639
img_365 0.03705224394798279 -0.04543893784284592 0.6152613798724577
img_366 0.037442684173583984 -0.04630132019519806 0.7425096670733854
img_367 0.037435442209243774 -0.043700672686100006 0.8600619474994109
img_368 0.04102670028805733 -0.04627276957035065 0.9434531370746061
img_369 0.04404642432928085 -0.04802027344703674 1.0731232802020478
img_370 0.04194067791104317 -0.044107433408498764 1.190412823353903
img_371 0.04413607716560364 -0.046796515583992004 1.269241634999411
img_372 0.03980642184615135 -0.04402612894773483 1.3647306601153775
img_373 0.03879086673259735 -0.044947002083063126 1.426337067280905
img_374 0.040070790797472 -0.04303620755672455 1.5414736906634732
img_375 0.034443601965904236 -0.04043729603290558 1.5845134894000459
img_376 0.03544456511735916 -0.03659459576010704 1.5904319922076628
img_377 0.035700831562280655 -0.037018995732069016 1.5847824255572722
img_378 0.03607162460684776 -0.036942243576049805 1.5842445532428193
img_379 0.036357857286930084 -0.03518517315387726 1.5896247068988252
img_380 0.0359463170170784 -0.029789038002490997 1.6087258497821257
img_381 0.03683500736951828 -0.025422407314181328 1.604420963917868
img_382 0.03788420557975769 -0.025279728695750237 1.6020000616656704
img_383 0.0384858064353466 -0.024688158184289932 1.6001165548907683
img_384 0.038309480994939804 -0.02290370501577854 1.6036136786090298
img_385 0.034810345619916916 -0.006980074569582939 1.596887890492575
img_386 0.03538225218653679 0.020985832437872887 1.604688946400778
img_387 0.03719550371170044 0.044317372143268585 1.6243274847613736
img_388 0.03707026690244675 0.059394124895334244 1.6264794508563443
img_389 0.036967746913433075 0.06902777403593063 1.6396611372577117
img_390 0.04367240518331528 0.07720161974430084 1.643965546284811
img_391 0.053602658212184906 0.08244982361793518 1.6504219214068814
img_392 0.07114005088806152 0.08783338963985443 1.6488078276263636
img_393 0.08686383068561554 0.09344100952148438 1.659568611775534
img_394 0.10187510401010513 0.0988360270857811 1.6662939230548308
img_395 0.11425241082906723 0.10415507853031158 1.6660249868976043
img_396 0.12775593996047974 0.11072832345962524 1.6668317953692837
img_397 0.14192135632038116 0.11687429994344711 1.6609123388873501
img_398 0.15404284000396729 0.12594400346279144 1.658491436635153
img_399 0.16586585342884064 0.13581934571266174 1.6649478117572232
img_400 0.17776691913604736 0.14556749165058136 1.6657546202289026
img_401 0.18811894953250885 0.15780390799045563 1.6420791784869595
img_402 0.19737067818641663 0.17528824508190155 1.6256688276873992
img_403 0.20407263934612274 0.19113753736019135 1.6288974920855928
img_404 0.20632730424404144 0.20893767476081848 1.6165226141559053
img_405 0.207724928855896 0.2271939516067505 1.6170604864703582
img_406 0.20855747163295746 0.24539287388324738 1.625131432210104
img_407 0.20727135241031647 0.2610524594783783 1.6329324881183072
img_408 0.20461061596870422 0.2758726477622986 1.6334703604327603
img_409 0.2028781920671463 0.2916068732738495 1.6243251005755825
img_410 0.19713853299617767 0.3060624301433563 1.623248879109518
img_411 0.1941901594400406 0.3208487331867218 1.61598521867861
img_412 0.1940528303384781 0.3376035690307617 1.6143711248980925
img_413 0.1930839866399765 0.35271039605140686 1.6184065977679656
img_414 0.18947133421897888 0.36733198165893555 1.614640537892477
img_415 0.18862999975681305 0.3850948214530945 1.6205590407000947
img_416 0.18757009506225586 0.40388479828834534 1.6210969130145478
img_417 0.18892979621887207 0.4187857508659363 1.6251323858844207
img_418 0.1893635243177414 0.4313502311706543 1.6350858847247522
img_419 0.18917809426784515 0.4409823715686798 1.632126633320944
img_420 0.18520207703113556 0.4561879336833954 1.6436942259417935
img_421 0.1837783306837082 0.47057849168777466 1.631049458180563
img_422 0.17982825636863708 0.48460492491722107 1.643422905598776
img_423 0.18020984530448914 0.5015653967857361 1.6617162863360806
img_424 0.17727337777614594 0.5167103409767151 1.6544531027423306
img_425 0.17576774954795837 0.5339244604110718 1.6496112982379358
img_426 0.17363114655017853 0.5523166656494141 1.6558006445514128
img_427 0.1690412312746048 0.5682278871536255 1.659566704426901
img_428 0.16589969396591187 0.5846510529518127 1.6603735128985808
img_429 0.15941980481147766 0.60069739818573 1.6592977682696746
img_430 0.15328112244606018 0.6123688220977783 1.6469195524798799
img_431 0.13984793424606323 0.6173725128173828 1.6493404547320767
img_432 0.12665891647338867 0.6183082461357117 1.6611760298358367
img_433 0.11087249219417572 0.6201471090316772 1.662521187459128
img_434 0.09785296022891998 0.6223267316818237 1.6614454428302217
img_435 0.0856328159570694 0.6259947419166565 1.6531050840960908
img_436 0.07049956917762756 0.6262899041175842 1.6407316366778777
img_437 0.058625321835279465 0.6255298256874084 1.6466501394854947
img_438 0.0462399460375309 0.6249473690986633 1.6439598242389124
img_439 0.035955533385276794 0.6253774762153625 1.646381203328268
img_440 0.02388039603829384 0.6264365911483765 1.6493404547320767
img_441 0.011929904110729694 0.6282233595848083 1.6514924208270476
img_442 0.0011538881808519363 0.6284646987915039 1.6617153326617644
img_443 -0.008122559636831284 0.6278344988822937 1.6665576140033174
img_444 -0.01672206073999405 0.6285542845726013 1.671131436024801
img_445 -0.025421198457479477 0.6370261907577515 1.6770485083209443
img_446 -0.03051087073981762 0.6502664089202881 1.6894248167621064
img_447 -0.0370185412466526 0.663505494594574 1.6896937529193325
img_448 -0.04153412580490112 0.6804067492485046 1.6845825354205533
img_449 -0.04175196588039398 0.6975951194763184 1.6818922201739714
img_450 -0.0440201461315155 0.7117787599563599 1.6886175314532679
img_451 -0.04564204812049866 0.7249535918235779 1.6905005613910127
img_452 -0.04821595177054405 0.7380498647689819 1.6977642218219209
img_453 -0.05244293436408043 0.7496293783187866 1.7050274054156707
img_454 -0.05430792644619942 0.7620505094528198 1.694535557423727
img_455 -0.0569380484521389 0.7736574411392212 1.6652129332171839
img_456 -0.05849949270486832 0.7835726737976074 1.616520706807272
img_457 -0.057536110281944275 0.7896339297294617 1.5616410414325164
img_458 -0.06011056900024414 0.7927345633506775 1.4868562857257293
img_459 -0.0583648681640625 0.7920491695404053 1.3972809950457972
img_460 -0.05903124064207077 0.7947088479995728 1.317109886799948
img_461 -0.057540472596883774 0.7942853569984436 1.2229507605182097
img_462 -0.057681094855070114 0.7991697788238525 1.1468194166766568
img_463 -0.05830550566315651 0.8011001944541931 1.0055955092059539
img_464 -0.052866414189338684 0.8009978532791138 0.8939493338214323
img_465 -0.04852753132581711 0.802836000919342 0.8490217367755338
img_466 -0.052093278616666794 0.807976484298706 0.7295826117144987
img_467 -0.04964156821370125 0.8077576756477356 0.58134109178652
img_468 -0.04798579588532448 0.8124051690101624 0.45731717744936184
img_469 -0.04681428521871567 0.8160204291343689 0.34541637102235995
img_470 -0.045258939266204834 0.8194121718406677 0.25475818315614907
img_471 -0.04474611207842827 0.8310733437538147 0.21117479005922515
img_472 -0.04142643138766289 0.84034264087677 0.21897775331606112
img_473 -0.030657276511192322 0.8446434140205383 0.22247392336000635
img_474 -0.014757931232452393 0.8479859828948975 0.22462636629213537
img_475 -0.00020702369511127472 0.8508020639419556 0.21655589738954747
img_476 0.01627626270055771 0.8548092246055603 0.21332770982851226
img_477 0.03328805789351463 0.8587480187416077 0.2127898375140592
img_478 0.048543449491262436 0.8616636991500854 0.2130587736712857
img_479 0.0639754980802536 0.8630999326705933 0.20068246523012362
img_480 0.08034887164831161 0.8651659488677979 0.19557172456850253
img_481 0.09591294825077057 0.8671737313270569 0.18614274660219393
img_482 0.11129192262887955 0.8700699210166931 0.1869486013995572
img_483 0.12495257705450058 0.8712031841278076 0.1893699804889127
img_484 0.13605500757694244 0.8723847270011902 0.18883210817445953
img_485 0.1477888822555542 0.867999792098999 0.1979821364032193
img_486 0.1577613651752472 0.853383481502533 0.1864188353167935
img_487 0.1697196215391159 0.8376650214195251 0.18453580537904943
img_488 0.18095237016677856 0.823308527469635 0.19153005281557278
img_489 0.19038964807987213 0.807905912399292 0.19556504884828765
img_490 0.1984333097934723 0.7932630181312561 0.18588048616518216
img_491 0.20762020349502563 0.7779021263122559 0.17323667207826815
img_492 0.21767070889472961 0.7640581727027893 0.17485076585878567
img_493 0.22913002967834473 0.752048671245575 0.1791551748858853
img_494 0.23965752124786377 0.742304265499115 0.17242986360658843
img_495 0.25821182131767273 0.7356592416763306 0.16947061220277984
img_496 0.2751246690750122 0.7333351373672485 0.17861682573427398
img_497 0.2943105697631836 0.731383204460144 0.18857080141176424
img_498 0.3084340989589691 0.7310501933097839 0.2041738669024869
img_499 0.32128390669822693 0.7318122982978821 0.2149346510516568
img_500 0.33633551001548767 0.7333220839500427 0.2100923697101041
img_501 0.35412168502807617 0.7353407740592957 0.22623140016664708
img_502 0.3746446371078491 0.7375842928886414 0.2286527792560025
img_503 0.3906818926334381 0.7411256432533264 0.23026687303652013
img_504 0.40212282538414 0.7434257864952087 0.22650081316103182
img_505 0.413222998380661 0.7456023097038269 0.21170598665346346
img_506 0.42379283905029297 0.7454652190208435 0.20444232622255523
img_507 0.43517258763313293 0.7475082278251648 0.19421893755068026
img_508 0.4472946226596832 0.7500188946723938 0.1947568098651334
img_509 0.4601671099662781 0.7524317502975464 0.19072133699526037
img_510 0.4728846549987793 0.7537510395050049 0.1917975584613248
img_511 0.4884585738182068 0.7553864121437073 0.17377311388124667
img_512 0.5057108402252197 0.758918285369873 0.1552112738238736
img_513 0.5216034650802612 0.7617185711860657 0.15090734163393218
img_514 0.5377464294433594 0.765051007270813 0.16032392183412753
img_515 0.558262050151825 0.7646017670631409 0.1692021528827115
img_516 0.576676070690155 0.7702620625495911 0.18534166017641265
img_517 0.5908745527267456 0.7762656211853027 0.20121223131288732
img_518 0.5991423726081848 0.7849740386009216 0.19905978838075838
img_519 0.6044273972511292 0.7911606431007385 0.20659190813173495
img_520 0.6154481172561646 0.8032839298248291 0.18991405168642245
img_521 0.6245633363723755 0.8204971551895142 0.15628701845277987
img_522 0.628546416759491 0.8329198956489563 0.14202815691103177
img_523 0.6294687986373901 0.8408769369125366 0.13072950044740875
img_524 0.6355010867118835 0.852357804775238 0.10517436662782868
img_525 0.6420673727989197 0.8607171177864075 0.0785372892962857
img_526 0.643962562084198 0.8662735819816589 0.044108692799703676
img_527 0.6446713209152222 0.8640097379684448 0.016131703053609912
img_528 0.6508259773254395 0.8618156909942627 -0.07829683622251314
img_529 0.6504842042922974 0.8606614470481873 -0.18294399579892914
img_530 0.650066077709198 0.8601716160774231 -0.2765619119061069
img_531 0.648417055606842 0.8522653579711914 -0.36318319639097024
img_532 0.6423032283782959 0.8400049805641174 -0.43850153287778665
img_533 0.6364030838012695 0.8420873284339905 -0.46190756162534524
img_534 0.6365312337875366 0.8420235514640808 -0.4613696893108922
img_535 0.6365312337875366 0.8420235514640808 -0.4613696893108922
img_536 0.6365312337875366 0.8420235514640808 -0.4613696893108922
img_537 0.6365312337875366 0.8420235514640808 -0.4613696893108922
img_538 0.6365312337875366 0.8420235514640808 -0.4613696893108922
img_539 0.6365312337875366 0.8420235514640808 -0.4613696893108922
img_540 0.6365312337875366 0.8420235514640808 -0.4613696893108922
img_541 0.6372075080871582 0.841133713722229 -0.4697086175335483
img_542 0.6423835754394531 0.8383673429489136 -0.5323879083050326
img_543 0.6430857181549072 0.840687096118927 -0.6233226617230014
img_544 0.6398614645004272 0.8426998257637024 -0.6916572411907749
img_545 0.6431125402450562 0.8455597162246704 -0.7629501183880405
img_546 0.6437037587165833 0.848766565322876 -0.8350397904766637
img_547 0.6444690823554993 0.8491215705871582 -0.917628463114603
img_548 0.6433544754981995 0.8524138927459717 -0.9889237244976598
img_549 0.6450101733207703 0.8547448515892029 -1.0610076745403842
img_550 0.6424930095672607 0.8564531207084656 -1.126114543284281
img_551 0.6378900408744812 0.8590547442436218 -1.1839448769939975
img_552 0.6376712918281555 0.8640273213386536 -1.2770358880413608
img_553 0.6440467834472656 0.8769838213920593 -1.3259994347942905
img_554 0.6540481448173523 0.8855302929878235 -1.3319179376019077
img_555 0.6662198305130005 0.8910720944404602 -1.3719994386089878
img_556 0.6762285828590393 0.8941104412078857 -1.3757659753216342
img_557 0.685677707195282 0.89743572473526 -1.3730761369122106
img_558 0.6993624567985535 0.9048483967781067 -1.3741523583782749
img_559 0.7171446681022644 0.9113826155662537 -1.3803397973431186
img_560 0.7377644777297974 0.9173619747161865 -1.3736149629009802
img_561 0.7564218044281006 0.9201406240463257 -1.3854524453533728
img_562 0.7702054977416992 0.9236350655555725 -1.3859903176678257
img_563 0.7832509279251099 0.925345778465271 -1.3954054673565466
img_564 0.7958816885948181 0.9261669516563416 -1.40589731534849
img_565 0.803958535194397 0.924065351486206 -1.4274179299725134
img_566 0.809575617313385 0.9194180369377136 -1.4397918542278847
img_567 0.8129662275314331 0.9112390279769897 -1.4516293366802768
img_568 0.817337155342102 0.8966275453567505 -1.4508220513714387
img_569 0.8221372961997986 0.880628228187561 -1.4583546479595737
img_570 0.8254135847091675 0.8615549206733704 -1.4640037377728063
img_571 0.829020082950592 0.8418644666671753 -1.4688455422772009
img_572 0.831792950630188 0.8196319937705994 -1.4669625123394565
img_573 0.8344713449478149 0.7999092936515808 -1.4631959756268103
img_574 0.8370397090911865 0.7830568552017212 -1.4613129456890661
img_575 0.8356574773788452 0.7689754366874695 -1.4596988519085485
img_576 0.8254773616790771 0.757939338684082 -1.4521662553204135
img_577 0.8126099109649658 0.7528026700019836 -1.4475933869732458
img_578 0.7984641790390015 0.7490319609642029 -1.443288977946146
img_579 0.7832287549972534 0.7470065951347351 -1.4341422875774936
img_580 0.7672831416130066 0.7433332204818726 -1.4258033593548376
img_581 0.7535005807876587 0.7412122488021851 -1.4225751717938022
img_582 0.7401369214057922 0.7375527620315552 -1.4212300141705112
img_583 0.7254851460456848 0.7337165474891663 -1.4252654870403845
img_584 0.710117757320404 0.7287523746490479 -1.435755904520853
img_585 0.6923413872718811 0.7214987874031067 -1.4572769959820346
img_586 0.6751376986503601 0.7104628682136536 -1.4580838044537145
img_587 0.6591792702674866 0.6988264918327332 -1.4669610818279821
img_588 0.6442984938621521 0.6849730014801025 -1.4661542733563022
img_589 0.6382401585578918 0.6667068004608154 -1.4551235993755893
img_590 0.6356263160705566 0.6489346027374268 -1.4483987649334509
img_591 0.6339715123176575 0.6319325566291809 -1.4405972321880893
img_592 0.6309091448783875 0.6109254360198975 -1.4392520745647983
img_593 0.6260606646537781 0.5899282097816467 -1.4344097932232456
img_594 0.6214985847473145 0.5725829005241394 -1.4290301164043981
img_595 0.618927538394928 0.5563857555389404 -1.42176645597349
img_596 0.6186825037002563 0.5392345190048218 -1.4182688554180698
img_597 0.6176776885986328 0.5200766921043396 -1.4198829491985876
img_598 0.6163042783737183 0.5023164749145508 -1.4212281068218784
img_599 0.615500807762146 0.4868525564670563 -1.4158474763287145
img_600 0.6137779355049133 0.47057777643203735 -1.4169236977947788
img_601 0.6125035285949707 0.45372387766838074 -1.415578540171488
img_602 0.6093385815620422 0.43946120142936707 -1.417731459940775
img_603 0.6030897498130798 0.4226844608783722 -1.4231092294109897
img_604 0.5992827415466309 0.40826287865638733 -1.4171902497662145
img_605 0.5986670851707458 0.38956043124198914 -1.4190732797039587
img_606 0.5992812514305115 0.3675002157688141 -1.417459185923441
img_607 0.6008036732673645 0.343040406703949 -1.4104635079754428
img_608 0.6032649278640747 0.3212227523326874 -1.4115392526043493
img_609 0.6066688895225525 0.3004205524921417 -1.4069649537457065
img_610 0.6088736653327942 0.2798662483692169 -1.4161087830914099
img_611 0.6125643849372864 0.2618288993835449 -1.4276763757122592
img_612 0.6196218132972717 0.24805718660354614 -1.4344035943401892
img_613 0.634519636631012 0.2388373613357544 -1.4481193383587438
img_614 0.6527161598205566 0.23152804374694824 -1.4467741807354526
img_615 0.673436164855957 0.22614191472530365 -1.4335910638226113
img_616 0.6973073482513428 0.2263317108154297 -1.4292866547955114
img_617 0.7196739912033081 0.2296987920999527 -1.4222928841961462
img_618 0.7404040694236755 0.22892923653125763 -1.420409854258402
img_619 0.7620369791984558 0.22804567217826843 -1.4214860757244663
img_620 0.7878035306930542 0.2325730323791504 -1.4109937508953647
img_621 0.8121167421340942 0.2316715121269226 -1.4298254807842807
img_622 0.834701657295227 0.23086532950401306 -1.4249831994427282
img_623 0.8566688895225525 0.23481453955173492 -1.4220244248760778
img_624 0.8763030767440796 0.23761257529258728 -1.4239074548138217
img_625 0.891067385673523 0.2394353598356247 -1.4265972932232456
img_626 0.8984707593917847 0.23848535120487213 -1.4658810456646518
img_627 0.8994342088699341 0.23880262672901154 -1.4828264077557167
img_628 0.8991432785987854 0.23927980661392212 -1.5097276528729038
img_629 0.8971172571182251 0.23890499770641327 -1.5713340600384313
img_630 0.8976127505302429 0.23833225667476654 -1.6377817948711948
img_631 0.9018528461456299 0.23302771151065826 -1.6827051003826696
img_632 0.9051392078399658 0.2267531454563141 -1.7365128358257849
img_633 0.9129347801208496 0.2166338562965393 -1.7704102357281286
img_634 0.9175873398780823 0.20525214076042175 -1.8150679429424839
img_635 0.9209904074668884 0.19533400237560272 -1.8675200303448274
img_636 0.9218888878822327 0.1849205493927002 -1.9379984696758823
img_637 0.92132568359375 0.17447993159294128 -1.9934164842022497
img_638 0.9195683598518372 0.16981683671474457 -2.0768162568462927
img_639 0.9166807532310486 0.16511738300323486 -2.166670497263773
img_640 0.9121306538581848 0.16470122337341309 -2.282078440989359
img_641 0.9092041254043579 0.16424784064292908 -2.34663742383848
img_642 0.9087667465209961 0.16212071478366852 -2.35390060743223
img_643 0.9089293479919434 0.16175693273544312 -2.3541695435894563
img_644 0.9088975191116333 0.16163715720176697 -2.3541695435894563
img_645 0.9088975191116333 0.16163715720176697 -2.3541695435894563
img_646 0.9088975191116333 0.16163715720176697 -2.3541695435894563
img_647 0.9088975191116333 0.16163715720176697 -2.3541695435894563
img_648 0.9088975191116333 0.16163715720176697 -2.3541695435894563
img_649 0.9088975191116333 0.16163715720176697 -2.3541695435894563
img_650 0.9088975191116333 0.16163715720176697 -2.3541695435894563
img_651 0.9088975191116333 0.16163715720176697 -2.3541695435894563
img_652 0.9088975191116333 0.16163715720176697 -2.3541695435894563
img_653 0.9088975191116333 0.16163715720176697 -2.3541695435894563
img_654 0.9088975191116333 0.16163715720176697 -2.3541695435894563
img_655 0.9088975191116333 0.16163715720176697 -2.3541695435894563
img_656 0.9088975191116333 0.16163715720176697 -2.3541695435894563
img_657 0.9088975191116333 0.16163715720176697 -2.3541695435894563
img_658 0.9089589715003967 0.16117197275161743 -2.35390060743223
img_659 0.9089645147323608 0.16091401875019073 -2.360894854868753
img_660 0.9105668067932129 0.16066932678222656 -2.390758212412699
img_661 0.9117430448532104 0.15888424217700958 -2.459645922983988
img_662 0.9084558486938477 0.15589620172977448 -2.533336337412699
img_663 0.9060298800468445 0.154433473944664 -2.5925232728375036
img_664 0.9062758684158325 0.15451133251190186 -2.65278976758848
img_665 0.9058536291122437 0.15484817326068878 -2.7133051713360383
img_666 0.9052435159683228 0.15497839450836182 -2.786483462656839
img_667 0.9068199992179871 0.1546376496553421 -2.8803717454327185
img_668 0.9076918363571167 0.15525561571121216 -2.9470898469341833
img_669 0.9113916158676147 0.1555422991514206 -2.9944388230694368
img_670 0.9109788537025452 0.1546667069196701 -2.9952456315411164
img_671 0.9110315442085266 0.15479975938796997 -2.9947077592266638
img_672 0.9110496640205383 0.154677152633667 -2.9955145676983435
img_673 0.9110496640205383 0.154677152633667 -2.9955145676983435
img_674 0.910908043384552 0.154656320810318 -2.9957835038555696
img_675 0.9110496640205383 0.1546771079301834 -2.9971281846417024
img_676 0.9112632274627686 0.15370622277259827 -3.0006253083599645
img_677 0.9178353548049927 0.14381016790866852 -3.0089651902569368
img_678 0.9231963157653809 0.12608234584331512 -2.9995495637310583
img_679 0.9238818287849426 0.10865183174610138 -3.0202643235577185
img_680 0.9265934228897095 0.09587211906909943 -3.0084273179424836
img_681 0.9279415607452393 0.08742491900920868 -3.0068137009991243
img_682 0.9258931279182434 0.08602137863636017 -3.0081593354595735
img_683 0.9213222861289978 0.08484512567520142 -3.0127322038067414
img_684 0.9121232032775879 0.08371562510728836 -2.991208728159769
img_685 0.9036741852760315 0.08168325573205948 -2.996588404978617
img_686 0.8909827470779419 0.07945416867733002 -2.9973952134502966
img_687 0.8750667572021484 0.07651685178279877 -2.9987398942364294
img_688 0.8581474423408508 0.07527291774749756 -2.989593203867777
img_689 0.8442511558532715 0.07289350777864456 -2.9882485230816442
img_690 0.8363123536109924 0.07179190963506699 -2.987172778452738
img_691 0.829372227191925 0.06845363229513168 -2.9836756547344763
img_692 0.8242600560188293 0.06688657402992249 -2.981523211802347
img_693 0.8187324404716492 0.06542913615703583 -2.975066836680277
img_694 0.8066016435623169 0.06269890815019608 -2.97560470899473
img_695 0.7996625900268555 0.060593895614147186 -2.9675347169293005
img_696 0.7977526783943176 0.0671168863773346 -2.970762904490335
img_697 0.7926088571548462 0.08220208436250687 -2.992014582957132
img_698 0.7903754115104675 0.0982227623462677 -2.9930903275860388
img_699 0.7883527874946594 0.10932453721761703 -2.99013107618223
img_700 0.785817563533783 0.11953205615282059 -2.9949738343609407
img_701 0.7835344076156616 0.13009455800056458 -2.9995467027081086
img_702 0.78169846534729 0.14116322994232178 -3.000622447337015
img_703 0.7801020741462708 0.15113915503025055 -2.994703944529398
img_704 0.7777757048606873 0.15806202590465546 -2.9906689484966833
img_705 0.7724199295043945 0.1709114909172058 -3.0006214936626985
img_706 0.7652726769447327 0.18485791981220245 -3.0253731568707067
img_707 0.7536599040031433 0.19423340260982513 -3.0264489014996125
img_708 0.7373660206794739 0.19871219992637634 -3.015957530344828
img_709 0.7222425937652588 0.1996753215789795 -3.0068117936504914
img_710 0.7099459171295166 0.1987583339214325 -2.9823309739483435
img_711 0.6961386799812317 0.19785869121551514 -3.0068117936504914
img_712 0.6822436451911926 0.2015404999256134 -3.018648799265726
img_713 0.6666138768196106 0.2037307322025299 -3.037212069834574
img_714 0.6515860557556152 0.2063932716846466 -3.033714946116312
img_715 0.6398117542266846 0.20811018347740173 -3.027527507151468
img_716 0.6276553273200989 0.20671750605106354 -3.027527507151468
img_717 0.6140772700309753 0.20703339576721191 -3.0213400681866243
img_718 0.6021568179130554 0.20546813309192657 -3.0253750642193395
img_719 0.5914236903190613 0.20515094697475433 -3.0267197450054724
img_720 0.5793531537055969 0.20332156121730804 -3.022415812815531
img_721 0.5654595494270325 0.20109622180461884 -3.0191876252544954
img_722 0.5515320897102356 0.1961979866027832 -3.0121924241436555
img_723 0.5344037413597107 0.19196943938732147 -3.0229527314556672
img_724 0.518790066242218 0.18904735147953033 -3.0017010529888704
img_725 0.5022517442703247 0.18615534901618958 -3.0148827393902375
img_726 0.48804542422294617 0.18384575843811035 -3.0181109269512727
img_727 0.4750674366950989 0.1786133348941803 -3.0092341264141633
img_728 0.46284055709838867 0.17367231845855713 -3.013269122446878
img_729 0.4514833688735962 0.17220687866210938 -3.0089642365826204
img_730 0.4416808485984802 0.16777360439300537 -3.0097710450543005
img_731 0.4343298077583313 0.16686144471168518 -3.0041214784039094
img_732 0.42651602625846863 0.16590557992458344 -3.03182857831846
img_733 0.4133101999759674 0.1635773628950119 -3.030752833689554
img_734 0.3995109498500824 0.1581754982471466 -3.0261790116680696
img_735 0.3838319480419159 0.1514291763305664 -3.019184764231546
img_736 0.3681274354457855 0.1469373255968094 -3.0251023133648474
img_737 0.3536454737186432 0.14168553054332733 -3.0175682862652375
img_738 0.3370262384414673 0.13642801344394684 -2.989046748484476
img_739 0.3226329982280731 0.13189610838890076 -3.0100228150738313
img_740 0.31195420026779175 0.12423203885555267 -3.0003382523907263
img_741 0.2997449040412903 0.11579769849777222 -2.9936119874371125
img_742 0.287607878446579 0.10816171765327454 -2.9833895524395544
img_743 0.2816268801689148 0.09773135185241699 -3.001413997019632
img_744 0.28253352642059326 0.08490411192178726 -3.010560687388285
img_745 0.28026607632637024 0.0711667612195015 -3.0006071885479524
img_746 0.2752840220928192 0.057127416133880615 -3.017017062510355
img_747 0.2782253623008728 0.044005200266838074 -3.0137888749493196
img_748 0.2827824354171753 0.030157797038555145 -2.989846881235941
img_749 0.2774016559123993 0.01943059265613556 -3.009751971567972
img_750 0.27409398555755615 0.008989122696220875 -3.0172850449932653
img_751 0.2738388478755951 -0.00022380799055099487 -3.02132004102598
img_752 0.2765747904777527 -0.006759425159543753 -2.9938809235943395
img_753 0.2768571674823761 -0.010602050460875034 -3.023473437632425
img_754 0.2741374969482422 -0.013795509934425354 -3.0466086228741247
img_755 0.26482081413269043 -0.018231187015771866 -3.0460707505596716
img_756 0.24768604338169098 -0.02622327208518982 -3.0291220506084993
img_757 0.23337610065937042 -0.03532283008098602 -3.0404202302349645
img_758 0.215600848197937 -0.0405534990131855 -3.082120593394144
img_759 0.203952357172966 -0.04056416451931 -3.0767399629009797
img_760 0.1997712105512619 -0.04133254289627075 -3.065709765757425
img_761 0.19262434542179108 -0.042186636477708817 -3.042307551707132
img_762 0.1795225739479065 -0.04349173605442047 -3.0234762986553747
img_763 0.16694283485412598 -0.04467249661684036 -3.0224005540264685
img_764 0.15066102147102356 -0.04712168872356415 -3.0484940369976594
img_765 0.14053533971309662 -0.05105465278029442 -3.1262394746197297
img_766 0.13392625749111176 -0.056424349546432495 3.066286691019329
img_767 0.13007281720638275 -0.056133612990379333 3.012211449930462
img_768 0.12503497302532196 -0.05547814816236496 2.943347581217083
img_769 0.1230543702840805 -0.05406840518116951 2.8701368649695245
img_770 0.12116634845733643 -0.05071326345205307 2.764172204324993
img_771 0.12228952348232269 -0.048559416085481644 2.636964448282513
img_772 0.12253057211637497 -0.048197001218795776 2.5064960797522393
img_773 0.12241348624229431 -0.0475718230009079 2.397270806619915
img_774 0.12476141005754471 -0.046448562294244766 2.3004251797888604
img_775 0.12462860345840454 -0.045463331043720245 2.2159525235388604
img_776 0.12654432654380798 -0.04491715505719185 2.0792948086951104
img_777 0.12654994428157806 -0.04454531893134117 1.9654852231238216
img_778 0.128208190202713 -0.04288562759757042 1.8425480206702083
img_779 0.1274992823600769 -0.043343182653188705 1.7370830853674741
img_780 0.12761344015598297 -0.0425260066986084 1.653702386209759
img_781 0.12711983919143677 -0.04332095757126808 1.5689636548254815
img_782 0.12767960131168365 -0.04221285879611969 1.5113960583899348
img_783 0.12672406435012817 -0.042621977627277374 1.4132057507727471
img_784 0.12663534283638 -0.04239051416516304 1.355099328348431
img_785 0.12590889632701874 -0.04223134368658066 1.2864977200720638
img_786 0.1263524740934372 -0.043143756687641144 1.191264756510052
img_787 0.12319213896989822 -0.043539609760046005 1.0567528088782159
img_788 0.12272998690605164 -0.04385389760136604 1.0032183011267513
img_789 0.12394722551107407 -0.04874580353498459 0.9211698849890558
img_790 0.1236460953950882 -0.05283038318157196 0.763798363992962
img_791 0.1203240230679512 -0.0546388104557991 0.5967117627356378
img_792 0.11935096234083176 -0.05492529645562172 0.510370858499798
img_793 0.11860079318284988 -0.0554162934422493 0.4331680615637628
img_794 0.11943228542804718 -0.05516832694411278 0.3621412595007745
img_795 0.1165788322687149 -0.05379725992679596 0.26555980045536437
img_796 0.10890205204486847 -0.051068030297756195 0.20852244693973937
img_797 0.09457209706306458 -0.052453894168138504 0.19023574192264953
img_798 0.08210945129394531 -0.0560530349612236 0.1961551984045831
img_799 0.07310798019170761 -0.05885268747806549 0.17705405552128237
img_800 0.06716124713420868 -0.062183164060115814 0.17059768039921205
img_801 0.06364614516496658 -0.05863843485713005 0.18485511142948552
img_802 0.06304800510406494 -0.052130360156297684 0.17624629337528624
img_803 0.06216208636760712 -0.04001399129629135 0.17005885441044252
img_804 0.06084556505084038 -0.02388981729745865 0.17463267643192687
img_805 0.05863652005791664 -0.010751264169812202 0.18108809787968078
img_806 0.05663774907588959 0.003939928486943245 0.20180190403202455
img_807 0.060178257524967194 0.009661324322223663 0.27766288120487603
img_808 0.0624178871512413 0.011201834306120872 0.39307177860477843
img_809 0.06414937227964401 0.010108504444360733 0.5407558758948176
img_810 0.06706232577562332 0.006508379243314266 0.6908708890173763
img_811 0.07389017194509506 0.005157316569238901 0.7756191571448174
img_812 0.0767219141125679 0.005590933840721846 0.7000328381750909
img_813 0.0761629268527031 0.00625454680994153 0.5959144910071221
img_814 0.07391732931137085 0.0063788266852498055 0.4616886456702082
img_815 0.07315526157617569 0.00710721779614687 0.2884317715857355
img_816 0.07288086414337158 0.007025802042335272 0.1299873669836847
img_817 0.07355428487062454 0.0057388292625546455 -0.019051901509967675
img_818 0.07522649317979813 0.0033516508992761374 -0.19256531398555363
img_819 0.07802024483680725 -0.003633257234469056 -0.3539765993859443
img_820 0.07904309779405594 -0.008504104800522327 -0.5425685564782293
img_821 0.0798356682062149 -0.0091990502551198 -0.6577047030236396
img_822 0.08005906641483307 -0.01125070545822382 -0.8225892702843818
img_823 0.07855584472417831 -0.015917224809527397 -0.9988139788415109
img_824 0.08350330591201782 -0.021198593080043793 -1.1903194109704172
img_825 0.0867089182138443 -0.023539051413536072 -1.363312117269245
img_826 0.09135105460882187 -0.026035485789179802 -1.5284951845910226
img_827 0.09434402734041214 -0.02641013264656067 -1.6944688479211003
img_828 0.09368839114904404 -0.028167566284537315 -1.8712266604211008
img_829 0.09217076748609543 -0.03118125908076763 -2.0334609667565497
img_830 0.09470123797655106 -0.03388267010450363 -2.1997016588952216
img_831 0.09057082235813141 -0.037559062242507935 -2.3137668291833076
img_832 0.08888693153858185 -0.039850302040576935 -2.5246738116051826
img_833 0.08970899134874344 -0.04131854698061943 -2.6874240557458076
img_834 0.08961465954780579 -0.0426749624311924 -2.7974589983727607
img_835 0.08229696750640869 -0.04378357157111168 -2.848837248494831
img_836 0.07293973863124847 -0.04323825612664223 -2.891611448934284
img_837 0.06749008595943451 -0.03100591152906418 -2.905331961324421
img_838 0.0647844448685646 -0.009984955191612244 -2.891343466451374
img_839 0.06100874021649361 0.012588193640112877 -2.8865016619469794
img_840 0.05533444136381149 0.029810218140482903 -2.8934968630578193
img_841 0.051714055240154266 0.042062412947416306 -2.8980697314049872
img_842 0.04902605712413788 0.061635572463274 -2.918513647725788
img_843 0.06634451448917389 0.082975834608078 -2.9093669573571357
img_844 0.09101084619760513 0.10956787317991257 -2.8951095263268622
img_845 0.11077125370502472 0.13192212581634521 -2.8827336947228583
img_846 0.12262441217899323 0.1469852328300476 -2.874124876668659
img_847 0.13394448161125183 0.1591467559337616 -2.8743938128258857
img_848 0.14759716391563416 0.1731002926826477 -2.8816569964196357
img_849 0.1573113054037094 0.19101166725158691 -2.8644374529626044
img_850 0.1623951941728592 0.2079193890094757 -2.851795546224323
img_851 0.16989079117774963 0.22735585272312164 -2.8609422365929755
img_852 0.17491725087165833 0.24712136387825012 -2.8657849947716865
img_853 0.1807442009449005 0.2602992653846741 -2.8684753100182685
img_854 0.18912556767463684 0.27030566334724426 -2.888383261373249
img_855 0.19520899653434753 0.2862204313278198 -2.9392341295983466
img_856 0.20132210850715637 0.3053760230541229 -2.954028479268757
img_857 0.21009540557861328 0.3197822570800781 -2.9884608904626044
img_858 0.22088350355625153 0.33198171854019165 -3.0371526400353583
img_859 0.22755934298038483 0.34483277797698975 -3.044954649617878
img_860 0.23409026861190796 0.35903844237327576 -3.0043347994591865
img_861 0.23337286710739136 0.37207719683647156 -2.9970716158654365
img_862 0.22721774876117706 0.3892791271209717 -3.009714476278034
img_863 0.22484149038791656 0.40692082047462463 -3.0188687960412177
img_864 0.22135819494724274 0.4310728907585144 -3.0097297350670966
img_865 0.2199898511171341 0.4514581561088562 -3.0038112322594794
img_866 0.21893757581710815 0.4707697033882141 -2.998969427755085
img_867 0.21313588321208954 0.4912859797477722 -2.993588797261921
img_868 0.204417884349823 0.5136075019836426 -3.0159171740319404
img_869 0.1910834014415741 0.5306621193885803 -3.0145724932458076
img_870 0.1765517145395279 0.5424884557723999 -3.014841429403034
img_871 0.16317816078662872 0.5540287494659424 -3.0253337542321357
img_872 0.14515937864780426 0.5593485832214355 -3.0188773791100654
img_873 0.12924684584140778 0.5615072250366211 -3.0008529345299872
img_874 0.1138252392411232 0.5650179982185364 -2.9925130526330146
img_875 0.09469906985759735 0.5685375928878784 -2.998431555440632
img_876 0.072575643658638 0.5682912468910217 -3.000315062215534
img_877 0.05145370215177536 0.5644727945327759 -3.0129693667199287
img_878 0.031000085175037384 0.5609531998634338 -3.0140441576745185
img_879 0.0152792539447546 0.5619382262229919 -3.00677525203487
img_880 0.0009884703904390335 0.563812255859375 -3.008119932821003
img_881 -0.011497165076434612 0.568017303943634 -3.0065044085290107
img_882 -0.02381899207830429 0.574528694152832 -3.0159124056603583
img_883 -0.038242172449827194 0.5821448564529419 -3.025064818074909
img_884 -0.050844479352235794 0.5913941264152527 -3.029634825399128
img_885 -0.05827445536851883 0.6039732098579407 -3.031788222005573
img_886 -0.06166889891028404 0.6181188225746155 -3.0414680163170966
img_887 -0.06324544548988342 0.6345279216766357 -3.0393155733849677
img_888 -0.06288547813892365 0.6516966819763184 -3.036356321981159
img_889 -0.06519448757171631 0.6643568277359009 -3.028282515218464
img_890 -0.07059741765260696 0.6725983619689941 -3.0608323733117255
img_891 -0.07427037507295609 0.6833722591400146 -3.073749891927448
img_892 -0.07753534615039825 0.6955632567405701 -3.0468696276452216
img_893 -0.08082739263772964 0.707889974117279 -3.028841368367878
img_894 -0.0895857959985733 0.7200562953948975 -3.020233503987995
img_895 -0.09500885009765625 0.7343778610229492 -3.0323384920861396
img_896 -0.09396446496248245 0.7504534721374512 -3.0153888384606513
img_897 -0.09391123801469803 0.7659510970115662 -2.9954827944543037
img_898 -0.097378671169281 0.780912458896637 -3.0057052294518622
img_899 -0.10291522741317749 0.7899755239486694 -2.99575173061153
img_900 -0.10737878829240799 0.7977132201194763 -3.0116237322594794
img_901 -0.1057145893573761 0.8043056130409241 -3.0170043627526435
img_902 -0.10264788568019867 0.8091864585876465 -3.06704079311153
img_903 -0.09911049157381058 0.8146712779998779 -3.140758864095417
img_904 -0.09857326000928879 0.81399005651474 3.020567846282412
img_905 -0.09736383706331253 0.814155101776123 2.930182409270693
img_906 -0.09512491524219513 0.8136745691299438 2.8029345989069236
img_907 -0.08825264871120453 0.8194008469581604 2.742139768584658
img_908 -0.08152160048484802 0.8230172991752625 2.6781100749811424
img_909 -0.07812203466892242 0.8242971897125244 2.6304950237116107
img_910 -0.07949424535036087 0.8249956965446472 2.580995511992861
img_911 -0.08306565135717392 0.8273841142654419 2.5220641612848533
img_912 -0.08198989927768707 0.8295084834098816 2.448375654204775
img_913 -0.08020497113466263 0.8289122581481934 2.3711337566217674
img_914 -0.07864721119403839 0.8315443992614746 2.2995967387995013
img_915 -0.0759621411561966 0.8321665525436401 2.2167243480524315
img_916 -0.07487455010414124 0.8350471258163452 2.0938014507135643
img_917 -0.0741247907280922 0.8326303362846375 2.0421618938287986
img_918 -0.07320249825716019 0.8338233232498169 2.0211772441705955
img_919 -0.07172348350286484 0.8358897566795349 1.944234800322939
img_920 -0.06610053032636642 0.8347883224487305 1.8721408366998922
img_921 -0.0504322275519371 0.8344876766204834 1.7978934764704002
img_922 -0.038442254066467285 0.8316683173179626 1.807323408111025
img_923 -0.02684304676949978 0.8368896245956421 1.7646121501764547
img_924 -0.01664133556187153 0.8428298830986023 1.7654189586481344
img_925 -0.0008269194513559341 0.8446343541145325 1.7694549083551658
img_926 0.015594329684972763 0.8491081595420837 1.76084513662665
img_927 0.03030678629875183 0.8529949188232422 1.7578868388971578
img_928 0.04648308455944061 0.8581692576408386 1.7479323863825098
img_929 0.06404067575931549 0.866655707359314 1.7422828197321187
img_930 0.08078300207853317 0.8731135725975037 1.7167281627496973
img_931 0.09844586253166199 0.876107394695282 1.7387885570368067
img_932 0.11679296940565109 0.873920738697052 1.7732219219049703
img_933 0.12913894653320312 0.8729482293128967 1.7958182811579
img_934 0.1361905336380005 0.8682491183280945 1.7944736003717674
img_935 0.1433309018611908 0.8611744046211243 1.7952804088434469
img_936 0.154751256108284 0.851234495639801 1.7960872173151268
img_937 0.16641521453857422 0.8414204120635986 1.7592124461969627
img_938 0.18029047548770905 0.830487847328186 1.7530288219293846
img_939 0.19290398061275482 0.8157437443733215 1.747646284087588
img_940 0.2114252746105194 0.8054280281066895 1.7315101146539942
img_941 0.22956441342830658 0.795821487903595 1.7519645213922752
img_942 0.24596747756004333 0.7874094843864441 1.7484683513483297
img_943 0.2623383402824402 0.7801893353462219 1.7420005321344625
img_944 0.27801263332366943 0.7723160982131958 1.7543525218805567
img_945 0.29514163732528687 0.7673079371452332 1.745473813994814
img_946 0.3107115924358368 0.7621710896492004 1.7344436168512596
img_947 0.3259424865245819 0.7570348978042603 1.7613429546198143
img_948 0.34018415212631226 0.7525671720504761 1.7613429546198143
img_949 0.3561685383319855 0.7518243789672852 1.7548865794977437
img_950 0.3714057505130768 0.7509124875068665 1.7599982738336817
img_951 0.38765662908554077 0.7480869889259338 1.7634944438776268
img_952 0.40690329670906067 0.7468482255935669 1.7809810161432518
img_953 0.425751656293869 0.7431499361991882 1.7852859020075094
img_954 0.44153666496276855 0.7437688708305359 1.785016965850283
img_955 0.45580723881721497 0.744347095489502 1.7825965404352437
img_956 0.46633589267730713 0.7478553056716919 1.7669944286188375
img_957 0.4783933460712433 0.7536450624465942 1.7435855388483301
img_958 0.4939066767692566 0.7584587931632996 1.7425097942194236
img_959 0.5116205215454102 0.7593511939048767 1.7626933574518455
img_960 0.5254632234573364 0.7595630288124084 1.7882403850397364
img_961 0.5407129526138306 0.766963541507721 1.7739791393121969
img_962 0.5501128435134888 0.7772284746170044 1.7433146953424703
img_963 0.5526559948921204 0.7926000356674194 1.7667216777643457
img_964 0.5568308234214783 0.8094385862350464 1.7777480602106348
img_965 0.5609340667724609 0.8212714195251465 1.7809772014459861
img_966 0.5616405010223389 0.8345880508422852 1.806795072539736
img_967 0.5659065842628479 0.845477819442749 1.798454236968447
img_968 0.5677343010902405 0.8573624491691589 1.8121776103815328
img_969 0.5683713555335999 0.8729196190834045 1.8288554668268453
img_970 0.5693661570549011 0.8885724544525146 1.8484897136530172
img_971 0.5730141401290894 0.9051650166511536 1.8514499187311422
img_972 0.5763047933578491 0.9226058721542358 1.84929842947333
img_973 0.5777075886726379 0.9357346296310425 1.851718854888369
img_974 0.5806162357330322 0.9473353028297424 1.8554839610895408
img_975 0.5882748365402222 0.956250011920929 1.8218554973444236
img_976 0.596213161945343 0.9647133946418762 1.804099988921572
img_977 0.6064964532852173 0.9707610607147217 1.7858066081842676
img_978 0.6170318722724915 0.9724758863449097 1.7909183025202047
img_979 0.6296912431716919 0.9749416708946228 1.7928008556207908
img_980 0.6377694010734558 0.9791120886802673 1.7747802257379783
img_981 0.64895099401474 0.9871614575386047 1.7381934642633692
img_982 0.6661766171455383 0.9945717453956604 1.7080630779108301
img_983 0.6796234846115112 0.9991384744644165 1.6531772136530172
img_984 0.6921124458312988 1.005983829498291 1.5886344432672752
img_985 0.7027727365493774 1.009574055671692 1.5437011241754783
img_986 0.7112385630607605 1.0062663555145264 1.504692029937197
img_987 0.7211602926254272 1.0013424158096313 1.424524259551455
img_988 0.7300775647163391 0.9989437460899353 1.3486632823786033
img_989 0.7361801862716675 0.9922103881835938 1.2741508006891502
img_990 0.7409494519233704 0.9868239760398865 1.2208823680719625
img_991 0.741723358631134 0.9811707139015198 1.203931760772158
img_992 0.7416333556175232 0.9812819957733154 1.203393888457705
img_993 0.7421088218688965 0.9814823269844055 1.1958617687067283
img_994 0.7464839816093445 0.982952356338501 1.1065349101862205
img_995 0.7517848014831543 0.9830189347267151 0.9591121196588767
img_996 0.7589033246040344 0.9790309071540833 0.8359069347223533
img_997 0.7632134556770325 0.9745568037033081 0.7535819530329002
img_998 0.7634352445602417 0.9744250178337097 0.6658935069879782
img_999 0.7654213309288025 0.9723601937294006 0.5943374156793846
img_1000 0.7696855664253235 0.9718014597892761 0.5346145152887595
img_1001 0.7742488980293274 0.9682378768920898 0.4541797160944236
img_1002 0.7784221768379211 0.9639307260513306 0.3780478954157126
img_1003 0.7840664386749268 0.9575706124305725 0.33769602773993135
img_1004 0.7899066805839539 0.9483900666236877 0.2868518352350486
img_1005 0.7837744951248169 0.9388276934623718 0.2755527019342673
img_1006 0.7756714224815369 0.9310629367828369 0.2717875957330954
img_1007 0.7756330966949463 0.9232031106948853 0.27663035391180635
img_1008 0.781349241733551 0.913680911064148 0.2556457042536033
img_1009 0.7887079119682312 0.9042028784751892 0.24111933706610322
img_1010 0.7976417541503906 0.8927435278892517 0.20372767446844697
img_1011 0.8009601831436157 0.8812789916992188 0.20399661062567345
img_1012 0.7972216010093689 0.8721520304679871 0.21960062979071254
img_1013 0.7916387319564819 0.866778552532196 0.2209453105768454
img_1014 0.7784312963485718 0.8573331832885742 0.21556468008368135
img_1015 0.7654176950454712 0.8466808199882507 0.2516116618952048
img_1016 0.7520302534103394 0.8346654176712036 0.2933082103571189
img_1017 0.7387685179710388 0.8256107568740845 0.3107947826227439
img_1018 0.7241685390472412 0.8146725296974182 0.30084033010809536
img_1019 0.7053542733192444 0.8020223379135132 0.3051452159723532
img_1020 0.687894344329834 0.7859969735145569 0.33662028311102504
img_1021 0.6735102534294128 0.7759736180305481 0.2699050426325095
img_1022 0.657857358455658 0.7642483115196228 0.2325095653375876
img_1023 0.6470398306846619 0.747358500957489 0.2343921184381735
img_1024 0.6378673911094666 0.7300043702125549 0.23896594045965794
img_1025 0.6302303671836853 0.7144945859909058 0.2586040019830954
img_1026 0.6271054744720459 0.7001397609710693 0.27017397878973604
img_1027 0.6210533380508423 0.6920972466468811 0.2583369731745016
img_1028 0.6181785464286804 0.6805696487426758 0.30137820242254854
img_1029 0.6147931814193726 0.6695233583450317 0.2849692821344626
img_1030 0.6093934774398804 0.6528319120407104 0.2518825054010641
img_1031 0.6014344692230225 0.6369631886482239 0.22498316763250947
img_1032 0.5957794785499573 0.6263865828514099 0.23897356985418916
img_1033 0.5936741232872009 0.6176456212997437 0.2618388652643454
img_1034 0.5920045375823975 0.6059051752090454 0.2588786601862204
img_1035 0.5866127610206604 0.5890939235687256 0.25618929861395473
img_1036 0.5810415148735046 0.5696969032287598 0.2626456737360251
img_1037 0.5757980942726135 0.5500617027282715 0.2664126872858298
img_1038 0.5735690593719482 0.5328156352043152 0.2812079906305564
img_1039 0.5735031962394714 0.5160220265388489 0.26425738333075166
img_1040 0.5797001719474792 0.5012012124061584 0.24757952688543916
img_1041 0.5866161584854126 0.48537296056747437 0.22471613882391572
img_1042 0.5922191739082336 0.468407541513443 0.21368594168036104
img_1043 0.595142126083374 0.45274433493614197 0.21799082754461885
img_1044 0.5996899604797363 0.4350259602069855 0.2174529552301657
img_1045 0.6097205877304077 0.4151611328125 0.18490977285711882
img_1046 0.6200373768806458 0.3974025547504425 0.1614837169489157
img_1047 0.6312868595123291 0.3790360391139984 0.19050974844305632
img_1048 0.64759761095047 0.36191996932029724 0.1921233653864157
img_1049 0.659709632396698 0.34893500804901123 0.1915854930719626
img_1050 0.6688190698623657 0.33447808027267456 0.20718951223700163
img_1051 0.6738172173500061 0.3202670216560364 0.20207781790106416
img_1052 0.6762481927871704 0.30893605947494507 0.19965739248602507
img_1053 0.6806893348693848 0.29763200879096985 0.18782038687079072
img_1054 0.6886564493179321 0.28886401653289795 0.19212527273504854
img_1055 0.7022188901901245 0.27704447507858276 0.1864757060846579
img_1056 0.7201461791992188 0.26712164282798767 0.17195124624579067
img_1057 0.7348984479904175 0.2564113736152649 0.17248911856024382
img_1058 0.7462533712387085 0.24775393307209015 0.1673755168756735
img_1059 0.7625615000724792 0.23989222943782806 0.15796465872137666
img_1060 0.7763251662254333 0.2335500866174698 0.1544665813287985
img_1061 0.7909356355667114 0.22924037277698517 0.15339083669989226
img_1062 0.8023654818534851 0.22580236196517944 0.1611937999567282
img_1063 0.8145706057548523 0.22163395583629608 0.16280741690008757
img_1064 0.8283109068870544 0.2176734060049057 0.16011805532782197
img_1065 0.8431196808815002 0.21686361730098724 0.1730308055719626
img_1066 0.857862651348114 0.2173013687133789 0.2254905223688376
img_1067 0.864435076713562 0.2156936079263687 0.23894114492743138
img_1068 0.8746098875999451 0.20567069947719574 0.22280116079657197
img_1069 0.891688346862793 0.19797523319721222 0.19186396597235322
img_1070 0.9056997299194336 0.1952679306268692 0.20289416311590788
img_1071 0.916710376739502 0.19538147747516632 0.22657198904364229
img_1072 0.9192272424697876 0.19449885189533234 0.22737879751532195
img_1073 0.920056939125061 0.1942456215620041 0.21688838003485322
img_1074 0.9259530901908875 0.1857740581035614 0.1574458598932516
img_1075 0.9316539764404297 0.18090520799160004 0.04174609182684537
img_1076 0.9348686933517456 0.1759536862373352 -0.1131992817083109
img_1077 0.9374958872795105 0.16960498690605164 -0.2810669422307719
img_1078 0.9402973651885986 0.16499048471450806 -0.44409184457452183
img_1079 0.9410595297813416 0.1577649861574173 -0.5977001667180767
img_1080 0.9419670701026917 0.15324899554252625 -0.6918507099309673
img_1081 0.9433230757713318 0.15124036371707916 -0.7956924915471782
img_1082 0.9436889886856079 0.15255187451839447 -0.91261677743585
img_1083 0.9448087811470032 0.15120474994182587 -1.0216827869573344
img_1084 0.9448645114898682 0.15182600915431976 -1.1284695148626078
img_1085 0.9463446140289307 0.14884567260742188 -1.226917314545225
img_1086 0.9461890459060669 0.14578746259212494 -1.328073549286436
img_1087 0.9474782943725586 0.14548002183437347 -1.3875313282170998
img_1088 0.943604052066803 0.14257857203483582 -1.3947945118108502
img_1089 0.9304712414741516 0.1339559257030487 -1.419544267670225
img_1090 0.9140680432319641 0.12559258937835693 -1.3953323841253031
img_1091 0.893953800201416 0.12155426293611526 -1.3794613361516705
img_1092 0.8762429356575012 0.11717600375413895 -1.359823274628233
img_1093 0.859119176864624 0.11072809994220734 -1.3818817615667096
img_1094 0.8454766869544983 0.10189050436019897 -1.4036732196965924
img_1095 0.8341902494430542 0.09577760100364685 -1.4009838581243266
img_1096 0.821660578250885 0.09293942898511887 -1.4077091694036235
img_1097 0.8079185485839844 0.09249105304479599 -1.3942604541936625
img_1098 0.7927589416503906 0.08960497379302979 -1.3980274677434672
img_1099 0.7823878526687622 0.0866691842675209 -1.403139162079405
img_1100 0.7705364227294922 0.0883646234869957 -1.3805428028264752
img_1101 0.7560929656028748 0.09159519523382187 -1.3708572864690531
img_1102 0.7410714030265808 0.09676499664783478 -1.387805986420225
img_1103 0.7222663164138794 0.10336417704820633 -1.3810806751409281
img_1104 0.7027685642242432 0.1102585420012474 -1.3759689808049906
img_1105 0.6907948851585388 0.12292108684778214 -1.3724709034124125
img_1106 0.6788057088851929 0.13567067682743073 -1.3697777271428813
img_1107 0.6654717922210693 0.14208939671516418 -1.3670845508733502
img_1108 0.6510940194129944 0.1486775130033493 -1.3716507435003031
img_1109 0.6362998485565186 0.1577719748020172 -1.3592777729192485
img_1110 0.6180562376976013 0.16216032207012177 -1.3651943683782328
img_1111 0.6011025905609131 0.1721125990152359 -1.3740730762639752
img_1112 0.5876100659370422 0.1817910373210907 -1.3942490101018659
img_1113 0.5773463249206543 0.18675526976585388 -1.4060841083684672
img_1114 0.5659828782081604 0.19426174461841583 -1.4009724140325297
img_1115 0.552623450756073 0.20177185535430908 -1.3945160389104594
img_1116 0.5381250977516174 0.2086019068956375 -1.3789139270940531
img_1117 0.522663950920105 0.210518941283226 -1.3571224689641703
img_1118 0.5044048428535461 0.20816779136657715 -1.359811830536436
img_1119 0.48928695917129517 0.2047836184501648 -1.3600807666936627
img_1120 0.47431227564811707 0.20278823375701904 -1.3536243915715922
img_1121 0.4579397737979889 0.20192354917526245 -1.3366775989690531
img_1122 0.44110891222953796 0.19956481456756592 -1.3302212238469828
img_1123 0.42262086272239685 0.1937766671180725 -1.3377533435979594
img_1124 0.4075370728969574 0.18541638553142548 -1.3670731067815531
img_1125 0.394335001707077 0.17457780241966248 -1.3945141315618268
img_1126 0.3820294439792633 0.16697029769420624 -1.4023170948186625
img_1127 0.37099501490592957 0.15645632147789001 -1.4114628315129985
img_1128 0.36079394817352295 0.1511932611465454 -1.382679033295225
img_1129 0.35170140862464905 0.1419595628976822 -1.369497346893858
img_1130 0.3445602059364319 0.1335645467042923 -1.3754158497014748
img_1131 0.34069687128067017 0.12754756212234497 -1.3883285999456156
img_1132 0.33646488189697266 0.11530594527721405 -1.3842926502385846
img_1133 0.33310359716415405 0.10203713178634644 -1.3775673389592875
img_1134 0.32944247126579285 0.09202321618795395 -1.376760530487608
img_1135 0.32695627212524414 0.08121716976165771 -1.370574998871397
img_1136 0.32556504011154175 0.07030943036079407 -1.3544312000432719
img_1137 0.32445284724235535 0.058049265295267105 -1.3377514362493266
img_1138 0.32254332304000854 0.04704246670007706 -1.3318329334417094
img_1139 0.3193203806877136 0.03513491898775101 -1.3323708057561627
img_1140 0.3146776854991913 0.02222365513443947 -1.3385582447210065
img_1141 0.3084535598754883 0.008693045005202293 -1.350933122650694
img_1142 0.3001437187194824 -0.007286302745342255 -1.367351579681944
img_1143 0.2850867509841919 -0.016453394666314125 -1.3643932819524516
img_1144 0.2688339948654175 -0.025010649114847183 -1.3361473560491313
img_1145 0.2535349130630493 -0.03164780139923096 -1.3313045978704203
img_1146 0.2396007627248764 -0.04068583622574806 -1.3587475299993266
img_1147 0.22479958832263947 -0.04848324507474899 -1.3861847400823344
img_1148 0.21399250626564026 -0.053740695118904114 -1.3964081287542096
img_1149 0.20208938419818878 -0.05725463479757309 -1.3705826282659281
img_1150 0.187953919172287 -0.05833422392606735 -1.3138180256047953
img_1151 0.17246733605861664 -0.05718794837594032 -1.2888012409368264
img_1152 0.15906137228012085 -0.056118112057447433 -1.2207470417180766
img_1153 0.15124809741973877 -0.054056115448474884 -1.156169939056944
img_1154 0.1480766236782074 -0.050086863338947296 -1.0529518604436627
img_1155 0.14470499753952026 -0.04641791433095932 -0.9117126941838968
img_1156 0.14206886291503906 -0.046151842921972275 -0.7817802906194438
img_1157 0.13982614874839783 -0.044449303299188614 -0.6542530536809672
img_1158 0.13512152433395386 -0.04029443860054016 -0.47077565194756876
img_1159 0.13338473439216614 -0.03913240507245064 -0.26715664865167027
img_1160 0.13677069544792175 -0.037874676287174225 -0.11409001351983433
img_1161 0.13597388565540314 -0.03728426992893219 0.034433317168642244
img_1162 0.1364700198173523 -0.036088310182094574 0.22662730215399385
img_1163 0.14170871675014496 -0.03526156768202782 0.40213580129950166
img_1164 0.14308838546276093 -0.035213652998209 0.5530910014948142
img_1165 0.14435462653636932 -0.0361068993806839 0.6937770366510642
img_1166 0.14959895610809326 -0.03698467090725899 0.8492755412897361
img_1167 0.15113572776317596 -0.03514404967427254 1.0208949565729393
img_1168 0.15480388700962067 -0.029041213914752007 1.105367612822939
img_1169 0.15478947758674622 -0.02879374288022518 1.1336154460748922
img_1170 0.14949971437454224 -0.03323309123516083 1.2476806163629783
img_1171 0.14975552260875702 -0.03305463492870331 1.3967093944391502
img_1172 0.1486693024635315 -0.03279094770550728 1.5309485912164937
img_1173 0.14659816026687622 -0.03184899315237999 1.6447429179987203
img_1174 0.14578579366207123 -0.032626718282699585 1.7501983165582908
img_1175 0.14415539801120758 -0.029540590941905975 1.8220271587213768
img_1176 0.1432994157075882 -0.027950342744588852 1.8241786479791893
img_1177 0.14060424268245697 -0.026689350605010986 1.800235700591494
img_1178 0.13849955797195435 -0.028577102348208427 1.7604217052301658
img_1179 0.13727162778377533 -0.023165661841630936 1.6815986156305565
img_1180 0.13421374559402466 -0.024261828511953354 1.5823382854303611
img_1181 0.12601935863494873 -0.017665700986981392 1.439231824859072
img_1182 0.12042273581027985 -0.016022756695747375 1.3017539501032125
img_1183 0.12110753357410431 -0.013539144769310951 1.1564750194391504
img_1184 0.12182238698005676 -0.012837287969887257 0.9913005351862205
img_1185 0.12158729881048203 -0.013196500018239021 0.8234538554987205
img_1186 0.12035849690437317 -0.014887318946421146 0.6848945140680565
img_1187 0.11938729882240295 -0.014320393092930317 0.5312957286676657
img_1188 0.1131734624505043 -0.012221281416714191 0.4320220470270408
img_1189 0.10566052794456482 -0.00797454733401537 0.3577785014948142
img_1190 0.09928712993860245 -0.002881199587136507 0.2940215587457907
img_1191 0.09334873408079147 -0.006233354099094868 0.25689692495672817
img_1192 0.09403621405363083 -0.012652445584535599 0.23187823294012666
img_1193 0.09722533822059631 -0.01603836379945278 0.24183268545477501
img_1194 0.09931392967700958 -0.009714603424072266 0.23537631033270479
img_1195 0.1100800633430481 0.006759757176041603 0.2076682567438376
img_1196 0.1251719892024994 0.023809248581528664 0.1904506206354392
img_1197 0.14013484120368958 0.03805430233478546 0.1678523540338766
img_1198 0.15512242913246155 0.0483243353664875 0.1697349071344626
img_1199 0.1741536408662796 0.05441545695066452 0.1702727794489157
img_1200 0.19672366976737976 0.059553761035203934 0.16919703482000945
img_1201 0.21999883651733398 0.06566743552684784 0.16812129019110322
img_1202 0.2434052675962448 0.07316012680530548 0.1772689342340719
img_1203 0.26636943221092224 0.08294014632701874 0.18560786245672817
img_1204 0.28950947523117065 0.09794151037931442 0.20040316580145479
img_1205 0.31354713439941406 0.11781008541584015 0.20901103018133754
img_1206 0.33607596158981323 0.13956989347934723 0.2022838115534079
img_1207 0.3553333282470703 0.15857484936714172 0.19717211721747044
img_1208 0.37096279859542847 0.1747811734676361 0.18721575735418913
img_1209 0.38763105869293213 0.18922604620456696 0.18425745962469695
img_1210 0.406085342168808 0.2018141746520996 0.20499033926336882
img_1211 0.4248768091201782 0.21312090754508972 0.22353739736883751
img_1212 0.4444226622581482 0.22220352292060852 0.2216548442682517
img_1213 0.4695660471916199 0.22831450402736664 0.2038974284967673
img_1214 0.4936174154281616 0.235312357544899 0.18722147940008751
img_1215 0.5119971036911011 0.24938973784446716 0.16408724783270479
img_1216 0.5239495635032654 0.2665705382823944 0.17135043142645476
img_1217 0.5313520431518555 0.287786602973938 0.16193575857489226
img_1218 0.5359219312667847 0.3060004413127899 0.1858939647516501
img_1219 0.5357702970504761 0.319963276386261 0.23939890859930635
img_1220 0.5324651598930359 0.3322974443435669 0.2657622814020407
img_1221 0.5324817895889282 0.34013819694519043 0.27840800283758765
img_1222 0.5323514938354492 0.35595545172691345 0.268455457671572
img_1223 0.5298135876655579 0.37691569328308105 0.2434386730036032
img_1224 0.5345948338508606 0.39061927795410156 0.24747462271063447
img_1225 0.5350146293640137 0.40414801239967346 0.22918124197332976
img_1226 0.5308542847633362 0.41520798206329346 0.24963183401434536
img_1227 0.5248845815658569 0.42602622509002686 0.27464480398504854
img_1228 0.5164854526519775 0.43499109148979187 0.30504221914618135
img_1229 0.5091888904571533 0.44386860728263855 0.3187617778620016
img_1230 0.5048778653144836 0.45053815841674805 0.2797545909723533
img_1231 0.49933403730392456 0.45648911595344543 0.23967356680243135
img_1232 0.4866604208946228 0.4628336429595947 0.24586100576727507
img_1233 0.4734809398651123 0.46316832304000854 0.24532313345282197
img_1234 0.4580676555633545 0.463142991065979 0.22299189565985322
img_1235 0.4436226189136505 0.46342575550079346 0.21545977590887666
img_1236 0.42914262413978577 0.46349167823791504 0.20227999685614229
img_1237 0.419874370098114 0.4686129689216614 0.18371767996161098
img_1238 0.4121168255805969 0.4753030836582184 0.1794127940973532
img_1239 0.40752777457237244 0.4819640517234802 0.18183321951239226
img_1240 0.40340927243232727 0.48536619544029236 0.16972537039129854
img_1241 0.4024009108543396 0.4853191375732422 0.1683806896051657
img_1242 0.40196117758750916 0.4844900667667389 0.17349238394110322
img_1243 0.39898931980133057 0.4790616035461426 0.19367022512762666
img_1244 0.39275026321411133 0.46830230951309204 0.21169276235907197
img_1245 0.38608962297439575 0.4545106887817383 0.20900340078680635
img_1246 0.3812265992164612 0.44156891107559204 0.2076587200006735
img_1247 0.380134254693985 0.42905300855636597 0.16892237661688442
img_1248 0.3806934356689453 0.418964147567749 0.12345881460516572
img_1249 0.3815089762210846 0.40832436084747314 0.07153697012274382
img_1250 0.3807801604270935 0.3964650332927704 0.07126803396551724
img_1251 0.3809015452861786 0.38622426986694336 0.07180590627997038
img_1252 0.38082754611968994 0.37528178095817566 0.06776995657293913
img_1253 0.37775763869285583 0.3624049425125122 0.0723418712457907
img_1254 0.3692898750305176 0.3480581045150757 0.0766467571100485
img_1255 0.3622247576713562 0.33446455001831055 0.07288165090887663
img_1256 0.3534071743488312 0.3220769464969635 0.09090609548895474
img_1257 0.3478599786758423 0.3108059763908386 0.1086616039118063
img_1258 0.3390219807624817 0.29812192916870117 0.12211222647040008
img_1259 0.33368679881095886 0.28666529059410095 0.1264171123346579
img_1260 0.3260718584060669 0.2725168466567993 0.1264171123346579
img_1261 0.3183232843875885 0.25885090231895447 0.15278048513739226
img_1262 0.3139147460460663 0.24939346313476562 0.16650004385321257
img_1263 0.3150864839553833 0.24047817289829254 0.16488642690985322
img_1264 0.3172953724861145 0.2296009361743927 0.15547175405829067
img_1265 0.3133682906627655 0.21029268205165863 0.1611213207086813
img_1266 0.3099459111690521 0.18763642013072968 0.1694602489313376
img_1267 0.3075224757194519 0.1644626259803772 0.16999812124579072
img_1268 0.30641332268714905 0.14427724480628967 0.15708537100165007
img_1269 0.2955131530761719 0.12228047102689743 0.18399233816473598
img_1270 0.29034423828125 0.10430169850587845 0.19528956411688445
img_1271 0.27952131628990173 0.0909794494509697 0.20578188894598598
img_1272 0.26971331238746643 0.08000549674034119 0.2117003917536032
img_1273 0.2562375068664551 0.06183505803346634 0.24586100576727507
img_1274 0.24718250334262848 0.042055051773786545 0.3012828349909078
img_1275 0.23719783127307892 0.025712843984365463 0.32872385977118135
img_1276 0.230160191655159 0.013098355382680893 0.27868838308661104
img_1277 0.22045613825321198 0.0011049387976527214 0.22112460134832976
img_1278 0.21269024908542633 -0.0092169726267457 0.16758341787665007
img_1279 0.20987026393413544 -0.012710949406027794 0.15009684561102507
img_1280 0.2032020092010498 -0.013594087213277817 0.12723345754950163
img_1281 0.18829919397830963 -0.014688259921967983 0.11674113272040008
img_1282 0.17230750620365143 -0.016251692548394203 0.1560172557672751
img_1283 0.16293010115623474 -0.02318485453724861 0.18534274099676726
img_1284 0.1526501625776291 -0.03242606669664383 0.19664187429754854
img_1285 0.14779812097549438 -0.03901590779423714 0.20578761099188447
img_1286 0.14703013002872467 -0.04234229028224945 0.21655077932684538
img_1287 0.14812518656253815 -0.04565465822815895 0.21466822622625945
img_1288 0.147264301776886 -0.04875969514250755 0.22515864370672822
img_1289 0.14545725286006927 -0.05336931347846985 0.2412986278375876
img_1290 0.1396273970603943 -0.05678261071443558 0.2399539470514548
img_1291 0.13351081311702728 -0.058279141783714294 0.2534045696100484
img_1292 0.12524525821208954 -0.05747491866350174 0.25878520010321265
img_1293 0.12297095358371735 -0.05615381523966789 0.2590541362604391
img_1294 0.12033182382583618 -0.05499408766627312 0.26712412832586885
img_1295 0.11497044563293457 -0.05736076086759567 0.2663173198541891
img_1296 0.113130584359169 -0.05972565710544586 0.2617434978327048
img_1297 0.11414521187543869 -0.058812327682971954 0.25582499502508754
img_1298 0.1182742640376091 -0.05734800174832344 0.23833842275946251
img_1299 0.11724221706390381 -0.05734363943338394 0.25474925039618135
img_1300 0.1171797513961792 -0.057103756815195084 0.25474925039618135
img_1301 0.11745675653219223 -0.057031624019145966 0.2550181865534079
img_1302 0.11780322343111038 -0.056941304355859756 0.24909586904852513
img_1303 0.11726821959018707 -0.05701350048184395 0.24748225210516575
img_1304 0.11726821959018707 -0.05701350048184395 0.24748225210516575
img_1305 0.11726821959018707 -0.05701350048184395 0.24748225210516575
img_1306 0.11726821959018707 -0.05701350048184395 0.24748225210516575
img_1307 0.11726821959018707 -0.05701350048184395 0.24748225210516575
img_1308 0.11726821959018707 -0.05701350048184395 0.24748225210516575
img_1309 0.11726821959018707 -0.05701350048184395 0.24748225210516575
img_1310 0.11726821959018707 -0.05701350048184395 0.24748225210516575
img_1311 0.11726821959018707 -0.05701350048184395 0.24748225210516575
img_1312 0.11726821959018707 -0.05701350048184395 0.24748225210516575
img_1313 0.11726821959018707 -0.05701350048184395 0.24748225210516575
img_1314 0.11726821959018707 -0.05701350048184395 0.24748225210516575
img_1315 0.11726821959018707 -0.05701350048184395 0.24748225210516575
