img_0 0.0 0.0 0.0
img_1 0.0 0.0 0.0
img_2 0.0016260475385934114 0.0004898079787380993 0.0029457388445734986
img_3 0.009294257499277592 0.0009409129852429032 0.0050877616740763205
img_4 0.016606729477643967 0.0015290197916328907 0.00669412361457944
img_5 0.016606729477643967 0.0015290197916328907 0.00669412361457944
img_6 0.0235692597925663 0.001514413277618587 0.006158647593110799
img_7 0.030885599553585052 0.0014982545981183648 0.006961909122765064
img_8 0.03802259638905525 0.0019152687164023519 0.0074974410235881805
img_9 0.04547833651304245 0.0021548201330006123 0.008032941259443762
img_10 0.052867308259010315 0.0020304962527006865 0.009104094468057157
img_11 0.052867308259010315 0.0020304962527006865 0.009104094468057157
img_12 0.060180146247148514 0.0022806997876614332 0.009104096330702308
img_13 0.06731972098350525 0.002468166407197714 0.009639726020395758
img_14 0.07488033175468445 0.0025410510133951902 0.010978046804666523
img_15 0.08208716660737991 0.002865048125386238 0.011781295761466028
img_16 0.08208716660737991 0.002865048125386238 0.011781295761466028
img_17 0.08947128057479858 0.0031357090920209885 0.012049050070345403
img_18 0.10427840799093246 0.003388670040294528 0.013120094314217567
img_19 0.11159690469503403 0.003301013493910432 0.013120093382894995
img_20 0.11894621700048447 0.0033974426332861185 0.013655490241944792
img_21 0.11894621700048447 0.0033974426332861185 0.013655490241944792
img_22 0.12625789642333984 0.0038034238386899233 0.014458800666034222
img_23 0.13375091552734375 0.003789337584748864 0.014726527966558933
img_24 0.141212597489357 0.0035930918529629707 0.015262073837220667
img_25 0.141212597489357 0.0035930918529629707 0.015262073837220667
img_26 0.14838527143001556 0.0037637909408658743 0.014726587571203714
img_27 0.15601655840873718 0.003998623229563236 0.014726591296494009
img_28 0.1631951928138733 0.003798222867771983 0.014191073365509512
img_29 0.17044305801391602 0.003717400599271059 0.014726624824106693
img_30 0.17044305801391602 0.003717400599271059 0.014726624824106693
img_31 0.1781073659658432 0.004013907164335251 0.014458931982517242
img_32 0.18528631329536438 0.0038115750066936016 0.013923385180532932
img_33 0.19274550676345825 0.003731773467734456 0.014458884485065937
img_34 0.20009779930114746 0.0037156427279114723 0.0133878942579031
img_35 0.20752185583114624 0.0035701743327081203 0.012584707699716093
img_36 0.20752185583114624 0.0035701743327081203 0.012584707699716093
img_37 0.21505069732666016 0.0036037014797329903 0.013388025574386123
img_38 0.22211968898773193 0.003575914539396763 0.012049391865730287
img_39 0.2295822948217392 0.003237261436879635 0.010174992494285105
img_40 0.23700590431690216 0.003067939542233944 0.010174994356930252
img_41 0.23700590431690216 0.003067939542233944 0.010174994356930252
img_42 0.2664862871170044 0.002716135699301958 0.006961993873119355
img_43 0.2740172743797302 0.002462440636008978 0.006158639676868916
img_44 0.2740172743797302 0.002462440636008978 0.006158639676868916
img_45 0.2740172743797302 0.002462440636008978 0.006158639676868916
img_46 0.2740172743797302 0.002462440636008978 0.006158639676868916
img_47 0.2814747393131256 0.0022023518104106188 0.005890950560569762
img_48 0.2814747393131256 0.0022023518104106188 0.005890950560569762
img_49 0.2889326512813568 0.002185066696256399 0.00481990771368146
img_50 0.2966488301753998 0.0018544950289651752 0.004283732268959285
img_51 0.2966488301753998 0.0018544950289651752 0.004283732268959285
img_52 0.3038511872291565 0.001640774542465806 0.003481442574411631
img_53 0.311237633228302 0.0014828620478510857 0.002946001477539539
img_54 0.31880080699920654 0.0015051426598802209 0.002678257413208485
img_55 0.32636481523513794 0.0012805367587134242 0.002410508692264557
img_56 0.32636481523513794 0.0012805367587134242 0.002410508692264557
img_57 0.33371734619140625 0.0010533746099099517 0.0013394186971709134
img_58 0.34142160415649414 0.0009412718936800957 0.0016071486752480266
img_59 0.34898608922958374 0.0007085418328642845 0.0005360491340979935
img_60 0.35616087913513184 0.0006511704996228218 0.0008038060041144488
img_61 0.35616087913513184 0.0006511704996228218 0.0008038060041144488
img_62 0.3637332618236542 0.0004121086676605046 0.0005357456393539907
img_63 0.37125083804130554 0.000355005293386057 -0.0010685058077797296
img_64 0.37865620851516724 0.0002857209765352309 5.213078111410141e-06
img_65 0.38588443398475647 0.00022468676615972072 -0.0002619020524434746
img_66 0.38588443398475647 0.00022468676615972072 -0.0002619020524434746
img_67 0.39337632060050964 -2.2114181774668396e-05 -0.0016005155630409718
img_68 0.401011198759079 8.810758299659938e-05 6.1099417507648485e-06
img_69 0.4083060622215271 8.815190813038498e-05 -0.0005304327933117747
img_70 0.4158189296722412 2.307353133801371e-05 -0.0013320618309080605
img_71 0.4230310916900635 0.00013593216135632247 0.0002748923143371941
img_72 0.4230310916900635 0.00013593216135632247 0.0002748923143371941
img_73 0.4303467571735382 7.673012441955507e-05 -0.0005283175851218403
img_74 0.43773242831230164 0.0001340349845122546 -0.0010637401137501004
img_75 0.4450122117996216 0.00012629077536985278 -0.0007960215443745254
img_76 0.4522932767868042 0.00024293147725984454 -0.0005282610654830934
img_77 0.4522932767868042 0.00024293147725984454 -0.0005282610654830934
img_78 0.45967960357666016 0.00030024186708033085 -0.0002605253248475492
img_79 0.46706852316856384 0.00035955090424977243 7.304799510166051e-06
img_80 0.4739229083061218 0.0004819939495064318 0.0002749727864284069
img_81 0.4814516603946686 0.0006677291821688414 0.00027497371775098145
img_82 0.4814516603946686 0.0006677291821688414 0.00027497371775098145
img_83 0.48859065771102905 0.0007921191863715649 0.0008104577427729966
img_84 0.4956243634223938 0.0007365997298620641 0.000542692025192082
img_85 0.5030806064605713 0.0010466865496709943 0.00107812590431422
img_86 0.5104678273200989 0.0011158710112795234 0.0013458970934152603
img_87 0.5104678273200989 0.0011158710112795234 0.0013458970934152603
img_88 0.5175714492797852 0.001431515091098845 0.0029524196870625023
img_89 0.5248865485191345 0.0015143222408369184 0.0029524196870625023
img_90 0.5321334004402161 0.00171942007727921 0.0026845936663448815
img_91 0.539587676525116 0.0019230167381465435 0.0048258607275784016
img_92 0.539587676525116 0.0019230167381465435 0.0048258607275784016
img_93 0.5466920137405396 0.0018960828892886639 0.004825859796255828
img_94 0.5538312792778015 0.0020529807079583406 0.004558084532618523
img_95 0.561286449432373 0.0023930142633616924 0.005896704271435738
img_96 0.5684969425201416 0.002435532631352544 0.006700030528008939
img_97 0.5684969425201416 0.002435532631352544 0.006700030528008939
img_98 0.5760933756828308 0.0026700589805841446 0.006164595950394869
img_99 0.5834429860115051 0.003082701936364174 0.008306789211928844
img_100 0.5906172394752502 0.003081085393205285 0.00857451744377613
img_101 0.5980733633041382 0.0033286884427070618 0.00830674543976784
img_102 0.6055642366409302 0.0035133406054228544 0.010180847719311716
img_103 0.6055642366409302 0.0035133406054228544 0.010180847719311716
img_104 0.6128102540969849 0.0035258904099464417 0.009913084097206594
img_105 0.620125949382782 0.0035371992271393538 0.009913084097206594
img_106 0.6275522112846375 0.003610818414017558 0.009913084097206594
img_107 0.634649395942688 0.0038647132460027933 0.010715817101299764
img_108 0.634649395942688 0.0038647132460027933 0.010715817101299764
img_109 0.6423900723457336 0.00400889664888382 0.011519243009388445
img_110 0.649635374546051 0.003908742684870958 0.011251557618379596
img_111 0.6567415595054626 0.0038050259463489056 0.011251558549702171
img_112 0.6645517945289612 0.003831692971289158 0.010716111399233343
img_113 0.6645517945289612 0.003831692971289158 0.010716111399233343
img_114 0.6717652082443237 0.0037865135818719864 0.009912580251693727
img_115 0.6789369583129883 0.003918808419257402 0.010983292944729328
img_116 0.6865372061729431 0.003941056784242392 0.01044770423322916
img_117 0.6924487352371216 0.002962325233966112 0.0195491835474968
img_118 0.6924487352371216 0.002962325233966112 0.0195491835474968
img_119 0.6924194097518921 0.0026556351222097874 0.019013721495866782
img_120 0.6923829317092896 0.002716169459745288 0.01928147859871387
img_121 0.6923829317092896 0.002716169459745288 0.01928147859871387
img_122 0.6936813592910767 0.006971539929509163 0.008825261145830156
img_123 0.6934037804603577 0.014427393674850464 0.010429541580379011
img_124 0.6934037804603577 0.014427393674850464 0.010429541580379011
img_125 0.6933271884918213 0.02177223563194275 0.010429545305669308
img_126 0.6934601068496704 0.02936539240181446 0.010429547168314459
img_127 0.6932446956634521 0.03646418824791908 0.009894080460071565
img_128 0.6935253739356995 0.04381200671195984 0.00802014209330082
img_129 0.6935253739356995 0.04381200671195984 0.00802014209330082
img_130 0.6933618783950806 0.05097394064068794 0.007216808386147023
img_131 0.6935933828353882 0.058077674359083176 0.006681244820356369
img_132 0.693440318107605 0.06511583179235458 0.005878088530153038
img_133 0.693751335144043 0.07234245538711548 0.004806911572813989
img_134 0.693751335144043 0.07234245538711548 0.004806911572813989
img_135 0.693823516368866 0.07938151061534882 0.003200688399374486
img_136 0.6940310597419739 0.09364615380764008 0.0013263918226584792
img_137 0.6941277980804443 0.10068851709365845 0.0005228684167377652
img_138 0.6941277980804443 0.10068851709365845 0.0005228684167377652
img_139 0.6943007707595825 0.10772532224655151 -0.0008152870577760043
img_140 0.6950805187225342 0.18761102855205536 -0.004296255297958852
img_141 0.6950805187225342 0.18761102855205536 -0.004296255297958852
img_142 0.6950805187225342 0.18761102855205536 -0.004296255297958852
img_143 0.6950805187225342 0.18761102855205536 -0.004296255297958852
img_144 0.6946895718574524 0.19532562792301178 -0.0018866152968257668
img_145 0.6946895718574524 0.19532562792301178 -0.0018866152968257668
img_146 0.6946895718574524 0.19532562792301178 -0.0018866152968257668
img_147 0.6946895718574524 0.19532562792301178 -0.0018866152968257668
img_148 0.6946895718574524 0.19532562792301178 -0.0018866152968257668
img_149 0.6948805451393127 0.20285610854625702 -0.001618819544091821
img_150 0.6946101188659668 0.2104465514421463 -0.0002802070230245591
img_151 0.6944708824157715 0.21803756058216095 -1.2447999324649574e-05
img_152 0.6944003105163574 0.22575034201145172 0.0005230253445915879
img_153 0.6944003105163574 0.22575034201145172 0.0005230253445915879
img_154 0.6943963170051575 0.23334109783172607 0.0021295233163982634
img_155 0.6941326260566711 0.24099212884902954 0.0032004681415855893
img_156 0.6938958764076233 0.24870483577251434 0.004003742709755898
img_157 0.6938298940658569 0.25635671615600586 0.005074758548289539
img_158 0.6938298940658569 0.25635671615600586 0.005074758548289539
img_159 0.6936493515968323 0.2640693187713623 0.006145794875919821
img_160 0.6936384439468384 0.271598219871521 0.007484414614737035
img_161 0.693193256855011 0.279125452041626 0.008019973523914814
img_162 0.6932737231254578 0.28671613335609436 0.007752258330583574
img_163 0.6932737231254578 0.28671613335609436 0.007752258330583574
img_164 0.6932507157325745 0.29424649477005005 0.00748448446393013
img_165 0.6932663917541504 0.3015924394130707 0.007752224337309601
img_166 0.6932433247566223 0.3091265857219696 0.007484313566237691
img_167 0.6930131316184998 0.3162826597690582 0.007216737605631351
img_168 0.6930131316184998 0.3162826597690582 0.007216737605631351
img_169 0.6931703686714172 0.3238743841648102 0.007216739468276501
img_170 0.6929419636726379 0.3310352563858032 0.007752249017357828
img_171 0.6930282711982727 0.33813712000846863 0.006681262515485288
img_172 0.6928735375404358 0.34542137384414673 0.006681264378130437
img_173 0.6928735375404358 0.34542137384414673 0.006681264378130437
img_174 0.6929682493209839 0.3524005711078644 0.005610299296677113
img_175 0.6931385397911072 0.359876424074173 0.004806358367204667
img_176 0.6933881044387817 0.3667284846305847 0.0034686625003814706
img_177 0.693539559841156 0.3740137219429016 0.001326665282249451
img_178 0.693539559841156 0.3740137219429016 0.001326665282249451
img_179 0.6934950351715088 0.3809306025505066 -1.1992640793323517e-05
img_180 0.6938838958740234 0.3882153034210205 -0.0005474903737194838
img_181 0.6938170194625854 0.39519432187080383 -0.000815252191387117
img_182 0.69403475522995 0.40217190980911255 -0.002421553712338209
img_183 0.69403475522995 0.40217190980911255 -0.002421553712338209
img_184 0.6939460635185242 0.40933462977409363 -0.0032248245552182198
img_185 0.6944282054901123 0.4163725972175598 -0.004295769147574902
img_186 0.6942471861839294 0.42359694838523865 -0.003492512740194798
img_187 0.6944488883018494 0.43075859546661377 -0.00483126798644662
img_188 0.6944838166236877 0.43798190355300903 -0.005634509492665531
img_189 0.6944838166236877 0.43798190355300903 -0.005634509492665531
img_190 0.6947365403175354 0.445203959941864 -0.00643774587661028
img_191 0.6947838664054871 0.45255047082901 -0.006437744013965131
img_192 0.6947962045669556 0.45995742082595825 -0.006170000880956651
img_193 0.694770872592926 0.4673037528991699 -0.006437750533223155
img_194 0.694770872592926 0.4673037528991699 -0.006437750533223155
img_195 0.6946775913238525 0.47477227449417114 -0.004563636146485806
img_196 0.694746732711792 0.4821797013282776 -0.004028094466775656
img_197 0.6944950819015503 0.4898932874202728 -0.002689464017748833
img_198 0.6944793462753296 0.4971786141395569 -0.0024216929450631146
img_199 0.6944793462753296 0.4971786141395569 -0.0024216929450631146
img_200 0.6943569779396057 0.5050145983695984 -0.0013506858376786115
img_201 0.6941904425621033 0.5125442147254944 -0.0008151953807100656
img_202 0.6943029165267944 0.520440399646759 -0.0008151916554197669
img_203 0.6941322088241577 0.5278484225273132 0.0005237021250650286
img_204 0.6941322088241577 0.5278484225273132 0.0005237021250650286
img_205 0.6938807368278503 0.5356226563453674 0.00159469828940928
img_206 0.6936565637588501 0.5432130098342896 0.0032011833973228936
img_207 0.6936318874359131 0.5509253144264221 0.0048075076192617425
img_208 0.6932775974273682 0.5584539771080017 0.005610835738480092
img_209 0.6932775974273682 0.5584539771080017 0.005610835738480092
img_210 0.6933056712150574 0.5660447478294373 0.005878580734133723
img_211 0.6930839419364929 0.5736957788467407 0.006414100993424655
img_212 0.6931424736976624 0.5811034440994263 0.0072173564694821835
img_213 0.6930169463157654 0.5886968970298767 0.006949488539248706
img_214 0.6929650902748108 0.596160888671875 0.006949490401893857
img_215 0.6929650902748108 0.596160888671875 0.006949490401893857
img_216 0.6930187940597534 0.6036914587020874 0.006146195344626904
img_217 0.6929401755332947 0.6107315421104431 0.007217293605208398
img_218 0.6928505301475525 0.6182599067687988 0.006681847386062146
img_219 0.692766547203064 0.6255435943603516 0.0069495756179094315
img_220 0.692766547203064 0.6255435943603516 0.0069495756179094315
img_221 0.6928577423095703 0.6327683925628662 0.0058785025030374536
img_222 0.6929566264152527 0.6399919986724854 0.004807594232261182
img_223 0.6928880214691162 0.6469097137451172 0.004272051621228457
img_224 0.6928922533988953 0.6541939377784729 0.004004324320703745
img_225 0.6928922533988953 0.6541939377784729 0.004004324320703745
img_226 0.693182647228241 0.6611128449440002 0.0023977602832019333
img_227 0.6934477686882019 0.6684589982032776 0.00025587808340787893
img_228 0.6933399438858032 0.6753774285316467 -0.0005474920617416502
img_229 0.6936265826225281 0.6825994253158569 -0.001885994686745107
img_230 0.6936265826225281 0.6825994253158569 -0.001885994686745107
img_231 0.6926468014717102 0.6878663301467896 0.005611707456409931
img_232 0.6923256516456604 0.6884154081344604 0.00802125968039036
img_233 0.6923256516456604 0.6884154081344604 0.00802125968039036
img_234 0.6923256516456604 0.6884154081344604 0.00802125968039036
img_235 0.6916963458061218 0.6875532269477844 0.011234470643103124
img_236 0.6916963458061218 0.6875532269477844 0.011234470643103124
img_237 0.6843513250350952 0.6869809627532959 0.008289365097880365
img_238 0.6772140264511108 0.6866769194602966 0.0069505609571933755
img_239 0.6694743037223816 0.6866843104362488 0.005344192497432233
img_240 0.6694743037223816 0.6866843104362488 0.005344192497432233
img_241 0.6624059677124023 0.6866465210914612 0.005076446570456029
img_242 0.6549485325813293 0.686424970626831 0.0045408662408590325
img_243 0.6478800177574158 0.6863928437232971 0.00427311472594738
img_244 0.6407414674758911 0.6864847540855408 0.004540815483778715
img_245 0.6331440210342407 0.6861441731452942 0.003469790332019329
img_246 0.6331440210342407 0.6861441731452942 0.003469790332019329
img_247 0.6259327530860901 0.686241626739502 0.002666438464075327
img_248 0.6186525225639343 0.6862221956253052 0.002398702781647444
img_249 0.6110897660255432 0.6859592199325562 0.00186320161446929
img_250 0.6038439273834229 0.6861293911933899 0.002130958717316389
img_251 0.6038439273834229 0.6861293911933899 0.002130958717316389
img_252 0.5965640544891357 0.6861138939857483 0.0018632359569892292
img_253 0.5887885093688965 0.6858545541763306 0.0013276999816298487
img_254 0.5814375877380371 0.685967206954956 -1.0941177606582642e-05
img_255 0.5739069581031799 0.686273455619812 -1.0944903806375805e-05
img_256 0.5739069581031799 0.686273455619812 -1.0944903806375805e-05
img_257 0.5664873719215393 0.6862735152244568 -1.0946765542030338e-05
img_258 0.5593122243881226 0.6862123608589172 0.0013278950937092309
img_259 0.5518196225166321 0.6863248348236084 0.0010601521935313938
img_260 0.5444329380989075 0.6862558126449585 0.0015956579009070997
img_261 0.5444329380989075 0.6862558126449585 0.0015956579009070997
img_262 0.5371528267860413 0.6861217617988586 0.0021311326418071985
img_263 0.5294464826583862 0.6864726543426514 0.0018633542349562047
img_264 0.5220958590507507 0.6865813732147217 0.0029342137277126317
img_265 0.5147091746330261 0.6864984631538391 0.005076267290860416
img_266 0.5147091746330261 0.6864984631538391 0.005076267290860416
img_267 0.5073908567428589 0.6868898272514343 0.0050762644968926915
img_268 0.5000395178794861 0.6868525147438049 0.005344015546143056
img_269 0.4925822615623474 0.6868738532066345 0.006414963398128749
img_270 0.48501649498939514 0.6870701909065247 0.007486097048968078
img_271 0.48501649498939514 0.6870701909065247 0.007486097048968078
img_272 0.47776907682418823 0.6874443888664246 0.007753810845315456
img_273 0.4702414870262146 0.6873248219490051 0.00936035718768835
img_274 0.46285396814346313 0.6874393224716187 0.009895815514028074
img_275 0.45542773604393005 0.6877331733703613 0.011502516455948355
img_276 0.45542773604393005 0.6877331733703613 0.011502516455948355
img_277 0.44811418652534485 0.6875878572463989 0.012305624783039095
img_278 0.4407578408718109 0.6878647208213806 0.014180141501128675
img_279 0.4330490529537201 0.6881226897239685 0.01391240488737822
img_280 0.4256294369697571 0.6878970265388489 0.014715655706822876
img_281 0.4182051718235016 0.6880326271057129 0.015518846921622758
img_282 0.4182051718235016 0.6880326271057129 0.015518846921622758
img_283 0.41067075729370117 0.6883442997932434 0.015518846921622758
img_284 0.40335339307785034 0.6884143948554993 0.016322029754519466
img_285 0.39589327573776245 0.6884763240814209 0.01739313453435898
img_286 0.38828936219215393 0.6886502504348755 0.0179287027567625
img_287 0.38828936219215393 0.6886502504348755 0.0179287027567625
img_288 0.38097262382507324 0.6887027025222778 0.017928704619407654
img_289 0.37376654148101807 0.6884510517120361 0.020338276401162148
img_290 0.36587995290756226 0.688596785068512 0.018999436870217323
img_291 0.35852593183517456 0.6887019276618958 0.01846398413181305
img_292 0.35852593183517456 0.6887019276618958 0.01846398413181305
img_293 0.35117068886756897 0.6888110041618347 0.019535075873136517
img_294 0.34363773465156555 0.6889699697494507 0.01953507401049137
img_295 0.3364297151565552 0.6888291239738464 0.019535072147846225
img_296 0.3289388418197632 0.6886827945709229 0.019267335534095764
img_297 0.3289388418197632 0.6886827945709229 0.019267335534095764
img_298 0.32126638293266296 0.6887186765670776 0.018731769174337387
img_299 0.3141975998878479 0.6887086629867554 0.01926720142364502
img_300 0.30670365691185 0.688686728477478 0.01819616369903088
img_301 0.29931747913360596 0.6886135339736938 0.018731633201241497
img_302 0.29931747913360596 0.6886135339736938 0.018731633201241497
img_303 0.2920357882976532 0.6885995864868164 0.01846388168632985
img_304 0.2846454977989197 0.6884018182754517 0.017392007634043697
img_305 0.2772987484931946 0.6883963942527771 0.018462188541889194
img_306 0.27005165815353394 0.6884462237358093 0.01632029563188553
img_307 0.2626672089099884 0.6882644891738892 0.016052555292844776
img_308 0.2626672089099884 0.6882644891738892 0.016052555292844776
img_309 0.25545772910118103 0.6881487369537354 0.01685585640370846
img_310 0.2481767237186432 0.6880260109901428 0.015784651041030884
img_311 0.24114857614040375 0.6877314448356628 0.015249250456690793
img_312 0.23365548253059387 0.6877396106719971 0.014981525018811228
img_313 0.23365548253059387 0.6877396106719971 0.014981525018811228
img_314 0.22644633054733276 0.6876316070556641 0.014178276062011719
img_315 0.21934308111667633 0.6874696612358093 0.01337492372840643
img_316 0.21216900646686554 0.6873124837875366 0.013910492882132532
img_317 0.2047492265701294 0.6872092485427856 0.013107408769428732
img_318 0.2047492265701294 0.6872092485427856 0.013107408769428732
img_319 0.19771791994571686 0.6870558857917786 0.01257195044308901
img_320 0.19050750136375427 0.6869652271270752 0.0117685878649354
img_321 0.18315894901752472 0.6867563128471375 0.010429988615214828
img_322 0.17598459124565125 0.6866202354431152 0.009358873590826992
img_323 0.17598459124565125 0.6866202354431152 0.009358873590826992
img_324 0.1685989946126938 0.6866123080253601 0.009894276037812233
img_325 0.1612492799758911 0.686294674873352 0.009358690120279789
img_326 0.1542864888906479 0.6862907409667969 0.008287692442536354
img_327 0.146720752120018 0.6863505244255066 0.007752078585326672
img_328 0.146720752120018 0.6863505244255066 0.007752078585326672
img_329 0.13230358064174652 0.6858658194541931 0.007751607336103919
img_330 0.13230358064174652 0.6858658194541931 0.007751607336103919
img_331 0.12492020428180695 0.6857473850250244 0.006680987775325777
img_332 0.1174955666065216 0.6859427094459534 0.006680985912680627
img_333 0.1174955666065216 0.6859427094459534 0.006680985912680627
img_334 0.1101817637681961 0.6858326196670532 0.005877912975847722
img_335 0.10275979340076447 0.685666561126709 0.005074576474726201
img_336 0.0953374058008194 0.6858737468719482 0.005877739749848844
img_337 0.08802135288715363 0.6857694983482361 0.005877739749848844
img_338 0.08059733361005783 0.6857258677482605 0.004270778037607671
img_339 0.08059733361005783 0.6857258677482605 0.004270778037607671
img_340 0.07310482114553452 0.6856938600540161 0.005609503947198392
img_341 0.06554344296455383 0.6857738494873047 0.004271213896572592
img_342 0.0582105815410614 0.6858038902282715 0.004271212965250015
img_343 0.0582105815410614 0.6858038902282715 0.004271212965250015
img_344 0.05087495222687721 0.686016857624054 0.004538353532552719
img_345 0.05087495222687721 0.686016857624054 0.004538353532552719
img_346 0.036100320518016815 0.6861947178840637 0.004806101322174072
img_347 0.028710754588246346 0.6863428950309753 0.0061452258378267306
img_348 0.021185126155614853 0.6861129999160767 0.006948351860046387
img_349 0.021185126155614853 0.6861129999160767 0.006948351860046387
img_350 0.013939924538135529 0.6861238479614258 0.00721608754247427
img_351 0.0065162270329892635 0.6864375472068787 0.008019251748919487
img_352 0.0038183731958270073 0.6878851652145386 0.009893566370010376
img_353 0.003677019849419594 0.6878837943077087 0.009358110837638378
img_354 0.003677019849419594 0.6878837943077087 0.009358110837638378
img_355 0.0037836155388504267 0.6878235936164856 0.009358110837638378
img_356 0.0021677850745618343 0.683093786239624 0.019533492624759674
img_357 0.0021677850745618343 0.683093786239624 0.019533492624759674
img_358 0.0026035290211439133 0.6752650141716003 0.017391454428434372
img_359 0.0026035290211439133 0.6752650141716003 0.017391454428434372
img_360 0.0025256408844143152 0.6675494909286499 0.017391450703144073
img_361 0.002764707198366523 0.6599010825157166 0.01899782940745354
img_362 0.0027264051605015993 0.6526137590408325 0.018730055540800098
img_363 0.002759118564426899 0.6452066898345947 0.018730053678154945
img_364 0.002759118564426899 0.6452066898345947 0.018730053678154945
img_365 0.0030305697582662106 0.6303951144218445 0.0195330735296011
img_366 0.003249525558203459 0.6228064298629761 0.019800849258899696
img_367 0.003249525558203459 0.6228064298629761 0.019800849258899696
img_368 0.0031074492726475 0.6157019734382629 0.020336288958787925
img_369 0.0031074492726475 0.6157019734382629 0.020336288958787925
img_370 0.0032178147230297327 0.6085367202758789 0.021407850086689
img_371 0.003160460852086544 0.6013140678405762 0.02221068739891053
img_372 0.0032556760124862194 0.5938442945480347 0.024353167042136192
img_373 0.002998713403940201 0.5869818329811096 0.025156177580356605
img_374 0.0029039056971669197 0.5795081853866577 0.028101643547415737
img_375 0.0029039056971669197 0.5795081853866577 0.028101643547415737
img_376 0.0029517915099859238 0.5727733373641968 0.029172606766223918
img_377 0.0028834319673478603 0.5654219388961792 0.03131471946835518
img_378 0.0029567903839051723 0.5585649013519287 0.032385688275098815
img_379 0.0029453574679791927 0.5512512922286987 0.03426629304885864
img_380 0.0029453574679791927 0.5512512922286987 0.03426629304885864
img_381 0.0031090436968952417 0.5444200038909912 0.03560049086809159
img_382 0.0031542275100946426 0.5371930003166199 0.037207115441560745
img_383 0.0032155667431652546 0.5298449993133545 0.03801028802990914
img_384 0.0032972015906125307 0.523047685623169 0.03934914618730546
img_385 0.0032972015906125307 0.523047685623169 0.03934914618730546
img_386 0.00342162954621017 0.5153955221176147 0.041490901261568076
img_387 0.003532006172463298 0.5084758996963501 0.042829811573028564
img_388 0.003612454514950514 0.5008212327957153 0.04390068352222444
img_389 0.0037341280840337276 0.4940244257450104 0.045239556580781944
img_390 0.0037341280840337276 0.4940244257450104 0.045239556580781944
img_391 0.00406632199883461 0.4866864085197449 0.04443635046482087
img_392 0.004430675413459539 0.4792879819869995 0.04577513039112092
img_393 0.004636792466044426 0.47169890999794006 0.0452396385371685
img_394 0.005012630019336939 0.4641783833503723 0.04657844081521035
img_395 0.005012630019336939 0.4641783833503723 0.04657844081521035
img_396 0.005202022381126881 0.45707935094833374 0.04684615507721901
img_397 0.005736940540373325 0.44944313168525696 0.04711393266916277
img_398 0.006056210957467556 0.4419212341308594 0.045775353908538825
img_399 0.006414896808564663 0.43409088253974915 0.04577535018324853
img_400 0.006604200694710016 0.4268689751625061 0.04684627801179886
img_401 0.006604200694710016 0.4268689751625061 0.04684627801179886
img_402 0.007286116946488619 0.419116735458374 0.04604289680719376
img_403 0.007385497447103262 0.4115867614746094 0.046310540288686766
img_404 0.007851440459489822 0.403823584318161 0.044703621417284026
img_405 0.008293737657368183 0.39630818367004395 0.04550667107105255
img_406 0.008293737657368183 0.39630818367004395 0.04550667107105255
img_407 0.008600949309766293 0.3887850046157837 0.04497118294239044
img_408 0.009083384647965431 0.38120895624160767 0.04550663009285927
img_409 0.009325582534074783 0.3735593855381012 0.044703304767608656
img_410 0.009601650759577751 0.36579465866088867 0.04524269700050354
img_411 0.009601650759577751 0.36579465866088867 0.04524269700050354
img_412 0.00989916455000639 0.35844743251800537 0.04630589485168458
img_413 0.010277306661009789 0.3510505259037018 0.046038169413805015
img_414 0.010344209149479866 0.34345412254333496 0.04737703874707222
img_415 0.010762667283415794 0.3361205756664276 0.04603842645883561
img_416 0.010762667283415794 0.3361205756664276 0.04603842645883561
img_417 0.011138900183141232 0.328722208738327 0.04818063229322434
img_418 0.011275015771389008 0.3214952051639557 0.04898406937718391
img_419 0.011352279223501682 0.31414610147476196 0.050322484225034714
img_420 0.011445553973317146 0.3066733479499817 0.05166117101907731
img_421 0.011445553973317146 0.3066733479499817 0.05166117101907731
img_422 0.011562068946659565 0.29962635040283203 0.05434010550379752
img_423 0.011672007851302624 0.2924024164676666 0.05728362500667574
img_424 0.01182806957513094 0.2853594422340393 0.05755139142274856
img_425 0.011961273849010468 0.27813223004341125 0.06049640849232675
img_426 0.011961273849010468 0.27813223004341125 0.06049640849232675
img_427 0.012164133600890636 0.27127546072006226 0.06210298091173172
img_428 0.012432251125574112 0.2641165554523468 0.06344163417816163
img_429 0.01248247642070055 0.2566358745098114 0.06745815277099611
img_430 0.01276417076587677 0.24984493851661682 0.068796806037426
img_431 0.01276417076587677 0.24984493851661682 0.068796806037426
img_432 0.012758682481944561 0.242726668715477 0.07174205780029298
img_433 0.0130386333912611 0.23587270081043243 0.07334861159324647
img_434 0.013445691205561161 0.228400319814682 0.07522632181644441
img_435 0.013617411255836487 0.22142823040485382 0.07709699124097825
img_436 0.013617411255836487 0.22142823040485382 0.07709699124097825
img_437 0.013931810855865479 0.214146226644516 0.07897121459245682
img_438 0.014219831675291061 0.20692220330238342 0.08111344277858733
img_439 0.014714392833411694 0.19952958822250366 0.08272021263837814
img_440 0.014807987958192825 0.19241377711296082 0.08566469699144363
img_441 0.015355667099356651 0.18520987033843994 0.08620025962591173
img_442 0.015355667099356651 0.18520987033843994 0.08620025962591173
img_443 0.01634949818253517 0.17054349184036255 0.08834278583526614
img_444 0.01634949818253517 0.17054349184036255 0.08834278583526614
img_445 0.01674542762339115 0.1632717400789261 0.08941284567117691
img_446 0.01743420399725437 0.15558893978595734 0.09021613746881488
img_447 0.01743420399725437 0.15558893978595734 0.09021613746881488
img_448 0.01783304661512375 0.14843419194221497 0.09209020435810092
img_449 0.01841289922595024 0.14061793684959412 0.09316131472587588
img_450 0.019137077033519745 0.13324694335460663 0.0936967581510544
img_451 0.019624732434749603 0.1257907599210739 0.09450008720159533
img_452 0.020358828827738762 0.11842021346092224 0.09423234313726425
img_453 0.020358828827738762 0.11842021346092224 0.09423234313726425
img_454 0.020896518602967262 0.11047736555337906 0.0950356051325798
img_455 0.021546412259340286 0.10291467607021332 0.09637425839900972
img_456 0.022183017805218697 0.0955948755145073 0.09690984338521957
img_457 0.022183017805218697 0.0955948755145073 0.09690984338521957
img_458 0.022788546979427338 0.0879051610827446 0.09798070788383482
img_459 0.023490067571401596 0.08040693402290344 0.09824850410223007
img_460 0.024047473445534706 0.07259052991867065 0.09905152022838593
img_461 0.024492885917425156 0.06524711102247238 0.1011951416730881
img_462 0.024492885917425156 0.06524711102247238 0.1011951416730881
img_463 0.025089705362915993 0.057621415704488754 0.10173028707504275
img_464 0.0258773285895586 0.050253987312316895 0.10467641800642015
img_465 0.026433831080794334 0.04292796924710274 0.10467641800642015
img_466 0.0269616711884737 0.03553621098399162 0.10655049979686738
img_467 0.0269616711884737 0.03553621098399162 0.10655049979686738
img_468 0.02765696868300438 0.02803846076130867 0.10815691947937013
img_469 0.0281718410551548 0.021000688895583153 0.11003447324037553
img_470 0.028624901548027992 0.013365799561142921 0.11297452449798585
img_471 0.0289620328694582 0.006318394094705582 0.11484894901514056
img_472 0.03061848320066929 0.0015186797827482224 0.10735280811786654
img_473 0.03061848320066929 0.0015186797827482224 0.10735280811786654
img_474 0.030701888725161552 0.0014045159332454205 0.10681726038455966
img_475 0.030701888725161552 0.0014045159332454205 0.10681726038455966
img_476 0.030701888725161552 0.0014045159332454205 0.10681726038455966
img_477 0.031188268214464188 0.002503137569874525 0.10226622968912125
img_478 0.031188268214464188 0.002503137569874525 0.10226622968912125
img_479 0.03780676797032356 0.0027515850961208344 0.10360500961542131
img_480 0.045292727649211884 0.002853045705705881 0.10494356602430345
img_481 0.05290750414133072 0.0027929870411753654 0.10628288239240646
img_482 0.06004342436790466 0.003185007954016328 0.10601521283388138
img_483 0.06004342436790466 0.003185007954016328 0.10601521283388138
img_484 0.06734512001276016 0.0030386028811335564 0.10655070841312407
img_485 0.07478951662778854 0.0032192266080528498 0.10815706849098204
img_486 0.08177371323108673 0.003731246804818511 0.10735373198986055
img_487 0.0892309918999672 0.0037961318157613277 0.10896007716655734
img_488 0.0892309918999672 0.0037961318157613277 0.10896007716655734
img_489 0.09657766669988632 0.003922339994460344 0.11137010157108307
img_490 0.1036980152130127 0.004164314828813076 0.11056694388389587
img_491 0.11119824647903442 0.0041962298564612865 0.1119058057665825
img_492 0.11848771572113037 0.004522598814219236 0.11377996951341632
img_493 0.11848771572113037 0.004522598814219236 0.11377996951341632
img_494 0.12563656270503998 0.004846600349992514 0.11351221799850467
img_495 0.1331394910812378 0.004900625441223383 0.11485157907009126
img_496 0.14017266035079956 0.005280788987874985 0.11458393931388855
img_497 0.14765767753124237 0.00546444533392787 0.11592261493206026
img_498 0.15493164956569672 0.005633591674268246 0.11726125329732895
img_499 0.15493164956569672 0.005633591674268246 0.11726125329732895
img_500 0.16229088604450226 0.005391067359596491 0.1175289899110794
img_501 0.16972054541110992 0.005775087978690863 0.11833239346742634
img_502 0.1769540011882782 0.006018448155373335 0.11752896010875705
img_503 0.1844724863767624 0.005672684404999018 0.11833264678716662
img_504 0.1844724863767624 0.005672684404999018 0.11833264678716662
img_505 0.19176825881004333 0.00592412194237113 0.1194027364253998
img_506 0.1988442838191986 0.00627985829487443 0.11726091057062153
img_507 0.2064007669687271 0.005875612609088421 0.11779640614986421
img_508 0.2138160616159439 0.006075036246329546 0.11886750161647797
img_509 0.2138160616159439 0.006075036246329546 0.11886750161647797
img_510 0.221231609582901 0.0059742736630141735 0.11779651045799255
img_511 0.2286330908536911 0.005987151991575956 0.11672545969486238
img_512 0.23609024286270142 0.005813831929117441 0.11699319630861284
img_513 0.2432805746793747 0.005796012002974749 0.11511899530887605
img_514 0.2432805746793747 0.005796012002974749 0.11511899530887605
img_515 0.2506111264228821 0.005780954845249653 0.11538673192262652
img_516 0.2581539750099182 0.005484115332365036 0.11351219564676289
img_517 0.2652595639228821 0.005554895382374525 0.11217357963323595
img_518 0.2727448046207428 0.005412403028458357 0.11297685652971269
img_519 0.2727448046207428 0.005412403028458357 0.11297685652971269
img_520 0.28031355142593384 0.005162258632481098 0.11163818091154101
img_521 0.2880096137523651 0.005039381328970194 0.11083488911390309
img_522 0.2953820526599884 0.004935988690704107 0.11003166437149049
img_523 0.30261266231536865 0.004503035452216864 0.10896065831184389
img_524 0.30261266231536865 0.004503035452216864 0.10896065831184389
img_525 0.3103363811969757 0.0044242567382752895 0.1094961538910866
img_526 0.3180050253868103 0.00452829897403717 0.10708639770746232
img_527 0.32529062032699585 0.004203378222882748 0.10548008978366855
img_528 0.3327654302120209 0.004132508300244808 0.1062837466597557
img_529 0.3402048945426941 0.004003110341727734 0.10414259880781174
img_530 0.3402048945426941 0.004003110341727734 0.10414259880781174
img_531 0.34784162044525146 0.0036934535019099712 0.1038748621940613
img_532 0.3554108738899231 0.003682508133351803 0.1038748621940613
img_533 0.3628411293029785 0.003470095107331872 0.1019963175058365
img_534 0.37055832147598267 0.0033376277424395084 0.10253141075372697
img_535 0.37055832147598267 0.0033376277424395084 0.10253141075372697
img_536 0.3780761659145355 0.0033737372141331434 0.10199667513370513
img_537 0.3851790428161621 0.003054591827094555 0.10172892361879352
img_538 0.3928602933883667 0.002977273426949978 0.10253213346004489
img_539 0.4003780484199524 0.0031352643854916096 0.10119307786226274
img_540 0.4078197181224823 0.002967929933220148 0.10146082937717439
img_541 0.4078197181224823 0.002967929933220148 0.10146082937717439
img_542 0.4153043031692505 0.0030533212702721357 0.10199613869190216
img_543 0.42261847853660583 0.002755749737843871 0.10092505812644958
img_544 0.4298825263977051 0.0029376058373600245 0.1014605686068535
img_545 0.4298825263977051 0.0029376058373600245 0.1014605686068535
img_546 0.43742838501930237 0.0031520070042461157 0.1014605686068535
img_547 0.44467052817344666 0.0028434251435101032 0.10172828286886217
img_548 0.452174574136734 0.0031171494629234076 0.10279933363199233
img_549 0.45942047238349915 0.0031263106502592564 0.10199624300003052
img_550 0.45942047238349915 0.0031263106502592564 0.10199624300003052
img_551 0.46647050976753235 0.0029862418305128813 0.10279963165521623
img_552 0.4739328622817993 0.003325275145471096 0.10413844883441925
img_553 0.48105213046073914 0.0032076812349259853 0.10360296070575715
img_554 0.4883314371109009 0.0035952874459326267 0.10387069731950763
img_555 0.4883314371109009 0.0035952874459326267 0.10387069731950763
img_556 0.49570658802986145 0.003748643444851041 0.10520943999290465
img_557 0.5025861263275146 0.0035518230870366096 0.10494170337915423
img_558 0.5099645256996155 0.00402119429782033 0.10601274669170378
img_559 0.517297089099884 0.004247460979968309 0.10681592673063281
img_560 0.517297089099884 0.004247460979968309 0.10681592673063281
img_561 0.5242083072662354 0.004434417467564344 0.10681592673063281
img_562 0.5316252708435059 0.004552406258881092 0.10869032889604568
img_563 0.5388020873069763 0.004596594255417585 0.10842257738113405
img_564 0.5459524989128113 0.004882288631051779 0.10895808041095734
img_565 0.5459524989128113 0.004882288631051779 0.10895808041095734
img_566 0.5530605316162109 0.005228801630437374 0.11056450009346011
img_567 0.5600965023040771 0.005270839668810368 0.10976129025220872
img_568 0.5675414800643921 0.005475396290421486 0.1113679111003876
img_569 0.5751383900642395 0.005585917737334967 0.1111002117395401
img_570 0.5820070505142212 0.005551289767026901 0.11243921518325807
img_571 0.5820070505142212 0.005551289767026901 0.11243921518325807
img_572 0.5896603465080261 0.0054914518259465694 0.11351014673709872
img_573 0.5969362854957581 0.005951207131147385 0.1129746064543724
img_574 0.6041824817657471 0.006034103687852621 0.1137777864933014
img_575 0.611738383769989 0.005911641754209995 0.11484885215759279
img_576 0.611738383769989 0.005911641754209995 0.11484885215759279
img_577 0.6189706325531006 0.006129741668701172 0.11484885215759279
img_578 0.6262879967689514 0.006234335247427225 0.11511661857366563
img_579 0.6340681910514832 0.006024735979735851 0.11538436263799669
img_580 0.6413719058036804 0.006254890467971563 0.11565215140581134
img_581 0.6413719058036804 0.006254890467971563 0.11565215140581134
img_582 0.6487011909484863 0.006243743468075991 0.1159198433160782
img_583 0.6560748219490051 0.006177834235131741 0.11511653661727907
img_584 0.6636155843734741 0.0061871143989264965 0.11458109319210054
img_585 0.6709191203117371 0.006103248801082373 0.11591998487710951
img_586 0.6709191203117371 0.006103248801082373 0.11591998487710951
img_587 0.6785024404525757 0.005753792356699705 0.11458136141300203
img_588 0.6859595775604248 0.005872582085430622 0.11377813667058947
img_589 0.6935853362083435 0.005758153740316629 0.11351038515567781
img_590 0.7009013295173645 0.0055448501370847225 0.11243946850299835
img_591 0.7009013295173645 0.0055448501370847225 0.11243946850299835
img_592 0.7083027362823486 0.005518078804016113 0.11217170953750612
img_593 0.7160557508468628 0.00552888959646225 0.11083283275365832
img_594 0.719083845615387 0.004202825017273426 0.11243935674428943
img_595 0.7191541194915771 0.004210756625980139 0.11270713061094287
img_596 0.7191541194915771 0.004210756625980139 0.11270713061094287
img_597 0.7191541194915771 0.004210756625980139 0.11270713061094287
img_598 0.7192671298980713 0.004470078740268946 0.11163566261529924
img_599 0.7200725674629211 0.010286480188369751 0.10226871073246004
img_600 0.7191319465637207 0.018067311495542526 0.10012655705213548
img_601 0.7186958193778992 0.025590479373931885 0.09771696478128436
img_602 0.7180958986282349 0.033159539103507996 0.09664586186408998
img_603 0.717768132686615 0.04056888073682785 0.09450407326221469
img_604 0.717768132686615 0.04056888073682785 0.09450407326221469
img_605 0.7169109582901001 0.04811350628733635 0.09396849572658537
img_606 0.7165735960006714 0.05545946955680847 0.09209442138671876
img_607 0.7165735960006714 0.05545946955680847 0.09209442138671876
img_608 0.7159684300422668 0.06278049200773239 0.09075572341680528
img_609 0.7158473134040833 0.06996004283428192 0.08914951235055923
img_610 0.7153230905532837 0.07741302251815796 0.0864713937044144
img_611 0.714961588382721 0.08444741368293762 0.08540046960115436
img_612 0.7146558165550232 0.09216319024562836 0.08272278308868407
img_613 0.7146558165550232 0.09216319024562836 0.08272278308868407
img_614 0.7143911719322205 0.09920427948236465 0.08031335473060609
img_615 0.7140934467315674 0.1064278855919838 0.07817114144563675
img_616 0.71371990442276 0.11345906555652618 0.07602942734956743
img_617 0.71371990442276 0.11345906555652618 0.07602942734956743
img_618 0.7135542035102844 0.12075307220220566 0.07388718426227571
img_619 0.7131005525588989 0.12783949077129364 0.07174532860517503
img_620 0.7130938172340393 0.13483601808547974 0.06879990547895432
img_621 0.712918758392334 0.14200320839881897 0.06639014929533006
img_622 0.712918758392334 0.14200320839881897 0.06639014929533006
img_623 0.7128477692604065 0.14893057942390442 0.06344514340162279
img_624 0.7126014232635498 0.15615271031856537 0.06183870136737824
img_625 0.7124674916267395 0.16289184987545013 0.059696450829505913
img_626 0.7122798562049866 0.1701781302690506 0.057822249829769135
img_627 0.7120106220245361 0.17727556824684143 0.05594797432422639
img_628 0.7120106220245361 0.17727556824684143 0.05594797432422639
img_629 0.7118125557899475 0.19179943203926086 0.05139440298080444
img_630 0.7118125557899475 0.19179943203926086 0.05139440298080444
img_631 0.7116275429725647 0.1988334208726883 0.05085933208465577
img_632 0.71161949634552 0.2059440016746521 0.04818154871463776
img_633 0.71161949634552 0.2059440016746521 0.04818154871463776
img_634 0.7113363146781921 0.21328462660312653 0.047646060585975654
img_635 0.7111334800720215 0.2205067276954651 0.04657504707574845
img_636 0.7107476592063904 0.2280256450176239 0.04684277251362801
img_637 0.7104681730270386 0.23549959063529968 0.04630652442574503
img_638 0.7104681730270386 0.23549959063529968 0.04630652442574503
img_639 0.7101229429244995 0.24294978380203247 0.04630652442574503
img_640 0.7097715735435486 0.25053277611732483 0.04630652815103531
img_641 0.7093934416770935 0.25792965292930603 0.045771081000566496
img_642 0.709149181842804 0.26557961106300354 0.0465744584798813
img_643 0.709149181842804 0.26557961106300354 0.0465744584798813
img_644 0.7089045643806458 0.2731046974658966 0.044968228787183755
img_645 0.7083016037940979 0.2809934914112091 0.04604073241353036
img_646 0.7080782055854797 0.2881435751914978 0.04604073241353036
img_647 0.7076088190078735 0.2960275411605835 0.0468440167605877
img_648 0.7076088190078735 0.2960275411605835 0.0468440167605877
img_649 0.7072858810424805 0.3036714792251587 0.04737942665815355
img_650 0.7068168520927429 0.31132155656814575 0.04657494649291039
img_651 0.7065725326538086 0.31883704662323 0.04737704247236254
img_652 0.7062130570411682 0.326419472694397 0.045770507305860526
img_653 0.7062130570411682 0.326419472694397 0.045770507305860526
img_654 0.7058714032173157 0.3338792026042938 0.04657367616891862
img_655 0.7055504322052002 0.3415250778198242 0.04630590602755547
img_656 0.7050846815109253 0.3492857813835144 0.04630590602755547
img_657 0.7049832344055176 0.35682031512260437 0.04523467645049096
img_658 0.7046130895614624 0.36421656608581543 0.043896239250898375
img_659 0.7046130895614624 0.36421656608581543 0.043896239250898375
img_660 0.7046926021575928 0.3712693750858307 0.04416409507393838
img_661 0.7044336199760437 0.378730446100235 0.042825903743505485
img_662 0.7042982578277588 0.38601648807525635 0.042290367186069495
img_663 0.7040204405784607 0.3934181332588196 0.04041620716452599
img_664 0.7040204405784607 0.3934181332588196 0.04041620716452599
img_665 0.7040160298347473 0.40052530169487 0.03827405720949174
img_666 0.7039138674736023 0.40781059861183167 0.0377386212348938
img_667 0.7035752534866333 0.41490495204925537 0.03586409986019135
img_668 0.703594446182251 0.42225542664527893 0.03452550247311592
img_669 0.703594446182251 0.42225542664527893 0.03452550247311592
img_670 0.7037442326545715 0.429182231426239 0.032383464276790626
img_671 0.7036929130554199 0.4362235963344574 0.031044811010360728
img_672 0.7036844491958618 0.4433286786079407 0.029438111931085593
img_673 0.7036910057067871 0.4503098428249359 0.027831763029098518
img_674 0.7036910057067871 0.4503098428249359 0.027831763029098518
img_675 0.7036346197128296 0.4574224054813385 0.026759203523397446
img_676 0.7036598324775696 0.4643930494785309 0.024353301152586944
img_677 0.7035854458808899 0.4718022346496582 0.023549871519207958
img_678 0.7036302089691162 0.47890564799308777 0.021943517029285434
img_679 0.7036302089691162 0.47890564799308777 0.021943517029285434
img_680 0.7036470174789429 0.48619309067726135 0.021407974883913997
img_681 0.7036389708518982 0.4931723475456238 0.018730770796537406
img_682 0.7037180066108704 0.5002766251564026 0.019534083083271987
img_683 0.7037206292152405 0.5073784589767456 0.01765999756753445
img_684 0.7037206292152405 0.5073784589767456 0.01765999756753445
img_685 0.7035909295082092 0.5147230625152588 0.01765999756753445
img_686 0.7035297155380249 0.5221914649009705 0.017124501988291744
img_687 0.7033331990242004 0.5295378565788269 0.01766020804643631
img_688 0.7030943036079407 0.5370621681213379 0.018463226035237316
img_689 0.7028857469558716 0.5445273518562317 0.018195498734712604
img_690 0.7028857469558716 0.5445273518562317 0.018195498734712604
img_691 0.7027796506881714 0.552300751209259 0.01873097196221352
img_692 0.7026785612106323 0.559585690498352 0.01846319250762463
img_693 0.7023971080780029 0.567171037197113 0.01873089000582695
img_694 0.702223002910614 0.5745782852172852 0.019802197813987732
img_695 0.702223002910614 0.5745782852172852 0.019802197813987732
img_696 0.7019265294075012 0.5824092030525208 0.020069936290383342
img_697 0.7017011046409607 0.5901187658309937 0.021408574655652053
img_698 0.7014967203140259 0.5980138182640076 0.02167635038495064
img_699 0.7011255025863647 0.6053529977798462 0.02247955650091171
img_700 0.7011255025863647 0.6053529977798462 0.02247955650091171
img_701 0.7009181976318359 0.61300128698349 0.023550419136881832
img_702 0.7007365822792053 0.6207122802734375 0.023550419136881832
img_703 0.7005578279495239 0.6283008456230164 0.024353660643100742
img_704 0.7001609206199646 0.6358850598335266 0.024353660643100742
img_705 0.7001609206199646 0.6358850598335266 0.024353660643100742
img_706 0.7000496983528137 0.6433528065681458 0.024621408432722095
img_707 0.6999642848968506 0.6511273980140686 0.023014925420284275
img_708 0.6999054551124573 0.6582900285720825 0.024621391668915756
img_709 0.6995035409927368 0.6659960746765137 0.02301481366157532
img_710 0.699586033821106 0.6731622219085693 0.023550326004624374
img_711 0.699586033821106 0.6731622219085693 0.023550326004624374
img_712 0.6994102001190186 0.6806283593177795 0.02274708822369576
img_713 0.6994606852531433 0.6877323389053345 0.0219438448548317
img_714 0.6978798508644104 0.6921064853668213 0.03318995237350464
img_715 0.6978798508644104 0.6921064853668213 0.03318995237350464
img_716 0.6979212760925293 0.6919241547584534 0.03292222693562507
img_717 0.6979212760925293 0.6919241547584534 0.03292222693562507
img_718 0.6979212760925293 0.6919241547584534 0.03292222693562507
img_719 0.6970885992050171 0.6903656125068665 0.03961547836661339
img_720 0.6970885992050171 0.6903656125068665 0.03961547836661339
img_721 0.6903029084205627 0.6902191638946533 0.038812194019556046
img_722 0.6828715801239014 0.6902981996536255 0.038812194019556046
img_723 0.675531268119812 0.6898906230926514 0.039079915732145316
img_724 0.6680347919464111 0.6898425817489624 0.037205688655376434
img_725 0.6608489751815796 0.6900039315223694 0.03774120286107064
img_726 0.6608489751815796 0.6900039315223694 0.03774120286107064
img_727 0.6533657312393188 0.6895988583564758 0.037473436444997794
img_728 0.6462271213531494 0.6894537210464478 0.036134731024503715
img_729 0.6391878724098206 0.6895055174827576 0.035599265247583396
img_730 0.6314176917076111 0.6892287731170654 0.034260574728250504
img_731 0.6314176917076111 0.6892287731170654 0.034260574728250504
img_732 0.6243523359298706 0.688986599445343 0.033992789685726166
img_733 0.616855800151825 0.6889766454696655 0.03372504562139511
img_734 0.6094701886177063 0.6887887120246887 0.031850527971982956
img_735 0.6023024320602417 0.6884990930557251 0.0323859341442585
img_736 0.6023024320602417 0.6884990930557251 0.0323859341442585
img_737 0.5948406457901001 0.6884411573410034 0.031046755611896522
img_738 0.5875290632247925 0.6882752776145935 0.02863791584968567
img_739 0.5804293155670166 0.6880106329917908 0.029441222548484806
img_740 0.5728990435600281 0.6879726052284241 0.02863796427845955
img_741 0.5728990435600281 0.6879726052284241 0.02863796427845955
img_742 0.5656548738479614 0.6878263354301453 0.02810245752334595
img_743 0.5583371520042419 0.6878043413162231 0.027299271896481517
img_744 0.5509174466133118 0.6876017451286316 0.028102571144700054
img_745 0.5438819527626038 0.6875876784324646 0.026763848960399635
img_746 0.5438819527626038 0.6875876784324646 0.026763848960399635
img_747 0.5365708470344543 0.6873307228088379 0.026763848960399635
img_748 0.5289694666862488 0.6873109340667725 0.02649608254432678
img_749 0.5217587947845459 0.687242329120636 0.026496078819036487
img_750 0.5144779682159424 0.6871718168258667 0.026228345930576324
img_751 0.5144779682159424 0.6871718168258667 0.026228345930576324
img_752 0.5070921778678894 0.687039315700531 0.02756709791719914
img_753 0.4996662139892578 0.6870794892311096 0.027567101642489437
img_754 0.49242204427719116 0.6869409680366516 0.02622836828231812
img_755 0.4852081835269928 0.6869966387748718 0.027834858745336533
img_756 0.4779503643512726 0.6869785189628601 0.028907364234328273
img_757 0.4779503643512726 0.6869785189628601 0.028907364234328273
img_758 0.4704607129096985 0.6871289014816284 0.027837868779897693
img_759 0.46324631571769714 0.6871730089187622 0.029444459825754173
img_760 0.45564594864845276 0.6871328949928284 0.029176726937294006
img_761 0.44817915558815 0.6873436570167542 0.029444482177495963
img_762 0.44817915558815 0.6873436570167542 0.029444482177495963
img_763 0.4408605992794037 0.6873118281364441 0.031051056459546082
img_764 0.4334675073623657 0.6873884201049805 0.03158658742904664
img_765 0.4259346127510071 0.6874566078186035 0.03158658742904664
img_766 0.4186042845249176 0.6877762675285339 0.03319321200251579
img_767 0.4186042845249176 0.6877762675285339 0.03319321200251579
img_768 0.41118255257606506 0.6876523494720459 0.0331932082772255
img_769 0.40367764234542847 0.6878931522369385 0.03453196957707405
img_770 0.3960316777229309 0.6881189942359924 0.03533516824245453
img_771 0.3883497714996338 0.6882763504981995 0.03399604558944703
img_772 0.38113704323768616 0.6882759928703308 0.03640532866120339
img_773 0.38113704323768616 0.6882759928703308 0.03640532866120339
img_774 0.3736269176006317 0.6886150240898132 0.03613757342100143
img_775 0.3660484850406647 0.6888312101364136 0.036405403167009354
img_776 0.35850903391838074 0.6889854669570923 0.038012072443962104
img_777 0.35850903391838074 0.6889854669570923 0.038012072443962104
img_778 0.35078927874565125 0.6893042922019958 0.03854738175868989
img_779 0.3435436487197876 0.6892086267471313 0.03801198303699492
img_780 0.3358958959579468 0.6894078850746155 0.039618600159883506
img_781 0.32807400822639465 0.6895266771316528 0.03935084119439126
img_782 0.3210349678993225 0.689555823802948 0.03881540149450303
img_783 0.3210349678993225 0.689555823802948 0.03881540149450303
img_784 0.3137073814868927 0.6897001266479492 0.0404220074415207
img_785 0.30588123202323914 0.6899349689483643 0.04095746576786042
img_786 0.2987320125102997 0.6900096535682678 0.04042190313339235
img_787 0.29136648774147034 0.6902019381523132 0.04149295762181283
img_788 0.29136648774147034 0.6902019381523132 0.04149295762181283
img_789 0.28362080454826355 0.6901866793632507 0.04149295762181283
img_790 0.2764386236667633 0.6901949048042297 0.0420285351574421
img_791 0.2691073715686798 0.690437912940979 0.0420285351574421
img_792 0.26161104440689087 0.6903677582740784 0.042564030736684806
img_793 0.26161104440689087 0.6903677582740784 0.042564030736684806
img_794 0.25436970591545105 0.6901206374168396 0.04283177852630616
img_795 0.24704252183437347 0.6902354955673218 0.04202857613563538
img_796 0.2400074154138565 0.690123438835144 0.04229633882641794
img_797 0.2325057089328766 0.6901735663414001 0.04283185303211213
img_798 0.2325057089328766 0.6901735663414001 0.04283185303211213
img_799 0.22521506249904633 0.6902287602424622 0.04256407171487809
img_800 0.21803541481494904 0.6902292966842651 0.04229637607932092
img_801 0.2107534557580948 0.6900436878204346 0.042832069098949446
img_802 0.20350943505764008 0.6899169683456421 0.04229675233364104
img_803 0.20350943505764008 0.6899169683456421 0.04229675233364104
img_804 0.19628985226154327 0.689979076385498 0.04149344190955163
img_805 0.18909135460853577 0.689557671546936 0.04149344190955163
img_806 0.18162231147289276 0.6896764636039734 0.04095792025327683
img_807 0.17448954284191132 0.6893841624259949 0.04042245820164681
img_808 0.17448954284191132 0.6893841624259949 0.04042245820164681
img_809 0.16706900298595428 0.6892065405845642 0.03881603479385377
img_810 0.15978090465068817 0.6891686916351318 0.04015541449189187
img_811 0.14518725872039795 0.6888984441757202 0.03667554631829262
img_812 0.14518725872039795 0.6888984441757202 0.03667554631829262
img_813 0.13787397742271423 0.6886913776397705 0.037478789687156684
img_814 0.13787397742271423 0.6886913776397705 0.037478789687156684
img_815 0.13080540299415588 0.6885488629341125 0.03640773147344589
img_816 0.1234586238861084 0.688281238079071 0.035068921744823456
img_817 0.11596278846263885 0.6882632374763489 0.0348012000322342
img_818 0.10872065275907516 0.6878253221511841 0.033718500286340714
img_819 0.10872065275907516 0.6878253221511841 0.033718500286340714
img_820 0.10161801427602768 0.6878886818885803 0.03186466917395592
img_821 0.09429339319467545 0.6878390908241272 0.03266863152384759
img_822 0.08674132823944092 0.6875922679901123 0.031331177800893784
img_823 0.05737193301320076 0.687127947807312 0.028921393677592278
img_824 0.05737193301320076 0.687127947807312 0.028921393677592278
img_825 0.05737193301320076 0.687127947807312 0.028921393677592278
img_826 0.0501946397125721 0.6871040463447571 0.028653627261519436
img_827 0.0501946397125721 0.6871040463447571 0.028653627261519436
img_828 0.042951084673404694 0.6869576573371887 0.028118167072534565
img_829 0.0356733500957489 0.68675297498703 0.02865366265177727
img_830 0.008941464126110077 0.6812281012535095 0.03454611450433731
img_831 0.008912606164813042 0.6738760471343994 0.03668832778930665
img_832 0.008852951228618622 0.666828989982605 0.036688324064016356
img_833 0.008852951228618622 0.666828989982605 0.036688324064016356
img_834 0.009047240018844604 0.6596088409423828 0.0388300009071827
img_835 0.009047240018844604 0.6596088409423828 0.0388300009071827
img_836 0.009047240018844604 0.6596088409423828 0.0388300009071827
img_837 0.009047240018844604 0.6596088409423828 0.0388300009071827
img_838 0.009259306825697422 0.6452814340591431 0.041507527232170105
img_839 0.009140373207628727 0.6379239559173584 0.0431140847504139
img_840 0.009140373207628727 0.6379239559173584 0.0431140847504139
img_841 0.009224014356732368 0.6310652494430542 0.04391730949282646
img_842 0.009340033866465092 0.6235954165458679 0.047130044549703605
img_843 0.009340033866465092 0.6235954165458679 0.047130044549703605
img_844 0.009340033866465092 0.6235954165458679 0.047130044549703605
img_845 0.009462774731218815 0.6164913773536682 0.04793339595198631
img_846 0.009400025941431522 0.6096853613853455 0.05087875574827194
img_847 0.009478774853050709 0.6025799512863159 0.05221734941005708
img_848 0.009478774853050709 0.6025799512863159 0.05221734941005708
img_849 0.009676138870418072 0.5954176783561707 0.05516281723976135
img_850 0.009908054955303669 0.5880129337310791 0.056501407176256194
img_851 0.01001295167952776 0.5811508893966675 0.058643676340579994
img_852 0.01002010703086853 0.5737934708595276 0.06025001779198645
img_853 0.010547729209065437 0.5594738125801086 0.06453420966863634
img_854 0.01071560475975275 0.5524921417236328 0.06587283313274386
img_855 0.01071560475975275 0.5524921417236328 0.06587283313274386
img_856 0.011010732501745224 0.545333743095398 0.06640833616256714
img_857 0.011010732501745224 0.545333743095398 0.06640833616256714
img_858 0.011153693310916424 0.5378575325012207 0.06828281283378602
img_859 0.011153693310916424 0.5378575325012207 0.06828281283378602
img_860 0.011764775961637497 0.530475914478302 0.06908594816923143
img_861 0.01206033956259489 0.5231323838233948 0.0706925615668297
img_862 0.012539635412395 0.515863299369812 0.0701570510864258
img_863 0.012539635412395 0.515863299369812 0.0701570510864258
img_864 0.013015033677220345 0.5085940361022949 0.0712280571460724
img_865 0.013343698345124722 0.501008152961731 0.07283439487218858
img_866 0.01396655011922121 0.49344298243522644 0.07229891419410706
img_867 0.014444430358707905 0.4858660399913788 0.07363782078027727
img_868 0.014444430358707905 0.4858660399913788 0.07363782078027727
img_869 0.014883612282574177 0.47847166657447815 0.07283461838960648
img_870 0.01539625320583582 0.47096002101898193 0.07470873743295671
img_871 0.01593221165239811 0.4633258283138275 0.07497651875019075
img_872 0.016411928460001945 0.45599600672721863 0.07551196217536928
img_873 0.016892699524760246 0.4482358396053314 0.07470871508121492
img_874 0.016892699524760246 0.4482358396053314 0.07470871508121492
img_875 0.017327437177300453 0.44053342938423157 0.0757797360420227
img_876 0.01799117960035801 0.43272510170936584 0.0768508091568947
img_877 0.018475279211997986 0.42551758885383606 0.07738629728555681
img_878 0.01900111697614193 0.41782182455062866 0.07711853832006454
img_879 0.01900111697614193 0.41782182455062866 0.07711853832006454
img_880 0.019214659929275513 0.4104712903499603 0.07738626003265381
img_881 0.01991192251443863 0.40285056829452515 0.07899272441864015
img_882 0.020480509847402573 0.39521968364715576 0.08006371557712556
img_883 0.020847033709287643 0.3879987895488739 0.08086736500263215
img_884 0.021037383005023003 0.38040241599082947 0.08247305452823639
img_885 0.021037383005023003 0.38040241599082947 0.08247305452823639
img_886 0.021481523290276527 0.3733130395412445 0.08434752374887466
img_887 0.021950092166662216 0.3656734526157379 0.0864894986152649
img_888 0.022251853719353676 0.35851114988327026 0.08809585124254228
img_889 0.022251853719353676 0.35851114988327026 0.08809585124254228
img_890 0.02276558056473732 0.35148972272872925 0.09050545096397401
img_891 0.02323702722787857 0.3443392813205719 0.09264790266752246
img_892 0.023664547130465508 0.33706438541412354 0.09532487392425538
img_893 0.023824110627174377 0.3294546604156494 0.09800223261117934
img_894 0.023824110627174377 0.3294546604156494 0.09800223261117934
img_895 0.02425476722419262 0.3225456774234772 0.09987663477659225
img_896 0.024615895003080368 0.31575098633766174 0.10389399528503421
img_897 0.024914290755987167 0.3084602653980255 0.10657063126564024
img_898 0.025292176753282547 0.30160489678382874 0.1092483252286911
img_899 0.02561633661389351 0.29443585872650146 0.11112241446971893
img_900 0.02561633661389351 0.29443585872650146 0.11112241446971893
img_901 0.026082130149006844 0.28771135210990906 0.11487143486738206
img_902 0.026488661766052246 0.2801799774169922 0.11754849553108217
img_903 0.027011951431632042 0.2733379006385803 0.1212970316410065
img_904 0.02755003608763218 0.2660023272037506 0.12317150831222536
img_905 0.02755003608763218 0.2660023272037506 0.12317150831222536
img_906 0.027831170707941055 0.2591289281845093 0.12665209174156192
img_907 0.028517626225948334 0.2520594596862793 0.12906132638454437
img_908 0.028956670314073563 0.2448316216468811 0.13281022012233737
img_909 0.029676107689738274 0.2375781089067459 0.1338812410831451
img_910 0.029676107689738274 0.2375781089067459 0.1338812410831451
img_911 0.030176814645528793 0.23041826486587524 0.13736216723918912
img_912 0.030176814645528793 0.23041826486587524 0.13736216723918912
img_913 0.03270126134157181 0.20128299295902252 0.14378802478313446
img_914 0.032617248594760895 0.19347718358039856 0.14325252175331118
img_915 0.032617248594760895 0.19347718358039856 0.14325252175331118
img_916 0.03282644972205162 0.18608464300632477 0.14405585825443273
img_917 0.03282644972205162 0.18608464300632477 0.14405585825443273
img_918 0.03282644972205162 0.18608464300632477 0.14405585825443273
img_919 0.032989177852869034 0.17856234312057495 0.14218175411224368
img_920 0.032989177852869034 0.17856234312057495 0.14218175411224368
img_921 0.03316420316696167 0.1711016148328781 0.14244961738586429
img_922 0.033445753157138824 0.1634153425693512 0.14057624340057373
img_923 0.03314509615302086 0.15595048666000366 0.14111196994781494
img_924 0.03350354731082916 0.148152157664299 0.13870319724082947
img_925 0.03350354731082916 0.148152157664299 0.13870319724082947
img_926 0.03428259864449501 0.1407821923494339 0.1413806229829788
img_927 0.035081397742033005 0.133414164185524 0.1424516141414642
img_928 0.036098141223192215 0.12607604265213013 0.14432612061500547
img_929 0.03631571680307388 0.11819064617156982 0.14405840635299685
img_930 0.03631571680307388 0.11819064617156982 0.14405840635299685
img_931 0.03649604320526123 0.11054690927267075 0.14379066228866577
img_932 0.036744292825460434 0.1029127985239029 0.14138087630271912
img_933 0.03676517680287361 0.09574194997549057 0.14245206117630008
img_934 0.03693319857120514 0.08809912204742432 0.14138127863407135
img_935 0.03693319857120514 0.08809912204742432 0.14138127863407135
img_936 0.036926742643117905 0.08036908507347107 0.14164902269840243
img_937 0.03722039610147476 0.0730525329709053 0.14084576070308688
img_938 0.03791096806526184 0.06591582298278809 0.1424524188041687
img_939 0.0387175977230072 0.058549243956804276 0.14512968063354492
img_940 0.038669291883707047 0.05130358785390854 0.14620071649551394
img_941 0.038669291883707047 0.05130358785390854 0.14620071649551394
img_942 0.038490310311317444 0.043543338775634766 0.14727163314819333
img_943 0.03871926665306091 0.03645974397659302 0.14700385928153992
img_944 0.038640618324279785 0.029270194470882416 0.1475393176078797
img_945 0.038503844290971756 0.022255869582295418 0.14914596080780032
img_946 0.038503844290971756 0.022255869582295418 0.14914596080780032
img_947 0.038562219589948654 0.015205643139779568 0.14861030876636508
img_948 0.03832947835326195 0.007930703461170197 0.14968101680278784
img_949 0.039557747542858124 0.004525707568973303 0.13629515469074252
img_950 0.0394277386367321 0.004693260416388512 0.13709847629070282
