img_0 0.016426511108875275 0.00068612489849329 0.0024083897005766635
img_1 0.023812185972929 0.0010099817300215364 0.0026761316694319253
img_2 0.030844489112496376 0.0012124376371502876 0.004014801234006883
img_3 0.030844489112496376 0.0012124376371502876 0.004014801234006883
img_4 0.038268402218818665 0.0012422429863363504 0.004818262066692114
img_5 0.038268402218818665 0.0012422429863363504 0.004818262066692114
img_6 0.04544143006205559 0.0013380106538534164 0.005085966549813747
img_7 0.05272161588072777 0.0014974744990468025 0.006157003808766604
img_8 0.05272161588072777 0.0014974744990468025 0.006157003808766604
img_9 0.06021318584680557 0.001543600345030427 0.0064247180707752705
img_10 0.06759914755821228 0.0017747197998687625 0.006692491937428713
img_11 0.07473834604024887 0.001822499092668295 0.007227999623864887
img_12 0.08222927153110504 0.0019990678410977125 0.008298899047076704
img_13 0.0898628979921341 0.0020624196622520685 0.008298899047076704
img_14 0.0898628979921341 0.0020624196622520685 0.008298899047076704
img_15 0.09682507812976837 0.002303889486938715 0.00856670178472996
img_16 0.1044590175151825 0.002369288820773363 0.009369969367980959
img_17 0.1044590175151825 0.002369288820773363 0.009369969367980959
img_18 0.1119876354932785 0.0022561978548765182 0.008566807024180889
img_19 0.1192663237452507 0.002440979005768895 0.009637708775699139
img_20 0.1264764666557312 0.0025104698725044727 0.010441016405820848
img_21 0.13393595814704895 0.0022822883911430836 0.010173290036618711
img_22 0.13393595814704895 0.0022822883911430836 0.010173290036618711
img_23 0.1414281576871872 0.0024809676688164473 0.010441082529723646
img_24 0.14860321581363678 0.0024946643970906734 0.010708840563893316
img_25 0.15595601499080658 0.0023285544011741877 0.010441118851304054
img_26 0.16355456411838531 0.0023466781713068485 0.009905644692480566
img_27 0.16355456411838531 0.0023466781713068485 0.009905644692480566
img_28 0.17087648808956146 0.002235440071672201 0.009905647486448286
img_29 0.17805030941963196 0.0018782520201057196 0.00937050022184849
img_30 0.18568459153175354 0.0019497903995215893 0.00937050022184849
img_31 0.19300171732902527 0.0018347084987908602 0.00856728106737137
img_32 0.19300171732902527 0.0018347084987908602 0.00856728106737137
img_33 0.2003222405910492 0.0014688337687402964 0.006960533559322358
img_34 0.2077074497938156 0.0015814497601240873 0.007228251080960038
img_35 0.21505914628505707 0.0016345897456631064 0.006157174706459048
img_36 0.2225179225206375 0.0012520584277808666 0.005889462772756815
img_37 0.22990725934505463 0.0011118849506601691 0.004550405777990818
img_38 0.22990725934505463 0.0011118849506601691 0.004550405777990818
img_39 0.23718589544296265 0.0012674150057137012 0.003211913630366326
img_40 0.2448211908340454 0.0008022296242415905 0.003211913630366326
img_41 0.2521728575229645 0.0005809919093735516 0.0021409769542515287
img_42 0.2595407962799072 0.00047406164230778813 0.001067594042979181
img_43 0.2595407962799072 0.00047406164230778813 0.001067594042979181
img_44 0.26701733469963074 0.00023771687119733542 0.0005332704167813063
img_45 0.2743341326713562 -6.448735075537115e-05 -0.00027004734147340065
img_46 0.2817915678024292 -0.0001277179253520444 -0.001341056893579662
img_47 0.2892848551273346 -0.0002602111198939383 -0.0010732795344665649
img_48 0.2892848551273346 -0.0002602111198939383 -0.0010732795344665649
img_49 0.2965288460254669 -0.0004516055923886597 -0.0021441136486828327
img_50 0.3041982054710388 -0.0005292664864100516 -0.003215123200789094
img_51 0.3117249608039856 -0.0007370984531007707 -0.003215120406821371
img_52 0.31921714544296265 -0.001006060978397727 -0.003750642063096166
img_53 0.31921714544296265 -0.001006060978397727 -0.003750642063096166
img_54 0.3265683650970459 -0.0009112100233323872 -0.004018373321741819
img_55 0.33395546674728394 -0.0010021167108789086 -0.004553925246000291
img_56 0.3416230082511902 -0.001465558190830052 -0.004821678623557091
img_57 0.349081426858902 -0.0011954520596191287 -0.005089416634291411
img_58 0.349081426858902 -0.0011954520596191287 -0.005089416634291411
img_59 0.3565027415752411 -0.0012332230107858777 -0.005089416634291411
img_60 0.36381787061691284 -0.001576569164171815 -0.005089415702968836
img_61 0.3712414503097534 -0.0011246741050854325 -0.005089415702968836
img_62 0.37880831956863403 -0.0011631856905296445 -0.005357290618121625
img_63 0.37880831956863403 -0.0011631856905296445 -0.005357290618121625
img_64 0.3864019513130188 -0.0015098166186362505 -0.005892554298043252
img_65 0.393865704536438 -0.0013700136914849281 -0.00535666523501277
img_66 0.40085893869400024 -0.0014074749778956175 -0.00535666523501277
img_67 0.40831655263900757 -0.0015086459461599588 -0.0048211184330284595
img_68 0.41570284962654114 -0.0013606372522190213 -0.005356531124562026
img_69 0.41570284962654114 -0.0013606372522190213 -0.005356531124562026
img_70 0.42298564314842224 -0.001154750701971352 -0.005088747944682837
img_71 0.4304066300392151 -0.001314943190664053 -0.005088748876005411
img_72 0.43772199749946594 -0.0012909603537991643 -0.005088749807327986
img_73 0.4450035095214844 -0.0010831584222614765 -0.005624224897474051
img_74 0.4450035095214844 -0.0010831584222614765 -0.005624224897474051
img_75 0.45221540331840515 -0.00087883131345734 -0.004017582163214684
img_76 0.45942527055740356 -0.0007853747229091823 -0.00482077430933714
img_77 0.46695476770401 -0.0005155886756256223 -0.004017517901957036
img_78 0.4738825559616089 -0.00042098722769878805 -0.0034820060245692734
img_79 0.4738825559616089 -0.00042098722769878805 -0.0034820060245692734
img_80 0.48116299510002136 -0.0004463377990759909 -0.004017491824924946
img_81 0.48848000168800354 -0.00016965926624834538 -0.004017490893602372
img_82 0.4958331882953644 4.5694963773712516e-05 -0.0026785712689161305
img_83 0.5027250647544861 0.00021087027562316507 -0.002678570337593555
img_84 0.5027250647544861 0.00021087027562316507 -0.002678570337593555
img_85 0.5104807019233704 0.0004967596032656729 -0.0018737887730821967
img_86 0.5173593163490295 0.0006671557785011828 -0.001873786910437048
img_87 0.5248177647590637 0.0005919543327763677 -0.001338200992904604
img_88 0.5323809385299683 0.0010715043172240257 -0.0008027589065022767
img_89 0.5323809385299683 0.0010715043172240257 -0.0008027589065022767
img_90 0.5390967130661011 0.0011885539861395955 -0.00026721769245341426
img_91 0.5465539693832397 0.0012477756245061755 0.0010715073440223932
img_92 0.5538700222969055 0.0013168315635994077 0.0010715082753449683
img_93 0.5612910389900208 0.001447200425900519 0.0018746650312095883
img_94 0.5612910389900208 0.001447200425900519 0.0018746650312095883
img_95 0.5687480568885803 0.0016448283568024635 0.002410166431218386
img_96 0.5759935975074768 0.001723510562442243 0.0021423988509923224
img_97 0.5832456946372986 0.0019228769233450294 0.003482477040961384
img_98 0.590907633304596 0.0018884044839069247 0.004017439670860769
img_99 0.5982962250709534 0.001979321939870715 0.004285268485546113
img_100 0.5982962250709534 0.001979321939870715 0.004285268485546113
img_101 0.6055373549461365 0.0023163147270679474 0.004820559173822403
img_102 0.6128186583518982 0.0023514144122600555 0.005891664884984494
img_103 0.6202754974365234 0.00233413721434772 0.004820778500288725
img_104 0.6276618242263794 0.002430961700156331 0.00589178130030632
img_105 0.6276618242263794 0.002430961700156331 0.00589178130030632
img_106 0.635083794593811 0.002474690554663539 0.005891782231628896
img_107 0.6421902775764465 0.0022104396484792233 0.005891782231628896
img_108 0.6499993205070496 0.002317656297236681 0.0061594899743795395
img_109 0.657139241695404 0.0023616342805325985 0.005891709588468075
img_110 0.657139241695404 0.0023616342805325985 0.005891709588468075
img_111 0.664596676826477 0.0023443554528057575 0.006427200045436622
img_112 0.6720893979072571 0.002392512746155262 0.00589169003069401
img_113 0.6792299747467041 0.002067320281639695 0.005623972043395043
img_114 0.6867242455482483 0.0018645909149199724 0.005088452249765397
img_115 0.6867242455482483 0.0018645909149199724 0.005088452249765397
img_116 0.6890241503715515 0.0013253825018182397 0.0029466021806001663
img_117 0.6889534592628479 0.0013251741183921695 0.0034822337329387665
img_118 0.6889885663986206 0.0013865007786080241 0.0032145357690751553
img_119 0.6889885663986206 0.0013865007786080241 0.0032145357690751553
img_120 0.6889885663986206 0.0013865007786080241 0.0032145357690751553
img_121 0.6898185014724731 0.006894843652844429 -0.0016016555018723013
img_122 0.6895829439163208 0.014302747324109077 -0.0005305950762704016
img_123 0.6894451379776001 0.021667074412107468 0.0005430819001048804
img_124 0.689652681350708 0.02899450622498989 -0.0002581327571533621
img_125 0.689652681350708 0.02899450622498989 -0.0002581327571533621
img_126 0.6895838975906372 0.036340825259685516 -0.0005258955061435701
img_127 0.6898351907730103 0.04374764859676361 -0.0007936379406601191
img_128 0.6895935535430908 0.051032718271017075 -0.0005258835735730828
img_129 0.6898446679115295 0.05807267874479294 -0.001596921356394887
img_130 0.6896796226501465 0.06535686552524567 -0.0018646422540768985
img_131 0.6896796226501465 0.06535686552524567 -0.0018646422540768985
img_132 0.6901527643203735 0.0726417750120163 -0.002935801865532995
img_133 0.6901729106903076 0.07949678599834442 -0.0037389162462204695
img_134 0.6902354955673218 0.08678168058395386 -0.004006681032478809
img_135 0.690334141254425 0.09375951439142227 -0.005345347337424756
img_136 0.690334141254425 0.09375951439142227 -0.005345347337424756
img_137 0.6904784440994263 0.10092169046401978 -0.0061486610211432
img_138 0.6908754706382751 0.10801972448825836 -0.007219552993774414
img_139 0.6907862424850464 0.11524432897567749 -0.007755071390420199
img_140 0.6910872459411621 0.12215930223464966 -0.010432455688714983
img_141 0.6910872459411621 0.12215930223464966 -0.010432455688714983
img_142 0.6912693381309509 0.129445418715477 -0.010432453826069834
img_143 0.6916260123252869 0.136540949344635 -0.01096778828650713
img_144 0.6918452382087708 0.14363999664783478 -0.012842033989727499
img_145 0.6918689012527466 0.15098507702350616 -0.013109740801155565
img_146 0.6918689012527466 0.15098507702350616 -0.013109740801155565
img_147 0.6919291615486145 0.1582794040441513 -0.013645958155393602
img_148 0.6920998692512512 0.16561377048492432 -0.01257639937102795
img_149 0.6924736499786377 0.17283722758293152 -0.013915910385549067
img_150 0.6921898722648621 0.18036717176437378 -0.013380715623497965
img_151 0.6921898722648621 0.18036717176437378 -0.013380715623497965
img_152 0.6925363540649414 0.18777072429656982 -0.013648476451635362
img_153 0.6923210620880127 0.1953030824661255 -0.012845314107835295
img_154 0.6926997303962708 0.20276708900928497 -0.012577562592923645
img_155 0.6924418210983276 0.21036195755004883 -0.010703248903155327
img_156 0.6924418210983276 0.21036195755004883 -0.010703248903155327
img_157 0.6922416090965271 0.21807947754859924 -0.010167625732719898
img_158 0.6922082901000977 0.23319928348064423 -0.007222593296319247
img_159 0.6921566128730774 0.2407301366329193 -0.0056159328669309625
img_160 0.6921566128730774 0.2407301366329193 -0.0056159328669309625
img_161 0.6917406320571899 0.24851059913635254 -0.004544439259916546
img_162 0.6917389631271362 0.25591471791267395 -0.0034738844260573396
img_163 0.6914837956428528 0.2638753354549408 -0.0013314483221620321
img_164 0.6915291547775269 0.2714014947414398 -0.0007961846422404052
img_165 0.6913583278656006 0.278810054063797 0.0005428011063486339
img_166 0.6913583278656006 0.278810054063797 0.0005428011063486339
img_167 0.6913188099861145 0.28646120429039 0.0008105210727080704
img_168 0.6911363005638123 0.29362356662750244 0.0021493164822459225
img_169 0.6910135746002197 0.3013979494571686 0.0029525861609727153
img_170 0.6908150315284729 0.30880382657051086 0.0034880342427641153
img_171 0.6908150315284729 0.30880382657051086 0.0034880342427641153
img_172 0.6905768513679504 0.3162733316421509 0.005094957072287798
img_173 0.6907870769500732 0.3235569894313812 0.003221274353563786
img_174 0.6905869245529175 0.33084070682525635 0.0045599592849612245
img_175 0.6908712387084961 0.3382493555545807 0.002150159096345306
img_176 0.6908712387084961 0.3382493555545807 0.002150159096345306
img_177 0.6905022859573364 0.34547188878059387 0.004024370107799769
img_178 0.690862238407135 0.3526354730129242 0.0026856577023863797
img_179 0.6908076405525208 0.359798401594162 0.0021501020528376107
img_180 0.6910393834114075 0.36708375811576843 0.0002758103655651211
img_181 0.6910393834114075 0.36708375811576843 0.0002758103655651211
img_182 0.6910021305084229 0.3740006983280182 0.0005435476778075099
img_183 0.6912102103233337 0.38134756684303284 -0.0010631328914314513
img_184 0.6914296746253967 0.38832518458366394 -0.0018662913935258989
img_185 0.6915135979652405 0.39542603492736816 -0.0032050304580479865
img_186 0.6915135979652405 0.39542603492736816 -0.0032050304580479865
img_187 0.6917835474014282 0.402464359998703 -0.004275928717106582
img_188 0.6918501853942871 0.4097649157047272 -0.005349291488528252
img_189 0.6921340227127075 0.41666683554649353 -0.007219734136015177
img_190 0.6922562718391418 0.42378607392311096 -0.0077566560357809075
img_191 0.6923478841781616 0.43105095624923706 -0.008023696951568128
img_192 0.6923478841781616 0.43105095624923706 -0.008023696951568128
img_193 0.6928289532661438 0.43814849853515625 -0.010433489456772804
img_194 0.6928361654281616 0.4456157982349396 -0.009898088872432709
img_195 0.6927663087844849 0.452841579914093 -0.010433680377900599
img_196 0.6927375793457031 0.460249125957489 -0.00882723834365606
img_197 0.6927375793457031 0.460249125957489 -0.00882723834365606
img_198 0.6932265162467957 0.4675906300544739 -0.011236866004765032
img_199 0.6930623650550842 0.47499963641166687 -0.010165926069021227
img_200 0.6932424306869507 0.48228296637535095 -0.010969183407723905
img_201 0.6931843161582947 0.48987478017807007 -0.010701430961489677
img_202 0.6931843161582947 0.48987478017807007 -0.010701430961489677
img_203 0.6932669281959534 0.4975960850715637 -0.009897285141050817
img_204 0.6930930018424988 0.5049986243247986 -0.0072221956215798855
img_205 0.6930431127548218 0.5127758979797363 -0.006418702192604543
img_206 0.6927012801170349 0.5200589895248413 -0.005080675706267357
img_207 0.6927012801170349 0.5200589895248413 -0.005080675706267357
img_208 0.6925646066665649 0.5279623866081238 -0.0037409546785056595
img_209 0.6927338242530823 0.5354248285293579 -0.0024031577631831173
img_210 0.692469596862793 0.5431386232376099 -0.0018676586914807565
img_211 0.6922715306282043 0.5506064891815186 -0.0010644978610798714
img_212 0.6922715306282043 0.5506064891815186 -0.0010644978610798714
img_213 0.6921032071113586 0.5585042834281921 0.0002743789227679372
img_214 0.6921718120574951 0.5659720301628113 0.002148487605154514
img_215 0.692085325717926 0.573319673538208 0.0026841282378882174
img_216 0.6919233202934265 0.5810306072235107 0.0029518154915422205
img_217 0.6919233202934265 0.5810306072235107 0.0029518154915422205
img_218 0.6916188597679138 0.5883761048316956 0.005093959160149098
img_219 0.6914381384849548 0.5960922837257385 0.00616548676043749
img_220 0.6914992332458496 0.6033779978752136 0.006165490485727787
img_221 0.6911354660987854 0.6107833385467529 0.006968780886381865
img_222 0.6911354660987854 0.6107833385467529 0.006968780886381865
img_223 0.691154956817627 0.6181252598762512 0.005630817264318467
img_224 0.6911143064498901 0.6253476142883301 0.005630817264318467
img_225 0.6914620399475098 0.6326342821121216 0.004292079713195562
img_226 0.6912184357643127 0.639979898929596 0.0050954045727849015
img_227 0.6913939118385315 0.6472130417823792 0.0034869716037064795
img_228 0.6913939118385315 0.6472130417823792 0.0034869716037064795
img_229 0.69126296043396 0.65437251329422 0.004289955832064152
img_230 0.6915144920349121 0.6615908145904541 0.002952377777546645
img_231 0.6915645599365234 0.6685687899589539 0.002416937611997128
img_232 0.6915115118026733 0.6758695840835571 0.0010752137750387194
img_233 0.6915115118026733 0.6758695840835571 0.0010752137750387194
img_234 0.691892147064209 0.6826504468917847 -0.0010622129775583746
img_235 0.6911554336547852 0.6878547072410583 0.005363955162465573
img_236 0.6911910772323608 0.6877936720848083 0.0042930045165121555
img_237 0.6911559700965881 0.6877322793006897 0.004560756031423808
img_238 0.6911559700965881 0.6877322793006897 0.004560756031423808
img_239 0.6911559700965881 0.6877322793006897 0.004560756031423808
img_240 0.6904535293579102 0.6867495179176331 0.008309546858072283
img_241 0.6830704808235168 0.6863821148872375 0.008041826076805592
img_242 0.6757193207740784 0.6863229870796204 0.006703068036586047
img_243 0.6757193207740784 0.6863229870796204 0.006703068036586047
img_244 0.6681547164916992 0.6863947510719299 0.005364217795431615
img_245 0.6609819531440735 0.6860501766204834 0.004293232224881649
img_246 0.653737485408783 0.6859578490257263 0.0037577725015580663
img_247 0.6462435126304626 0.6861745715141296 0.0026867191772907977
img_248 0.6462435126304626 0.6861745715141296 0.0026867191772907977
img_249 0.6390703916549683 0.6858492493629456 0.0032221663277596235
img_250 0.6317898035049438 0.6857033371925354 0.0021511162631213665
img_251 0.6245088577270508 0.6856876611709595 0.0026866383850574498
img_252 0.6171912550926208 0.6853618025779724 0.0018831205088645218
img_253 0.609630286693573 0.6853475570678711 0.0005447987932711841
img_254 0.609630286693573 0.6853475570678711 0.0005447987932711841
img_255 0.602384626865387 0.6854048371315002 9.271956514567138e-06
img_256 0.5952109098434448 0.6850987076759338 -0.0002584462054073811
img_257 0.5876371264457703 0.6849769353866577 -0.0013410277897492053
img_258 0.5801902413368225 0.685289740562439 -0.002135664457455278
img_259 0.5801902413368225 0.685289740562439 -0.002135664457455278
img_260 0.5727536082267761 0.6854283213615417 -0.002135665388777853
img_261 0.5654175877571106 0.6853218078613281 -0.0018684822134673595
img_262 0.5581361055374146 0.6853353977203369 -0.0013329195789992811
img_263 0.5505027770996094 0.6853455901145935 -0.0013329233042895794
img_264 0.5505027770996094 0.6853455901145935 -0.0013329233042895794
img_265 0.5430729389190674 0.685232937335968 -0.0013329260982573035
img_266 0.5358708500862122 0.6854871511459351 -0.001332928892225027
img_267 0.5284134745597839 0.6854358911514282 -0.0010651849443092944
img_268 0.5210977792739868 0.6853824853897095 -0.0002619750448502601
img_269 0.5138164758682251 0.6856293082237244 -0.0005297512980178
img_270 0.5138164758682251 0.6856293082237244 -0.0005297512980178
img_271 0.5064658522605896 0.6858780384063721 0.0005411620950326325
img_272 0.499043345451355 0.6858740448951721 0.0013444665819406512
img_273 0.49165675044059753 0.685925304889679 0.0018799542449414737
img_274 0.49165675044059753 0.685925304889679 0.0018799542449414737
img_275 0.4841630160808563 0.6862785220146179 0.0024154763668775563
img_276 0.47677528858184814 0.6864443421363831 0.003754333360120655
img_277 0.46938836574554443 0.6864778399467468 0.0042898389510810375
img_278 0.4618961215019226 0.6866905093193054 0.005628327373415233
img_279 0.4546494781970978 0.686833381652832 0.006699387449771166
img_280 0.4546494781970978 0.686833381652832 0.006699387449771166
img_281 0.4470505118370056 0.6868436932563782 0.006431638728827239
img_282 0.43980392813682556 0.6869807243347168 0.007502673193812371
img_283 0.43227022886276245 0.6872304081916809 0.008306305855512619
img_284 0.4249573349952698 0.6872308254241943 0.00910918600857258
img_285 0.4249573349952698 0.6872308254241943 0.00910918600857258
img_286 0.4176380932331085 0.6875926852226257 0.010715602897107603
img_287 0.4099309742450714 0.6877549886703491 0.01044784300029278
img_288 0.4023667573928833 0.6877983808517456 0.011518832296133043
img_289 0.39518922567367554 0.6880217790603638 0.012857551686465742
img_290 0.39518922567367554 0.6880217790603638 0.012857551686465742
img_291 0.38776636123657227 0.688048779964447 0.01205431390553713
img_292 0.38006335496902466 0.6878334879875183 0.013393108732998371
img_293 0.37281349301338196 0.6881648898124695 0.01446403004229069
img_294 0.3651042878627777 0.6884207129478455 0.01419627945870161
img_295 0.3651042878627777 0.6884207129478455 0.01419627945870161
img_296 0.35757875442504883 0.6882526278495789 0.014196280390024189
img_297 0.3503643572330475 0.6883951425552368 0.014999719336628917
img_298 0.34269198775291443 0.6885861158370972 0.01446427218616009
img_299 0.3354141116142273 0.6883584260940552 0.014999753795564175
img_300 0.3354141116142273 0.6883584260940552 0.014999753795564175
img_301 0.3279167413711548 0.6886132955551147 0.014732005074620249
img_302 0.32030802965164185 0.6886850595474243 0.015268073417246343
img_303 0.3131430149078369 0.6885144710540771 0.015000616200268272
img_304 0.30546513199806213 0.6885831356048584 0.01446465775370598
img_305 0.30546513199806213 0.6885831356048584 0.01446465775370598
img_306 0.2980846166610718 0.6885375380516052 0.014999700710177427
img_307 0.2908398509025574 0.6883676052093506 0.014464114792644978
img_308 0.2833837568759918 0.6883209347724915 0.01473181135952473
img_309 0.2762795388698578 0.6882774829864502 0.015535082668066025
img_310 0.2762795388698578 0.6882774829864502 0.015535082668066025
img_311 0.26889467239379883 0.6881015300750732 0.01446407847106457
img_312 0.26132965087890625 0.688114583492279 0.013928530737757686
img_313 0.25408482551574707 0.6880748867988586 0.014196255244314672
img_314 0.24686147272586823 0.6879106760025024 0.013117742724716667
img_315 0.24686147272586823 0.6879106760025024 0.013117742724716667
img_316 0.23956535756587982 0.6875717639923096 0.013383619487285614
img_317 0.23235473036766052 0.6875976920127869 0.01338361855596304
img_318 0.2251451313495636 0.6875011920928955 0.01177705638110638
img_319 0.21790197491645813 0.6872321963310242 0.012848132289946081
img_320 0.21069127321243286 0.6872619986534119 0.012848131358623506
img_321 0.21069127321243286 0.6872619986534119 0.012848131358623506
img_322 0.20337463915348053 0.6872292160987854 0.011241529136896133
img_323 0.19624066352844238 0.6867817640304565 0.011509250849485399
img_324 0.18912360072135925 0.6866385340690613 0.01150924898684025
img_325 0.18161049485206604 0.686613142490387 0.009905983693897726
img_326 0.18161049485206604 0.686613142490387 0.009905983693897726
img_327 0.1745070070028305 0.6863590478897095 0.009905983693897726
img_328 0.1671590507030487 0.6861638426780701 0.01017366722226143
img_329 0.1599145531654358 0.6860288977622986 0.008031610399484636
img_330 0.15298840403556824 0.6859732866287231 0.008299324661493301
img_331 0.15298840403556824 0.6859732866287231 0.008299324661493301
img_332 0.14514365792274475 0.6857857704162598 0.007496084552258254
img_333 0.1381111592054367 0.685671865940094 0.007763830944895745
img_334 0.13082851469516754 0.6854928135871887 0.006692363414913417
img_335 0.12316211313009262 0.6855027079582214 0.006157091818749905
img_336 0.12316211313009262 0.6855027079582214 0.006157091818749905
img_337 0.11581022292375565 0.6854574680328369 0.004818215034902096
img_338 0.10877817869186401 0.6853623986244202 0.004282777663320303
img_339 0.10121425986289978 0.6853300333023071 0.004550546873360872
img_340 0.09386412799358368 0.6851741671562195 0.004015089012682438
img_341 0.09386412799358368 0.6851741671562195 0.004015089012682438
img_342 0.08661797642707825 0.6852062940597534 0.002676218515262008
img_343 0.07909003645181656 0.685124933719635 0.002676218515262008
img_344 0.07180891931056976 0.6852278709411621 0.0032117287628352638
img_345 0.06435233354568481 0.6851426959037781 0.001069883815944195
img_346 0.06435233354568481 0.6851426959037781 0.001069883815944195
img_347 0.056877974420785904 0.685196042060852 0.0021433138754218817
img_348 0.0495438352227211 0.6851803064346313 0.003211807925254107
img_349 0.04201524332165718 0.6853397488594055 0.001605306286364794
img_350 0.03469884768128395 0.6853892207145691 0.002408589702099562
img_351 0.03469884768128395 0.6853892207145691 0.002408589702099562
img_352 0.02724112942814827 0.685432493686676 0.0034796197433024654
img_353 0.01978411339223385 0.6854677796363831 0.0029441539663821463
img_354 0.012396521866321564 0.685629665851593 0.0034796814434230328
img_355 0.00508104357868433 0.6856654286384583 0.005086029879748821
img_356 0.0027435868978500366 0.6865107417106628 0.002675774274393916
img_357 0.0027435868978500366 0.6865107417106628 0.002675774274393916
img_358 0.002602248452603817 0.6865103840827942 0.00214039976708591
img_359 0.002637735567986965 0.6864492297172546 0.0018725506961345673
img_360 0.002637735567986965 0.6864492297172546 0.0018725506961345673
img_361 0.002119219396263361 0.6802660822868347 0.004282061941921712
img_362 0.0021155935246497393 0.6728590726852417 0.004549807868897916
img_363 0.0021155935246497393 0.6728590726852417 0.004549807868897916
img_364 0.0020110702607780695 0.6578603982925415 0.005888495128601791
img_365 0.0020110702607780695 0.6578603982925415 0.005888495128601791
img_366 0.0023385121021419764 0.6502712965011597 0.00454972218722105
img_367 0.0023385121021419764 0.6502712965011597 0.00454972218722105
img_368 0.002265069168061018 0.6431085467338562 0.0045497184619307535
img_369 0.0022283620201051235 0.6356399059295654 0.0050852163694798955
img_370 0.0023695703130215406 0.6287229061126709 0.004281933419406415
img_371 0.0022952572908252478 0.6213153600692749 0.006691697984933853
img_372 0.0020242994651198387 0.6142739653587341 0.008298108354210854
img_373 0.0020242994651198387 0.6142739653587341 0.008298108354210854
img_374 0.001873175729997456 0.6069251894950867 0.009101508185267448
img_375 0.0018312326865270734 0.599886417388916 0.009904556907713417
img_376 0.0018320934614166617 0.5926622152328491 0.012046669609844686
img_377 0.0017762770876288414 0.5855605602264404 0.011511215008795263
img_378 0.0017762770876288414 0.5855605602264404 0.011511215008795263
img_379 0.0016099258791655302 0.5785183310508728 0.013385475613176824
img_380 0.001494564930908382 0.5712922215461731 0.014992079697549347
img_381 0.0013889805413782597 0.5641884803771973 0.01820522546768189
img_382 0.0012290810700505972 0.5499811768531799 0.019811695441603664
img_383 0.0012290810700505972 0.5499811768531799 0.019811695441603664
img_384 0.0011260389583185315 0.5426929593086243 0.021685963496565822
img_385 0.0011260389583185315 0.5426929593086243 0.021685963496565822
img_386 0.0012460051802918315 0.5355319976806641 0.022756904363632206
img_387 0.0012011586222797632 0.5281834602355957 0.022756902500987053
img_388 0.0012011586222797632 0.5281834602355957 0.022756902500987053
img_389 0.0013655360089614987 0.5209614634513855 0.023560192435979847
img_390 0.0012898233253508806 0.513673722743988 0.02463108114898205
img_391 0.0014737811870872974 0.5062066912651062 0.026237789541482932
img_392 0.0015893960371613503 0.4991072416305542 0.025166939944028858
img_393 0.0017097516683861613 0.4915167987346649 0.0265057384967804
img_394 0.0017097516683861613 0.4915167987346649 0.0265057384967804
img_395 0.0023606745526194572 0.4765303134918213 0.026237966492772106
img_396 0.0023606745526194572 0.4765303134918213 0.026237966492772106
img_397 0.0025164377875626087 0.46924805641174316 0.02570252493023873
img_398 0.0027515788096934557 0.46147677302360535 0.02463147416710854
img_399 0.0027515788096934557 0.46147677302360535 0.02463147416710854
img_400 0.0028986595571041107 0.4540718197822571 0.025702359154820442
img_401 0.0031983612570911646 0.4465423822402954 0.025702357292175293
img_402 0.003500811057165265 0.43890058994293213 0.024096895009279255
img_403 0.0037543759681284428 0.4313136041164398 0.022758118808269504
img_404 0.0037543759681284428 0.4313136041164398 0.022758118808269504
img_405 0.003932672552764416 0.42348048090934753 0.022758118808269504
img_406 0.004204513505101204 0.4161982536315918 0.02115121111273766
img_407 0.0047234585508704185 0.40837374329566956 0.021686576306819912
img_408 0.004814745392650366 0.4009050130844116 0.019812170416116718
img_409 0.004814745392650366 0.4009050130844116 0.019812170416116718
img_410 0.005213647149503231 0.39326024055480957 0.018741281703114503
img_411 0.004959153477102518 0.3860916495323181 0.01927680149674416
img_412 0.005390533246099949 0.37838509678840637 0.019544560462236408
img_413 0.0053951432928442955 0.37091511487960815 0.019812317565083507
img_414 0.0053951432928442955 0.37091511487960815 0.019812317565083507
img_415 0.005825741216540337 0.3634546399116516 0.017670542001724243
img_416 0.005923465359956026 0.35592424869537354 0.018741738051176075
img_417 0.00598815456032753 0.34870168566703796 0.019277162849903107
img_418 0.006166300270706415 0.34129536151885986 0.01981275156140328
img_419 0.006166300270706415 0.34129536151885986 0.01981275156140328
img_420 0.005953672342002392 0.3341904282569885 0.019277378916740417
img_421 0.006270802579820156 0.3269098401069641 0.020348474383354187
img_422 0.006205769721418619 0.3196842074394226 0.02195482887327671
img_423 0.00643232511356473 0.3125865161418915 0.02222257293760777
img_424 0.00643232511356473 0.3125865161418915 0.02222257293760777
img_425 0.005956809967756271 0.30535057187080383 0.024632364511489868
img_426 0.006242243107408285 0.2980702817440033 0.02543565817177296
img_427 0.005962003953754902 0.29102176427841187 0.028916049748659137
img_428 0.006204422563314438 0.2838630676269531 0.028648279607295993
img_429 0.006204422563314438 0.2838630676269531 0.028648279607295993
img_430 0.005909724626690149 0.27687326073646545 0.03159348666667939
img_431 0.005959340371191502 0.2697089910507202 0.03293223679065705
img_432 0.0060518598183989525 0.26260682940483093 0.03480657190084458
img_433 0.006020660512149334 0.25537800788879395 0.036948543041944504
img_434 0.006020660512149334 0.25537800788879395 0.036948543041944504
img_435 0.006141688674688339 0.24827709794044495 0.03801947087049484
img_436 0.005926441866904497 0.24091693758964539 0.04016168415546418
img_437 0.006287060212343931 0.2337028980255127 0.041232567280530937
img_438 0.006302313879132271 0.226473867893219 0.04257132485508919
img_439 0.006302313879132271 0.226473867893219 0.04257132485508919
img_440 0.006718236953020096 0.21920089423656464 0.04257132485508919
img_441 0.006422675214707851 0.21201738715171814 0.04471397027373315
img_442 0.006865071598440409 0.20450162887573242 0.04551705718040466
img_443 0.0070200287736952305 0.19721518456935883 0.046856038272380836
img_444 0.007234315853565931 0.1896274834871292 0.047926843166351325
img_445 0.007234315853565931 0.1896274834871292 0.047926843166351325
img_446 0.007972527295351028 0.17489169538021088 0.047658771276474006
img_447 0.007972527295351028 0.17489169538021088 0.047658771276474006
img_448 0.008719587698578835 0.16738905012607574 0.04631999507546425
img_449 0.008609293960034847 0.15984827280044556 0.04739071428775789
img_450 0.008609293960034847 0.15984827280044556 0.04739071428775789
img_451 0.009180782362818718 0.15227511525154114 0.04658736288547517
img_452 0.01009699422866106 0.1369963139295578 0.04658733680844307
img_453 0.01009699422866106 0.1369963139295578 0.04658733680844307
img_454 0.010259670205414295 0.12971359491348267 0.047122664749622345
img_455 0.010259670205414295 0.12971359491348267 0.047122664749622345
img_456 0.010596396401524544 0.12182272970676422 0.04578372463583946
img_457 0.011431877501308918 0.10677152127027512 0.046319171786308296
img_458 0.011431877501308918 0.10677152127027512 0.046319171786308296
img_459 0.011982734315097332 0.09945801645517349 0.04471589252352715
img_460 0.011982734315097332 0.09945801645517349 0.04471589252352715
img_461 0.012186294421553612 0.09174603968858719 0.04418038204312325
img_462 0.012412923388183117 0.08421895653009415 0.0449836552143097
img_463 0.012960554100573063 0.0767684131860733 0.0449836552143097
img_464 0.013231278397142887 0.06918228417634964 0.04551914706826211
img_465 0.013489394448697567 0.061962053179740906 0.04525135830044747
img_466 0.013489394448697567 0.061962053179740906 0.04525135830044747
img_467 0.013620919547975063 0.054369933903217316 0.046054556965827956
img_468 0.013871604576706886 0.047395095229148865 0.04739337414503099
img_469 0.013981185853481293 0.03986310586333275 0.04926741495728495
img_470 0.014163429848849773 0.032578833401203156 0.04980289191007615
img_471 0.014163429848849773 0.032578833401203156 0.04980289191007615
img_472 0.014490809291601181 0.025300735607743263 0.0508739911019802
img_473 0.014531123451888561 0.018253633752465248 0.053283810615539565
img_474 0.014890295453369617 0.010855693370103836 0.05515792220830918
img_475 0.01468517817556858 0.0036692949943244457 0.05810395255684854
img_476 0.01468517817556858 0.0036692949943244457 0.05810395255684854
