img_0 0.0 0.0 0.0
img_1 0.0 0.0 0.0
img_2 0.002968686167150736 -0.0008569861529394984 -0.00401608133688569
img_3 0.010501822456717491 -0.00045853154733777046 -0.0032124661374837156
img_4 0.0176753718405962 -0.00017558230319991708 -0.0037478136364370593
img_5 0.02488478645682335 -0.0002026023284997791 -0.0029446184635162354
img_6 0.032058585435152054 -0.00028493782156147063 -0.002676889533177018
img_7 0.03923509269952774 0.00012440845603123307 -0.004015782382339239
img_8 0.04654989391565323 3.382399881957099e-05 -0.00321263074874878
img_9 0.05376095697283745 0.00013310178474057466 -0.0016059685731306676
img_10 0.06100664287805557 0.0005499586695805192 -0.0018737047212198374
img_11 0.06828805804252625 0.0006587561219930649 -0.0008026266004890205
img_12 0.07539138942956924 0.00083668262232095 5.406327545642854e-07
img_13 0.08264326304197311 0.0010204998543486 0.00053652428323403
img_14 0.09019998461008072 0.0011468788143247366 0.0010715576354414225
img_15 0.09712985157966614 0.0011543042492121458 0.0016072625294327738
img_16 0.10454870015382767 0.001411000150255859 0.0008043114794418217
img_17 0.11211201548576355 0.0015395147493109107 0.002143064979463816
img_18 0.11914446204900742 0.001615795772522688 0.00348169100470841
img_19 0.12685057520866394 0.0018875617533922195 0.0045530032366514215
img_20 0.13384664058685303 0.0019194144988432527 0.0045530032366514215
img_21 0.1412333995103836 0.002014266327023506 0.005624065175652506
img_22 0.14883005619049072 0.002240618923678994 0.006694934330880642
img_23 0.1560738980770111 0.002472766675055027 0.0064271907322108746
img_24 0.16343221068382263 0.002275007078424096 0.007766950875520707
img_25 0.1708117574453354 0.002638224745169282 0.008034537546336647
img_26 0.17823153734207153 0.002820258727297187 0.007231399882584812
img_27 0.18572591245174408 0.002752003027126193 0.00749918492510915
img_28 0.19318339228630066 0.0026243021711707115 0.00803461018949747
img_29 0.20039628446102142 0.0028047615196555853 0.00642719166353345
img_30 0.20792022347450256 0.0027919376734644175 0.008032766170799732
img_31 0.2151326686143875 0.002604978159070015 0.00803276896476746
img_32 0.22252020239830017 0.002725552301853895 0.006693735253065826
img_33 0.2300816923379898 0.0027761671226471663 0.007229112554341556
img_34 0.23729273676872253 0.0025834443513303995 0.006425919011235239
img_35 0.24471506476402283 0.0026311397086828947 0.0056226206943392745
img_36 0.25224292278289795 0.002612252486869693 0.004819417838007212
img_37 0.25934848189353943 0.0024628262035548687 0.005622760858386756
img_38 0.2669103741645813 0.0025053450372070074 0.004551956895738841
img_39 0.27420759201049805 0.0021705080289393663 0.0024055575486272573
img_40 0.2814738154411316 0.0019436274887993932 0.0018711641896516083
img_41 0.28896722197532654 0.0020800959318876266 0.001335597364231944
img_42 0.29645925760269165 0.001967683434486389 -3.002583980560303e-06
img_43 0.3035983145236969 0.0016003777272999287 -0.0010739692952483892
img_44 0.3112700581550598 0.0015309031587094069 -0.0013418006710708143
img_45 0.31863096356391907 0.0013984314864501357 -0.0032185334712266926
img_46 0.3262907564640045 0.001434916048310697 -0.0018814934883266692
img_47 0.33367428183555603 0.0011150510981678963 -0.0032197721302509312
img_48 0.3410249352455139 0.0009689547587186098 -0.0050939563661813745
img_49 0.34848201274871826 0.0007472996949218214 -0.004558402579277755
img_50 0.35586825013160706 0.0006524144555442035 -0.005093895364552736
img_51 0.36322659254074097 0.0004923694068565965 -0.007774208672344684
img_52 0.37070879340171814 0.0001896022295113653 -0.007506756111979485
img_53 0.3782001733779907 -0.00011152861407026649 -0.008042304776608944
img_54 0.38601434230804443 9.329400199931115e-06 -0.009381421841681005
img_55 0.3935815691947937 -0.0003067477373406291 -0.008845463395118713
img_56 0.40071555972099304 -0.00036985325277782977 -0.008310338482260702
img_57 0.40835022926330566 -0.00031086866511031985 -0.009113571606576444
img_58 0.4159431457519531 -0.0005636316491290927 -0.008845956064760685
img_59 0.42297595739364624 -0.0006870672223158181 -0.009113721549510958
img_60 0.4305753707885742 -0.0005726901581510901 -0.008845994248986244
img_61 0.43824338912963867 -0.0008241904433816671 -0.009917065501213077
img_62 0.4453463554382324 -0.0009558523306623101 -0.008310568518936636
img_63 0.4529864490032196 -0.0008968276088126004 -0.008310568518936636
img_64 0.4604383707046509 -0.0008975879172794521 -0.009380748495459558
img_65 0.46762025356292725 -0.0009036835399456322 -0.00911273527890444
img_66 0.47503864765167236 -0.0008489241590723395 -0.00911273527890444
img_67 0.48238736391067505 -0.000915893295314163 -0.010183396749198437
img_68 0.48956358432769775 -0.0010502157965674996 -0.008308467455208303
img_69 0.49705740809440613 -0.0008676300058141351 -0.008843915536999704
img_70 0.504374086856842 -0.000748701742850244 -0.00884391460567713
img_71 0.5115469098091125 -0.0007509388378821313 -0.00857624225318432
img_72 0.5187941193580627 -0.0006294252816587687 -0.008040701039135456
img_73 0.525829553604126 -0.00037991057615727186 -0.00911169033497572
img_74 0.5333573222160339 -0.0003872891829814762 -0.007505300454795361
img_75 0.5405678153038025 -0.00031897550798021257 -0.007505301386117936
img_76 0.5477117896080017 0.0001172308693639934 -0.007773098070174455
img_77 0.5551687479019165 0.00012047787458868697 -0.006434466689825058
img_78 0.562096118927002 7.590293535031378e-05 -0.005898942705243827
img_79 0.5695342421531677 0.0004000220214948058 -0.00509417150169611
img_80 0.576765239238739 0.0004242794238962233 -0.004559746477752925
img_81 0.5839061141014099 0.0006366033921949565 -0.0040242024697363385
img_82 0.5913287997245789 0.0009739918168634176 -0.0040242024697363385
img_83 0.5984703898429871 0.0009452521335333586 -0.0034885252825915826
img_84 0.6056082248687744 0.0010427526431158185 -0.0029531610198318963
img_85 0.6132436394691467 0.0013875144068151712 -0.0013466007076203825
img_86 0.6202406883239746 0.0013780915178358555 -0.001346599776297808
img_87 0.6276280879974365 0.0015518020372837782 -0.00027553259860724216
img_88 0.6351213455200195 0.0019170547602698207 -7.765804184600713e-06
img_89 0.642366349697113 0.0018557847943156958 0.0005277108866721393
img_90 0.6497522592544556 0.0019208919256925583 0.0007954348111525178
img_91 0.6572806239128113 0.0021105387713760138 0.0015987360384315257
img_92 0.6645258665084839 0.002183338161557913 0.0021342376712709665
img_93 0.6719481945037842 0.002199178794398904 0.002937523182481528
img_94 0.6793345808982849 0.0025269833859056234 0.0040086167864501485
img_95 0.6864708662033081 0.0029228120110929012 0.003740922780707479
img_96 0.689473569393158 0.0033625855576246977 0.012309452518820766
img_97 0.689473569393158 0.0033625855576246977 0.012309452518820766
img_98 0.689473569393158 0.0033625855576246977 0.012309452518820766
img_99 0.6891486644744873 0.0039096400141716 0.01471950579434633
img_100 0.6890150904655457 0.010580724105238914 0.01498724985867739
img_101 0.6889376044273376 0.018108827993273735 0.015522670000791551
img_102 0.6889706254005432 0.02508980967104435 0.014451515860855583
img_103 0.6889714002609253 0.032376766204833984 0.013648104853928093
img_104 0.6890503168106079 0.03953860327601433 0.011506754904985431
img_105 0.6892171502113342 0.04697225242853165 0.009594800882041456
img_106 0.6896011829376221 0.05387479066848755 0.007758169434964659
img_107 0.689547061920166 0.06085275486111641 0.006151773501187565
img_108 0.6896090507507324 0.06801539659500122 0.006151777226477862
img_109 0.6898139715194702 0.07493676990270615 0.004276830703020097
img_110 0.6897825598716736 0.08227986097335815 0.0034738825634121904
img_111 0.690110981464386 0.08950585871934891 0.0007958873175084593
img_112 0.6901407241821289 0.09654448181390762 0.001331294537521899
img_113 0.6904139518737793 0.10389858484268188 -0.0008129865163937212
img_114 0.6904197931289673 0.11111418157815933 -0.0008129827911034228
img_115 0.6903550028800964 0.11833830177783966 -0.0010807511862367392
img_116 0.6903979778289795 0.12537787854671478 -0.0013484915252774956
img_117 0.6904082298278809 0.13296864926815033 -0.0005452356417663396
img_118 0.690376877784729 0.1402532458305359 -0.0002774892200250179
img_119 0.6904850006103516 0.14778275787830353 -0.0002774892200250179
img_120 0.6903103590011597 0.15531234443187714 0.0002580100845079869
img_121 0.6900609135627747 0.16272391378879547 0.0021334055345505476
img_122 0.6899389028549194 0.17024877667427063 0.0029361820779740815
img_123 0.6895986795425415 0.17777743935585022 0.004542696289718152
img_124 0.6897405982017517 0.18542936444282532 0.004007254261523484
img_125 0.6893212795257568 0.1929636001586914 0.005347125232219696
img_126 0.6894569993019104 0.20061051845550537 0.00641730334609747
img_127 0.6889841556549072 0.2081989347934723 0.00802391767501831
img_128 0.6886395812034607 0.2159082144498825 0.01016552746295929
img_129 0.688458263874054 0.22331444919109344 0.01016552746295929
img_130 0.6883426308631897 0.2312106043100357 0.012039799243211746
img_131 0.688251256942749 0.23880086839199066 0.012843056581914427
img_132 0.6881223917007446 0.24608422815799713 0.012307578697800636
img_133 0.6879221796989441 0.2537343502044678 0.012307582423090936
img_134 0.6878678798675537 0.2610183358192444 0.01364622358232737
img_135 0.6877642869949341 0.26860928535461426 0.013646225444972515
img_136 0.6877002120018005 0.27589330077171326 0.013378494419157507
img_137 0.6874225735664368 0.2834252417087555 0.013914383016526697
img_138 0.6875684857368469 0.29070714116096497 0.012844200246036053
img_139 0.6872259378433228 0.2981109619140625 0.012308667413890364
img_140 0.687526524066925 0.30527758598327637 0.010166632011532785
img_141 0.6874171495437622 0.3125615119934082 0.010434379801154138
img_142 0.687624454498291 0.31978660821914673 0.00909580569714308
img_143 0.6875239610671997 0.32694894075393677 0.00775692705065012
img_144 0.6878920197486877 0.3341750502586365 0.006150528322905303
img_145 0.6879197955131531 0.34115415811538696 0.004811740014702083
img_146 0.6882390379905701 0.3482569754123688 0.002937448211014271
img_147 0.6881471276283264 0.3554796576499939 0.0018665357492864134
img_148 0.6884875297546387 0.3624584376811981 0.0015988050727173688
img_149 0.6887233257293701 0.36974453926086426 -0.0010790732922032478
img_150 0.6886957287788391 0.3769060969352722 -0.0016145171830430627
img_151 0.6889550089836121 0.38419440388679504 -0.003489803988486529
img_152 0.6890851259231567 0.3911078870296478 -0.003489802125841379
img_153 0.6892521381378174 0.39845341444015503 -0.004560822620987892
img_154 0.6892489194869995 0.40549254417419434 -0.0042930999770760545
img_155 0.6892448663711548 0.4127785265445709 -0.004828689154237509
img_156 0.6892440915107727 0.41994035243988037 -0.004560957662761212
img_157 0.6893488168716431 0.4274079501628876 -0.003490006085485221
img_158 0.6893037557601929 0.43475422263145447 -0.0037577603943645963
img_159 0.6891904473304749 0.4422234892845154 -0.002686691470444203
img_160 0.6893521547317505 0.4498118758201599 -0.003757413942366839
img_161 0.689062237739563 0.45734521746635437 -0.0013468170072883368
img_162 0.689037024974823 0.4648734927177429 -0.0010791097301989796
img_163 0.6886916160583496 0.47234275937080383 0.0007952784653753043
img_164 0.6887562274932861 0.47993236780166626 0.0010629863245412707
img_165 0.6883946657180786 0.48752352595329285 0.002134096343070269
img_166 0.6884843707084656 0.49517562985420227 0.0037405814509838815
img_167 0.6879255771636963 0.5028257369995117 0.005347108468413354
img_168 0.6878142952919006 0.5104157328605652 0.007489032112061977
img_169 0.6875453591346741 0.5180052518844604 0.007489033974707127
img_170 0.6874876022338867 0.5257171392440796 0.009095308370888233
img_171 0.687383770942688 0.5332464575767517 0.009363073855638506
img_172 0.6871377229690552 0.5406510233879089 0.009898534044623373
img_173 0.6870650053024292 0.5479974150657654 0.009898537769913677
img_174 0.6870952844619751 0.5556482076644897 0.010701599530875683
img_175 0.686979353427887 0.5631784200668335 0.010165996849536896
img_176 0.6868339776992798 0.5705226063728333 0.01070145331323147
img_177 0.6866846680641174 0.5778681635856628 0.0112370140850544
img_178 0.6867767572402954 0.585398256778717 0.009898440912365915
img_179 0.6866333484649658 0.5927443504333496 0.009630647487938408
img_180 0.6868824362754822 0.5999084115028381 0.008024351671338083
img_181 0.6868593096733093 0.6071937084197998 0.007756582461297513
img_182 0.6869804859161377 0.6143568158149719 0.006417895667254926
img_183 0.687004804611206 0.6215837597846985 0.005078561138361693
img_184 0.6871819496154785 0.6284375190734863 0.004275710321962834
img_185 0.6872925758361816 0.6356695294380188 0.0023993887007236485
img_186 0.687451958656311 0.6428253054618835 0.0018644081428647046
img_187 0.6877919435501099 0.6500502228736877 -0.0008133864030241965
img_188 0.687903642654419 0.6570879817008972 -0.0008133864030241965
img_189 0.688121497631073 0.6641897559165955 -0.0032234494574368
img_190 0.6881448030471802 0.6714118719100952 -0.004026548005640507
img_191 0.6885624527931213 0.6785732507705688 -0.005365431774407625
img_192 0.6885298490524292 0.6856738328933716 -0.005633150693029164
img_193 0.6892169117927551 0.6884249448776245 -0.010720855556428436
img_194 0.6892169117927551 0.6884249448776245 -0.010720855556428436
img_195 0.6892169117927551 0.6884249448776245 -0.010720855556428436
img_196 0.6892169117927551 0.6884249448776245 -0.010720855556428436
img_197 0.6872788667678833 0.6889967322349548 -0.0008131768554449083
img_198 0.679716169834137 0.6887580752372742 -0.0013486137613654139
img_199 0.6722232699394226 0.6888906359672546 -0.004026236943900585
img_200 0.6647648811340332 0.6887370347976685 -0.004561762791126967
img_201 0.6573785543441772 0.6887094974517822 -0.004829490091651679
img_202 0.649957001209259 0.6887453198432922 -0.004829491954296828
img_203 0.6426723003387451 0.6887804865837097 -0.005901100579649211
img_204 0.6352166533470154 0.6885185241699219 -0.004830590449273586
img_205 0.6276538968086243 0.6886774897575378 -0.005366093013435603
img_206 0.6204798221588135 0.6887772083282471 -0.004830601159483194
img_207 0.6129152774810791 0.6888137459754944 -0.005366189405322076
img_208 0.6053537726402283 0.6888543367385864 -0.004295447375625372
img_209 0.5980381965637207 0.6889469623565674 -0.004295450169593097
img_210 0.5904746055603027 0.6888570189476013 -0.003224490443244577
img_211 0.5831579566001892 0.6889418363571167 -0.0024211469572037463
img_212 0.5759485960006714 0.6890817284584045 -0.0016179301310330632
img_213 0.5683066248893738 0.689094066619873 -0.002422012155875564
img_214 0.5608222484588623 0.689356803894043 -0.0018870654748752718
img_215 0.5534359216690063 0.6895543932914734 -0.000548320938833058
img_216 0.5460841059684753 0.6894359588623047 0.0005227363435551525
img_217 0.5387327671051025 0.6896770000457764 0.0015937131829559803
img_218 0.5312398672103882 0.6900323629379272 0.002932397183030844
img_219 0.5236765742301941 0.6898877620697021 0.0040034325793385514
img_220 0.516572892665863 0.6900429725646973 0.005609717685729265
img_221 0.5090082287788391 0.6901229619979858 0.0050741718150675305
img_222 0.5016202330589294 0.6902691125869751 0.007216311991214753
img_223 0.4942306876182556 0.6902770400047302 0.0077520026825368404
img_224 0.48673921823501587 0.6905860900878906 0.008287225849926473
img_225 0.47924497723579407 0.6906464099884033 0.00882278010249138
img_226 0.4718933403491974 0.6907039880752563 0.010696901939809324
img_227 0.46425431966781616 0.6909896731376648 0.0106968991458416
img_228 0.4570448398590088 0.6910349726676941 0.011499990709125999
img_229 0.44965752959251404 0.6910112500190735 0.01203551981598139
img_230 0.4421435296535492 0.6911662817001343 0.012572367675602438
img_231 0.43455633521080017 0.6912542581558228 0.013106931932270529
img_232 0.4269280433654785 0.6912766098976135 0.012304386124014858
img_233 0.4196443259716034 0.6914318799972534 0.013643245212733747
img_234 0.4124341607093811 0.6914559602737427 0.0136432433500886
img_235 0.4048698842525482 0.6913527250289917 0.014714467339217663
img_236 0.39744290709495544 0.6917331218719482 0.014714467339217663
img_237 0.39015889167785645 0.6917484402656555 0.014446631073951723
img_238 0.382778137922287 0.6914582252502441 0.01498194690793753
img_239 0.3753529489040375 0.6915918588638306 0.014981944113969805
img_240 0.36793163418769836 0.6914806365966797 0.01417867932468653
img_241 0.36058148741722107 0.6913763880729675 0.013643214479088785
img_242 0.3531225919723511 0.6914582848548889 0.013910953886806967
img_243 0.34604746103286743 0.6916048526763916 0.012839375995099546
img_244 0.33877289295196533 0.6913890838623047 0.013374587520956993
img_245 0.33121269941329956 0.6910430788993835 0.01283903419971466
img_246 0.32403647899627686 0.6911345720291138 0.012571289204061033
img_247 0.31693384051322937 0.6909840703010559 0.012571289204061033
img_248 0.30937322974205017 0.6907665729522705 0.012035836465656759
img_249 0.30230286717414856 0.6908039450645447 0.010964715853333475
img_250 0.2950587570667267 0.6906632781028748 0.010429223068058492
img_251 0.2878846824169159 0.690649688243866 0.010964663699269296
img_252 0.28060561418533325 0.6904474496841431 0.010696904733777048
img_253 0.27335894107818604 0.690308690071106 0.008554187603294851
img_254 0.26625943183898926 0.6900643706321716 0.009357141330838203
img_255 0.2591564357280731 0.6899366974830627 0.009357141330838203
img_256 0.2518404424190521 0.6899294257164001 0.007750696502625944
img_257 0.244631826877594 0.6896286606788635 0.00855403020977974
img_258 0.23742279410362244 0.689566969871521 0.007750855293124914
img_259 0.23014283180236816 0.68938809633255 0.005876480136066676
img_260 0.22286272048950195 0.6893453001976013 0.005608747247606517
img_261 0.21547722816467285 0.6891202330589294 0.005340995732694864
img_262 0.20837315917015076 0.6891434788703918 0.004537753760814668
img_263 0.20112766325473785 0.6890493631362915 0.004002212081104517
img_264 0.19352987408638 0.6889577507972717 0.003734485944733024
img_265 0.1861925721168518 0.6888689398765564 0.0029288658406585455
img_266 0.17914527654647827 0.6887262463569641 0.0026619057171046734
img_267 0.17144083976745605 0.6885833144187927 0.001590903731994331
img_268 0.1641245186328888 0.6885104775428772 0.0007876075105741621
img_269 0.1569148600101471 0.6885048151016235 -1.5609257388859987e-05
img_270 0.14920976758003235 0.6885049343109131 0.000519910827279091
img_271 0.1420702338218689 0.6886236667633057 0.0007876642630435529
img_272 0.13468381762504578 0.6885566115379333 -0.0002833033795468509
img_273 0.12704920768737793 0.6886812448501587 0.0005200057057663799
img_274 0.1198049858212471 0.6886162757873535 0.0007877149619162084
img_275 0.1122412458062172 0.6884878873825073 0.0002521825954318047
img_276 0.1047138199210167 0.6885471940040588 0.0002521816641092301
img_277 0.09729183465242386 0.6886677742004395 0.0010554232867434623
img_278 0.08990496397018433 0.6885987520217896 -1.5613855794072155e-05
img_279 0.08244770020246506 0.6887825131416321 0.0018586064688861377
img_280 0.07506070286035538 0.6889524459838867 0.0023941048420965676
img_281 0.06767357885837555 0.6889959573745728 0.0021263405214995146
img_282 0.060462918132543564 0.6892254948616028 0.003732881508767605
img_283 0.052899375557899475 0.6891972422599792 0.004803908057510853
img_284 0.04540618881583214 0.6894060969352722 0.0061425473541021364
img_285 0.03793926164507866 0.689421534538269 0.006410628557205202
img_286 0.03052542358636856 0.6896185874938965 0.008015045896172525
img_287 0.023163411766290665 0.6896821856498718 0.008283158764243126
img_288 0.015856077894568443 0.6898050904273987 0.009085316210985185
img_289 0.0082167387008667 0.689980685710907 0.010692519135773185
img_290 0.004649585112929344 0.6897588968276978 0.0224724542349577
img_291 0.004477087873965502 0.6895713806152344 0.022204777225852016
img_292 0.004511060658842325 0.6896333694458008 0.021937046200037003
img_293 0.004511060658842325 0.6896333694458008 0.021937046200037003
img_294 0.004888536874204874 0.6885396242141724 0.01765348389744759
img_295 0.00548731442540884 0.6806522607803345 0.016582496464252475
img_296 0.005508183501660824 0.6729991436004639 0.016582496464252475
img_297 0.005636075511574745 0.6652873158454895 0.015779277309775356
img_298 0.0058265142142772675 0.6576989889144897 0.014440591447055343
img_299 0.006043088156729937 0.6500471830368042 0.014440587721765045
img_300 0.006364655680954456 0.6424621343612671 0.013637532480061054
img_301 0.006501003634184599 0.6350563168525696 0.013369787484407427
img_302 0.006461129058152437 0.6274646520614624 0.01283430587500334
img_303 0.006660779006779194 0.6201768517494202 0.012834302149713043
img_304 0.006830345373600721 0.6124699115753174 0.013101885095238689
img_305 0.006957909557968378 0.6054315567016602 0.013637354597449306
img_306 0.006777024827897549 0.597959578037262 0.01336958259344101
img_307 0.006766757927834988 0.5907962918281555 0.014172857627272608
img_308 0.007012196816504002 0.5834539532661438 0.014708299189805984
img_309 0.00697346730157733 0.5764718651771545 0.016583127900958058
img_310 0.006844910327345133 0.5693089365959167 0.016850786283612255
img_311 0.0068595833145082 0.5621442198753357 0.017654221504926678
img_312 0.006736516021192074 0.5551022887229919 0.01952816545963288
img_313 0.006631362717598677 0.547810971736908 0.021403236314654354
img_314 0.006634133402258158 0.5410787463188171 0.023276647552847855
img_315 0.006590255070477724 0.5338522791862488 0.024079894647002224
img_316 0.006614001467823982 0.5269952416419983 0.025150811299681667
img_317 0.006731164176017046 0.5195267200469971 0.026489701122045517
img_318 0.0067040217109024525 0.512545645236969 0.028096035122871402
img_319 0.006624305620789528 0.505316436290741 0.028631579130887992
img_320 0.006507884711027145 0.49827054142951965 0.031041273847222328
img_321 0.006661419756710529 0.4910484552383423 0.031576763838529594
img_322 0.006963970139622688 0.4837089478969574 0.033450882881879807
img_323 0.0068522109650075436 0.4764704406261444 0.03452295809984208
img_324 0.006893787533044815 0.46912914514541626 0.03532538563013076
img_325 0.007257059216499329 0.46185216307640076 0.034522071480751045
img_326 0.007556496188044548 0.45420578122138977 0.03505758196115493
img_327 0.007809765171259642 0.44698435068130493 0.0358611010015011
img_328 0.008015574887394905 0.4392770826816559 0.03639635443687439
img_329 0.00799139030277729 0.4321642220020294 0.036932326853275306
img_330 0.008459203876554966 0.4242853820323944 0.03559461236000061
img_331 0.008729311637580395 0.4167000949382782 0.037200964987277985
img_332 0.009011617861688137 0.40911489725112915 0.036397743970155716
img_333 0.009462262503802776 0.40159595012664795 0.035862181335687644
img_334 0.009663778357207775 0.39400777220726013 0.03479121252894402
img_335 0.009969532489776611 0.38623911142349243 0.03532671928405762
img_336 0.010378905571997166 0.378658264875412 0.03505897521972657
img_337 0.010715674608945847 0.3710733652114868 0.0337199978530407
img_338 0.011008909903466702 0.3634285628795624 0.033452305942773826
img_339 0.011337562464177608 0.3557213246822357 0.03211342543363572
img_340 0.011614625342190266 0.3481973111629486 0.03345207870006562
img_341 0.011901895515620708 0.3406701385974884 0.033184219151735306
img_342 0.012041684240102768 0.3332633078098297 0.033184215426445014
img_343 0.012222817167639732 0.32567718625068665 0.032916560769081116
img_344 0.012531142681837082 0.3184611201286316 0.033987384289503104
img_345 0.012747516855597496 0.3110571503639221 0.03425512835383416
img_346 0.012816200032830238 0.30389314889907837 0.03559385612607002
img_347 0.01289885863661766 0.2966044247150421 0.035326015204191215
img_348 0.013054454699158669 0.2892005741596222 0.03612900525331497
img_349 0.01327785849571228 0.28204119205474854 0.038003392517566674
img_350 0.0134440241381526 0.2748803198337555 0.03880661353468895
img_351 0.013436989858746529 0.267773300409317 0.040948722511529936
img_352 0.013450190424919128 0.2605448365211487 0.04228737205266954
img_353 0.013495463877916336 0.2536196708679199 0.044966224581003196
img_354 0.013575723394751549 0.24633514881134033 0.04683946445584297
img_355 0.013608582317829132 0.2395946979522705 0.04817838221788408
img_356 0.013674044981598854 0.23236604034900665 0.050320368260145194
img_357 0.013883864507079124 0.22538931667804718 0.051391340792179115
img_358 0.0141137158498168 0.21816882491111755 0.053265407681465156
img_359 0.014113332144916058 0.21087002754211426 0.05540850386023522
img_360 0.014185559004545212 0.20382732152938843 0.05781690776348115
img_361 0.014532429166138172 0.1966111660003662 0.05915578454732895
img_362 0.014677243307232857 0.18938343226909637 0.059691298753023155
img_363 0.014755364507436752 0.18215177953243256 0.06317202001810074
img_364 0.015101676806807518 0.17499758303165436 0.06397521495819092
img_365 0.01546942163258791 0.1675986498594284 0.06477848440408708
img_366 0.015662789344787598 0.16025003790855408 0.06531397253274919
img_367 0.016126958653330803 0.1526118665933609 0.06718827039003374
img_368 0.0165102481842041 0.14533644914627075 0.06879477947950363
img_369 0.01689111441373825 0.13775169849395752 0.06906260550022127
img_370 0.017195245251059532 0.13027890026569366 0.07067074626684189
img_371 0.017752837389707565 0.12290193885564804 0.06960107386112215
img_372 0.018218690529465675 0.11520322412252426 0.07174286991357803
img_373 0.018714459612965584 0.1078115776181221 0.07120729237794876
img_374 0.019113412126898766 0.10023176670074463 0.07147497683763503
img_375 0.019664891064167023 0.09252920001745224 0.07147497683763503
img_376 0.020206406712532043 0.0849657952785492 0.07227738201618195
img_377 0.02067975327372551 0.07695994526147842 0.07308061420917511
img_378 0.02126866951584816 0.06988383084535599 0.0717420130968094
img_379 0.021760310977697372 0.06205558031797409 0.07308208197355272
img_380 0.022234700620174408 0.05460874363780022 0.07361710071563722
img_381 0.022753247991204262 0.0470970943570137 0.07388484477996828
img_382 0.023273764178156853 0.039586182683706284 0.07495574653148651
img_383 0.023823905736207962 0.03226036578416824 0.07495574653148651
img_384 0.024159369990229607 0.02448970638215542 0.07602668553590776
img_385 0.024588366970419884 0.017461813986301422 0.0768299773335457
img_386 0.025039417669177055 0.00976078025996685 0.07870416343212128
img_387 0.025235770270228386 0.00277561042457819 0.08057851344347
img_388 0.024991175159811974 0.0009749941527843475 0.08352347463369371
img_389 0.024961061775684357 0.000911039998754859 0.08379124104976653
img_390 0.024961061775684357 0.000911039998754859 0.08379124104976653
img_391 0.02503151260316372 0.0009169569239020348 0.08405903726816175
img_392 0.03187447786331177 0.0005107711185701191 0.08807460218667985
img_393 0.039030153304338455 0.0006509388331323862 0.08861017972230913
img_394 0.04651670157909393 0.0006401422433555126 0.08994872868061066
img_395 0.05381251499056816 0.0008064114954322577 0.0902165025472641
img_396 0.060977816581726074 0.0008399495272897184 0.08914551883935928
img_397 0.0682026818394661 0.000994051224552095 0.08994875848293306
img_398 0.07543057203292847 0.0007240121485665441 0.09101972728967667
img_399 0.08260402083396912 0.001071364851668477 0.09128750115633011
img_400 0.08992796391248703 0.0013115482870489359 0.09128750115633011
img_401 0.09730567038059235 0.0013721018331125379 0.0926264598965645
img_402 0.10419514775276184 0.0017047360306605697 0.09342957288026812
img_403 0.11178287118673325 0.0018008670303970575 0.093965083360672
img_404 0.11884287744760513 0.0022202851250767708 0.09423281997442245
img_405 0.12614931166172028 0.002295908983796835 0.09530389308929445
img_406 0.13363607227802277 0.0023352266289293766 0.09664248675107957
img_407 0.14079715311527252 0.0025368903297930956 0.09798270463943483
img_408 0.14815296232700348 0.0027684071101248264 0.0993199720978737
img_409 0.1552148014307022 0.0028536103200167418 0.09851240366697313
img_410 0.16270798444747925 0.003165896050632 0.09931133687496187
img_411 0.17003118991851807 0.003464895999059081 0.10011467337608339
img_412 0.17715440690517426 0.0036267279647290707 0.10091789811849596
img_413 0.18481025099754333 0.003478646744042635 0.10279294848442079
img_414 0.19215939939022064 0.0038675693795084953 0.1025252416729927
img_415 0.19943839311599731 0.003939284943044186 0.1022573933005333
img_416 0.20686684548854828 0.004209576640278101 0.10306012630462648
img_417 0.21425095200538635 0.003927087876945734 0.10386336594820024
img_418 0.22134408354759216 0.004051062278449535 0.10332792997360232
img_419 0.22901767492294312 0.004415934439748526 0.10386349260807037
img_420 0.23651312291622162 0.0040895151905715466 0.10386349260807037
img_421 0.24347969889640808 0.00407707504928112 0.10439903289079668
img_422 0.25113609433174133 0.004263794980943203 0.10279251635074615
img_423 0.25847941637039185 0.004036571830511093 0.10306029021739961
img_424 0.2660490572452545 0.004019459709525108 0.10306029021739961
img_425 0.2735324501991272 0.003808765672147274 0.10145379602909087
img_426 0.28073766827583313 0.00386549299582839 0.10091834515333174
img_427 0.2881675362586975 0.0038179191760718822 0.09957949072122574
img_428 0.2954508662223816 0.003438294865190983 0.09877628833055496
img_429 0.3026699721813202 0.0033538874704390764 0.09743735939264297
img_430 0.31043776869773865 0.0034366785548627377 0.09663422405719757
img_431 0.31790223717689514 0.0029916984494775534 0.09609872102737427
img_432 0.32520774006843567 0.0030809459276497364 0.0947600305080414
img_433 0.332642138004303 0.002557678846642375 0.09449227154254913
img_434 0.34035950899124146 0.0027971186209470034 0.09315339475870131
img_435 0.34775814414024353 0.002627637004479766 0.09127928316593172
img_436 0.35524895787239075 0.0022069180849939585 0.09127928316593172
img_437 0.3625154197216034 0.0023187140468508005 0.09020812064409257
img_438 0.3702467978000641 0.00197320943698287 0.08913720399141312
img_439 0.37763434648513794 0.001895946217700839 0.08886945247650146
img_440 0.3849317729473114 0.0016244014259427786 0.08779857307672499
img_441 0.3928127884864807 0.0015806319424882531 0.08699525892734528
img_442 0.4001300036907196 0.0014813992893323302 0.08726301789283752
img_443 0.40767425298690796 0.001280502532608807 0.08672713488340378
img_444 0.41521599888801575 0.0013836201978847384 0.08672713488340378
img_445 0.4225543737411499 0.0010384749621152878 0.08619161695241928
img_446 0.4302019476890564 0.0012077384162694216 0.08619161695241928
img_447 0.4376704692840576 0.0009928143117576838 0.08619161695241928
img_448 0.4449353814125061 0.0010676193051040173 0.08672704547643661
img_449 0.4527057409286499 0.0010672113858163357 0.0851203352212906
img_450 0.459860622882843 0.0011862190440297127 0.08645905554294588
img_451 0.4671687185764313 0.0012050459627062082 0.08592342585325238
img_452 0.474865198135376 0.0011923328274860978 0.08726175129413606
img_453 0.48190945386886597 0.0013784182956442237 0.08699398487806322
img_454 0.48942622542381287 0.0014195690164342523 0.08726170659065248
img_455 0.49673306941986084 0.0014442575629800558 0.08752947300672534
img_456 0.5038167238235474 0.001574313035234809 0.08779719471931459
img_457 0.5111941695213318 0.0016091137658804655 0.08833274990320207
img_458 0.518530547618866 0.0017057247459888458 0.08913602679967883
img_459 0.525521457195282 0.002207429613918066 0.0899404138326645
img_460 0.5330201983451843 0.0019630754832178354 0.0896730497479439
img_461 0.5401225686073303 0.002294383943080902 0.09047625213861463
img_462 0.5471253395080566 0.002560884226113558 0.09047625213861463
img_463 0.5543799996376038 0.0027887688484042883 0.09101177752017976
img_464 0.5615335702896118 0.002949915360659361 0.09154722839593889
img_465 0.5685294270515442 0.002915870165452361 0.0926183611154556
img_466 0.5759524703025818 0.0032365331426262856 0.09342148900032043
img_467 0.5831692218780518 0.0032353827264159918 0.09368963539600372
img_468 0.5905520915985107 0.003499383805319667 0.09475897252559662
img_469 0.5978298783302307 0.0035145641304552555 0.09609796106815341
img_470 0.6048417091369629 0.003698526881635189 0.09609796106815341
img_471 0.6122889518737793 0.003801346756517887 0.09609796106815341
img_472 0.6194303035736084 0.00412075174972415 0.09663344919681549
img_473 0.626777708530426 0.004156391602009535 0.09663344919681549
img_474 0.6342055797576904 0.004077000077813864 0.09770429134368896
img_475 0.6414175629615784 0.0044148084707558155 0.09770429134368896
img_476 0.6487644910812378 0.004458313807845116 0.09770429134368896
img_477 0.6561616063117981 0.004444324877113104 0.09904469549655913
img_478 0.6634692549705505 0.0044332812540233135 0.09931208193302155
img_479 0.6712367534637451 0.004222475457936525 0.09957996010780336
img_480 0.6786507964134216 0.004286760929971933 0.10065052658319476
img_481 0.6858155727386475 0.0043950616382062435 0.09957951307296756
img_482 0.6935961842536926 0.0043726819567382336 0.09957951307296756
img_483 0.7007735371589661 0.004351481329649687 0.0993117541074753
img_484 0.7082796096801758 0.0038691291119903326 0.10011491924524307
img_485 0.7124183773994446 0.0044079613871872425 0.09181183576583864
img_486 0.7124112248420715 0.0040999967604875565 0.09288260340690616
img_487 0.7124112248420715 0.0040999967604875565 0.09288260340690616
img_488 0.7124112248420715 0.0040999967604875565 0.09288260340690616
img_489 0.7118299007415771 0.005767473019659519 0.09609590470790866
img_490 0.7110956907272339 0.01375235989689827 0.09502501040697096
img_491 0.7106568813323975 0.021336782723665237 0.09288270771503448
img_492 0.7101685404777527 0.028484482318162918 0.09074073284864427
img_493 0.7098956108093262 0.03577438369393349 0.0894019901752472
img_494 0.7094916701316833 0.043051060289144516 0.08752799779176712
img_495 0.7091013193130493 0.050329532474279404 0.08485048264265062
img_496 0.7087512612342834 0.05736458674073219 0.0829763486981392
img_497 0.7085047364234924 0.06459346413612366 0.08110184967517854
img_498 0.7082921862602234 0.07200712710618973 0.07896003127098083
img_499 0.7077926993370056 0.07921665161848068 0.07601356506347655
img_500 0.7077069878578186 0.0863901749253273 0.0733371675014496
img_501 0.7073674201965332 0.09342392534017563 0.07119520008563995
img_502 0.7074263691902161 0.1005479022860527 0.06851743906736375
img_503 0.7071431875228882 0.10777410119771957 0.06610596925020219
img_504 0.7070892453193665 0.11500377953052521 0.06289565563201904
img_505 0.7068859338760376 0.12216941267251968 0.06102088466286659
img_506 0.7069376111030579 0.12885552644729614 0.057541187852621085
img_507 0.706797182559967 0.13621851801872253 0.05539540573954583
img_508 0.7066864967346191 0.14331179857254028 0.05405902117490769
img_509 0.7065783143043518 0.15055280923843384 0.05110855028033258
img_510 0.7065685391426086 0.15765053033828735 0.04923749342560769
img_511 0.7061747312545776 0.16492463648319244 0.049505241215229034
img_512 0.7059847116470337 0.17233075201511383 0.04736343771219254
img_513 0.7058163285255432 0.17961619794368744 0.04682789742946625
img_514 0.7054610252380371 0.18719811737537384 0.04522151127457619
img_515 0.7053573727607727 0.19418025016784668 0.04522151127457619
img_516 0.7049436569213867 0.20175883173942566 0.04495380446314813
img_517 0.7048197984695435 0.2092360407114029 0.044149816036224365
img_518 0.7045284509658813 0.21663056313991547 0.04388232156634331
img_519 0.704200804233551 0.22409246861934662 0.04388232156634331
img_520 0.7036832571029663 0.23185066878795624 0.045220904052257545
img_521 0.7033018469810486 0.23949694633483887 0.044685143977403655
img_522 0.7027891278266907 0.24700872600078583 0.04602347314357758
img_523 0.7025486826896667 0.254533976316452 0.04522035270929336
img_524 0.7022055387496948 0.26211676001548767 0.04602358117699624
img_525 0.7017200589179993 0.2695806622505188 0.04629169031977654
img_526 0.7014722228050232 0.2772192358970642 0.04629169031977654
img_527 0.7009528875350952 0.2846108675003052 0.04682723805308343
img_528 0.7006300091743469 0.292256236076355 0.04736274853348733
img_529 0.7001618146896362 0.2998945116996765 0.04736274853348733
img_530 0.6999112963676453 0.3074197471141815 0.04655959457159044
img_531 0.6995693445205688 0.31475937366485596 0.04655959457159044
img_532 0.6993305683135986 0.3221617341041565 0.04575652629137039
img_533 0.6991570591926575 0.32981428503990173 0.04602429643273355
img_534 0.6988896727561951 0.3371560573577881 0.044685479253530516
img_535 0.6986647248268127 0.3445601165294647 0.04307907074689866
img_536 0.6985328197479248 0.3517228066921234 0.04174042493104936
img_537 0.6984002590179443 0.359131395816803 0.04040157794952392
img_538 0.6982218623161316 0.3661690652370453 0.03959840908646584
img_539 0.6982135772705078 0.37352126836776733 0.03745615854859352
img_540 0.6981265544891357 0.38056257367134094 0.03611745312809945
img_541 0.6980444192886353 0.38773563504219055 0.03397273272275925
img_542 0.6980400681495667 0.3951367139816284 0.03290320187807083
img_543 0.6981596946716309 0.4022454023361206 0.030225750058889396
img_544 0.6981570720672607 0.4093494415283203 0.02861928567290306
img_545 0.6981322765350342 0.4163922071456909 0.026477050036191944
img_546 0.6982943415641785 0.4236220121383667 0.02540612220764161
img_547 0.6982614994049072 0.43048030138015747 0.02353167347609997
img_548 0.6983374357223511 0.4377679228782654 0.021657645702362064
img_549 0.6983956694602966 0.4448723793029785 0.020051036030054096
img_550 0.6983970999717712 0.4518521726131439 0.01898007653653622
img_551 0.6985722184181213 0.4593866169452667 0.017373532056808468
img_552 0.6983054280281067 0.4666059911251068 0.017641261219978336
img_553 0.6983535885810852 0.47389328479766846 0.016302397474646572
img_554 0.698272168636322 0.48105505108833313 0.016034653410315517
img_555 0.6981887221336365 0.4884611666202545 0.016570113599300388
img_556 0.6981740593910217 0.4957464039325714 0.01576689258217812
img_557 0.6979130506515503 0.5033338069915771 0.016837868839502335
img_558 0.6977893710136414 0.5106785893440247 0.016034629195928577
img_559 0.6974918842315674 0.5182053446769714 0.017373561859130863
img_560 0.6974306702613831 0.5257953405380249 0.017641285434365276
img_561 0.6969476938247681 0.533134400844574 0.0187123604118824
img_562 0.6967645883560181 0.5410287976264954 0.018980100750923157
img_563 0.6964449882507324 0.5485544204711914 0.02031899057328701
img_564 0.6964662075042725 0.5562071800231934 0.02138981968164444
img_565 0.6960551738739014 0.5638529658317566 0.022460939362645156
img_566 0.6955653429031372 0.5714951753616333 0.023264119401574142
img_567 0.6954990029335022 0.5789036154747009 0.023264121264219288
img_568 0.6952150464057922 0.5865501761436462 0.024870436638593677
img_569 0.695023238658905 0.5942614674568176 0.024870440363883976
img_570 0.6946254968643188 0.6017223000526428 0.025673704221844677
img_571 0.6945412755012512 0.6091336607933044 0.02487002685666084
img_572 0.6942512392997742 0.6165313124656677 0.025672785937786102
img_573 0.6942346096038818 0.6240633726119995 0.025137253105640415
img_574 0.6940499544143677 0.6314069628715515 0.025137253105640415
img_575 0.6938990950584412 0.6388130187988281 0.02486948855221272
img_576 0.6937870979309082 0.6461573243141174 0.02353093773126603
img_577 0.6936113834381104 0.6536241769790649 0.023530941456556324
img_578 0.693757951259613 0.6609138250350952 0.02112136408686638
img_579 0.6936760544776917 0.6681380271911621 0.02058580704033375
img_580 0.6937419176101685 0.6752409934997559 0.01897952519357205
img_581 0.6936755180358887 0.6824648976325989 0.018443997949361805
img_582 0.6938636898994446 0.6895087957382202 0.016034455969929695
img_583 0.69416743516922 0.6904332041740417 0.013621559366583824
img_584 0.69416743516922 0.6904332041740417 0.013621559366583824
img_585 0.69416743516922 0.6904332041740417 0.013621559366583824
img_586 0.69416743516922 0.6904332041740417 0.013621559366583824
img_587 0.6878657341003418 0.6905925273895264 0.01228112541139126
img_588 0.6804885268211365 0.6904407739639282 0.010408954694867136
img_589 0.6729982495307922 0.6902403831481934 0.009338063187897207
img_590 0.6655044555664062 0.6904152631759644 0.009070343337953092
img_591 0.6579433679580688 0.6901018023490906 0.007731550373136998
img_592 0.6511237621307373 0.6898654103279114 0.007999299094080927
img_593 0.6438082456588745 0.6897456645965576 0.007196020334959032
img_594 0.6361040472984314 0.6896902322769165 0.005321862641721966
img_595 0.6290373206138611 0.6892853379249573 0.005054103676229716
img_596 0.6217215061187744 0.6893095970153809 0.005054104607552291
img_597 0.6143345832824707 0.6892110109329224 0.003983013797551394
img_598 0.6070207953453064 0.6888758540153503 0.003983012866228819
img_599 0.599526584148407 0.6889684796333313 0.0029118556994944815
img_600 0.5924233198165894 0.6888865828514099 0.0029118547681719065
img_601 0.5851080417633057 0.6885591745376587 0.0029118538368493327
img_602 0.5776857733726501 0.6886599659919739 0.002108610235154629
img_603 0.5704759359359741 0.6886447668075562 0.00210860837250948
img_604 0.5633370280265808 0.688262403011322 0.00237637315876782
img_605 0.5558809041976929 0.6881834864616394 0.0018409506883472209
img_606 0.5485289692878723 0.688292384147644 0.0029120072722434998
img_607 0.5410358905792236 0.6882705688476562 0.0026442427188158035
img_608 0.5338270664215088 0.6881290674209595 0.00264423992484808
img_609 0.5267528295516968 0.6883553862571716 0.0039839325472712525
img_610 0.5192299485206604 0.6883865594863892 0.003983931615948677
img_611 0.5120024085044861 0.6883577704429626 0.003983929753303529
img_612 0.504562258720398 0.6886334419250488 0.004251017700880766
img_613 0.49703311920166016 0.6886626482009888 0.005054357461631298
img_614 0.48971906304359436 0.688442051410675 0.005857503972947598
img_615 0.48243582248687744 0.6887667179107666 0.006393044255673887
img_616 0.47483670711517334 0.6889017820358276 0.006125314161181451
img_617 0.46755698323249817 0.688734769821167 0.007464054040610793
img_618 0.4598842263221741 0.6891060471534729 0.007731815800070764
img_619 0.45253053307533264 0.6892940998077393 0.007999589666724205
img_620 0.4451097548007965 0.689234733581543 0.008802727796137336
img_621 0.43740132451057434 0.6895342469215393 0.010141602717339993
img_622 0.43008267879486084 0.6897661089897156 0.01014159992337227
img_623 0.42258989810943604 0.6898125410079956 0.0106770396232605
img_624 0.4149188995361328 0.6899142861366272 0.01094478834420443
img_625 0.4074218273162842 0.690199613571167 0.011480344459414486
img_626 0.40017634630203247 0.6901776194572449 0.011748093180358413
img_627 0.3925386369228363 0.6904551982879639 0.012551328167319301
img_628 0.3850424587726593 0.6907284259796143 0.013086786493659018
img_629 0.3775843381881714 0.6906920671463013 0.013354554772377014
img_630 0.3700191378593445 0.6908358931541443 0.013622274622321124
img_631 0.36273205280303955 0.6912264227867126 0.014157801866531376
img_632 0.3552042841911316 0.6911810636520386 0.014157801866531376
img_633 0.34778091311454773 0.6911984086036682 0.014961088076233864
img_634 0.3403885066509247 0.6915163397789001 0.01629986055195332
img_635 0.3327474892139435 0.6915143132209778 0.015495983883738521
img_636 0.32558104395866394 0.6913420557975769 0.01683354191482067
img_637 0.31822216510772705 0.6915856599807739 0.01710137911140919
img_638 0.3107283115386963 0.6917023062705994 0.01683369837701321
img_639 0.3033753037452698 0.6917009949684143 0.017904788255691535
img_640 0.29598772525787354 0.6917523741722107 0.01844020001590252
img_641 0.2888811230659485 0.6918050050735474 0.01763689517974854
img_642 0.28149479627609253 0.6917359232902527 0.01897559314966202
img_643 0.2741079330444336 0.6916569471359253 0.01870783418416977
img_644 0.26703840494155884 0.6916471123695374 0.018440091982483864
img_645 0.2596834897994995 0.6915114521980286 0.018708016723394397
img_646 0.25240713357925415 0.6914976835250854 0.019243123009800918
img_647 0.24516165256500244 0.6914194822311401 0.01870759762823582
img_648 0.23787808418273926 0.6915280818939209 0.018439861014485363
img_649 0.23035185039043427 0.6913280487060547 0.018439859151840213
img_650 0.22307264804840088 0.6911938190460205 0.01736889034509659
img_651 0.21578629314899445 0.6910672783851624 0.01629689149558544
img_652 0.208477184176445 0.6910093426704407 0.017099378630518917
img_653 0.2014455795288086 0.6907053589820862 0.017367227002978325
img_654 0.19402535259723663 0.6906988620758057 0.014958386309444908
img_655 0.18656721711158752 0.6905260682106018 0.015226227231323719
img_656 0.1793607473373413 0.6904163360595703 0.014423274435102941
img_657 0.17176330089569092 0.690245509147644 0.012548932805657389
img_658 0.1646956205368042 0.6901568174362183 0.013084406964480879
img_659 0.15727530419826508 0.6899372935295105 0.012281100265681747
img_660 0.14971475303173065 0.6897220015525818 0.010139319114387037
img_661 0.142645463347435 0.689650297164917 0.010674898512661459
img_662 0.1353342980146408 0.6892662048339844 0.00987177435308695
img_663 0.12808819115161896 0.6892558932304382 0.007729615084826947
img_664 0.12073672562837601 0.6893215179443359 0.00799734238535166
img_665 0.11321073770523071 0.6889551877975464 0.007194024045020344
img_666 0.10600170493125916 0.6887809038162231 0.006390756927430628
img_667 0.09879143536090851 0.6888572573661804 0.006390754133462907
img_668 0.091088205575943 0.6886855959892273 0.0061230231076478975
img_669 0.08398494124412537 0.6884584426879883 0.00531970662996173
img_670 0.076881043612957 0.688481867313385 0.005319705698639155
img_671 0.06928300857543945 0.6882578134536743 0.005051942076534034
img_672 0.061931952834129333 0.6882206797599792 0.0045164572075009355
img_673 0.05482172593474388 0.6883723735809326 0.005320332013070583
img_674 0.04737124219536781 0.6882715821266174 0.005587848369032145
img_675 0.0402328260242939 0.6879867911338806 0.005855620838701726
img_676 0.032739538699388504 0.6880653500556946 0.005587869323790074
img_677 0.025421636179089546 0.6883305311203003 0.006391152739524842
img_678 0.018072331324219704 0.6881611347198486 0.007461989298462869
img_679 0.010860971175134182 0.6882297992706299 0.007461986504495145
img_680 0.006443686317652464 0.6881356239318848 0.009603980928659439
img_681 0.006549121346324682 0.6881978511810303 0.010407222434878351
img_682 0.006583822425454855 0.6882594227790833 0.010139494203031065
img_683 0.00654906639829278 0.6881977915763855 0.010407518595457079
img_684 0.006755509413778782 0.6853255033493042 0.008267646655440332
img_685 0.006922764703631401 0.677919864654541 0.00826764479279518
img_686 0.006705802865326405 0.6699590086936951 0.007999865338206293
img_687 0.006831335835158825 0.6631035208702087 0.009070882573723795
img_688 0.006899077910929918 0.6556355953216553 0.009070882573723795
img_689 0.006823234725743532 0.6484112739562988 0.009338627569377424
img_690 0.00674932636320591 0.6411869525909424 0.00960636790841818
img_691 0.006781611125916243 0.6341469883918762 0.011480641551315783
img_692 0.0067578149028122425 0.6269843578338623 0.011480641551315783
img_693 0.006664739456027746 0.6196979284286499 0.012819426134228705
img_694 0.006647392176091671 0.612779438495636 0.014425999484956266
img_695 0.006434428971260786 0.6054911613464355 0.016032451763749126
img_696 0.006399066187441349 0.5988786220550537 0.017103420570492748
img_697 0.006383347325026989 0.5915312170982361 0.01817443408071995
img_698 0.006225261837244034 0.5846715569496155 0.019513078033924106
img_699 0.0062296404503285885 0.5771949291229248 0.020585075020790104
img_700 0.006268502213060856 0.5701609253883362 0.02219009026885033
img_701 0.006290157325565815 0.5628135800361633 0.023261103779077537
img_702 0.006308290641754866 0.5559558868408203 0.025135369971394542
img_703 0.006277844309806824 0.5487292408943176 0.025135368108749397
img_704 0.0061798132956027985 0.5413786768913269 0.02727732807397843
img_705 0.006447461433708668 0.5341604351997375 0.027545055374503143
img_706 0.006434428505599499 0.5269337296485901 0.028348317369818694
img_707 0.006679716985672712 0.5195302963256836 0.027277274057269103
img_708 0.00692373001947999 0.5118826031684875 0.028615942224860195
img_709 0.006992612965404987 0.5045338869094849 0.028883755207061775
img_710 0.007356575690209866 0.49683019518852234 0.02861608378589154
img_711 0.007381359580904245 0.48978734016418457 0.029151650145649913
img_712 0.007713919971138239 0.48201996088027954 0.028348464518785484
img_713 0.007861915975809097 0.47430646419525146 0.028884062543511394
img_714 0.0083265770226717 0.466788649559021 0.027813268825411804
img_715 0.008541075512766838 0.45907852053642273 0.0278132651001215
img_716 0.008856447413563728 0.4515550434589386 0.027010036632418636
img_717 0.009101754985749722 0.44378387928009033 0.026742266491055492
img_718 0.009234057739377022 0.4361943006515503 0.025671308860182766
img_719 0.009785379283130169 0.42849239706993103 0.02540354430675507
img_720 0.009803087450563908 0.42083799839019775 0.02513578347861767
img_721 0.010307224467396736 0.41344141960144043 0.02433255314826966
img_722 0.01017541904002428 0.4057847857475281 0.02433255314826966
img_723 0.010639812797307968 0.3983250856399536 0.02379702031612397
img_724 0.010602611117064953 0.3909766972064972 0.024600213393568996
img_725 0.011038187891244888 0.38333258032798767 0.022725831717252735
img_726 0.011171174235641956 0.3759264051914215 0.02379685267806054
img_727 0.011100091971457005 0.3685154318809509 0.02486785873770714
img_728 0.011421001516282558 0.36129841208457947 0.02540330588817596
img_729 0.011287574656307697 0.3539818525314331 0.02540330588817596
img_730 0.011436737142503262 0.34672486782073975 0.026470443233847625
img_731 0.011486604809761047 0.33949944376945496 0.027541549876332286
img_732 0.011715766042470932 0.33246421813964844 0.028880117461085313
img_733 0.011563989333808422 0.3254779279232025 0.029951175674796104
img_734 0.011783966794610023 0.3181355595588684 0.03155761957168579
img_735 0.011438930407166481 0.3111421465873718 0.033431980758905425
img_736 0.011750997975468636 0.3039257228374481 0.035306058824062354
img_737 0.011776778846979141 0.2971848249435425 0.03610976785421372
img_738 0.011618192307651043 0.2898308336734772 0.03851871937513352
img_739 0.011816270649433136 0.28285565972328186 0.03985727578401566
img_740 0.011713200248777866 0.275683730840683 0.0419992357492447
img_741 0.012049240991473198 0.26852908730506897 0.043338015675544746
img_742 0.011927883140742779 0.26153960824012756 0.04494429752230645
img_743 0.012361368164420128 0.2542625069618225 0.04574804753065109
img_744 0.01226809062063694 0.24703115224838257 0.047353670001029975
img_745 0.012415587902069092 0.2394387573003769 0.04896019026637078
img_746 0.012621906585991383 0.232339546084404 0.050031151622533805
img_747 0.012854225002229214 0.22487281262874603 0.05110224708914758
img_748 0.013081972487270832 0.2176528126001358 0.05217305943369866
img_749 0.013439394533634186 0.2101304829120636 0.052440851926803596
img_750 0.013856584206223488 0.20285668969154358 0.05377977713942529
img_751 0.014110240153968334 0.19551514089107513 0.05324437469244004
img_752 0.014424585737287998 0.18762481212615967 0.054850678890943534
img_753 0.014802063815295696 0.18010514974594116 0.05431521311402323
img_754 0.01532335951924324 0.1724700778722763 0.05431521311402323
img_755 0.0157421063631773 0.16476808488368988 0.05431521311402323
img_756 0.016045019030570984 0.15724341571331024 0.05431521311402323
img_757 0.016405204311013222 0.1499675065279007 0.05538621917366982
img_758 0.01689596101641655 0.14239273965358734 0.05404754355549813
img_759 0.017203446477651596 0.13474643230438232 0.05565399304032326
img_760 0.01783059537410736 0.12730155885219574 0.05404751375317575
img_761 0.01815134845674038 0.11940973997116089 0.054047510027885444
img_762 0.018651794642210007 0.11146774142980576 0.05431523546576501
img_763 0.018768275156617165 0.10411669313907623 0.05565410107374192
img_764 0.019529694691300392 0.09680259972810745 0.05538637563586235
img_765 0.01958346553146839 0.08944779634475708 0.055654145777225494
img_766 0.019896427169442177 0.08192417025566101 0.05645737424492836
img_767 0.020388435572385788 0.07447144389152527 0.056725133210420615
img_768 0.020586244761943817 0.06724781543016434 0.057528350502252586
img_769 0.02097686007618904 0.05985060706734657 0.05940267816185953
img_770 0.02092631347477436 0.052366953343153 0.06074126437306406
img_771 0.02145952172577381 0.04534614086151123 0.06154455989599227
img_772 0.021575016900897026 0.03830057382583618 0.06395413726568223
img_773 0.021864240989089012 0.031019238755106926 0.06529293209314348
img_774 0.02192763425409794 0.024090958759188652 0.06743501126766206
img_775 0.02213246375322342 0.016858309507369995 0.06877496838569643
img_776 0.022400235757231712 0.009888031519949436 0.07278753072023393
img_777 0.02253335900604725 0.0027161953039467335 0.07412632554769516
img_778 0.022450292482972145 0.0024031198117882013 0.07492953538894653
img_779 0.022450292482972145 0.0024031198117882013 0.07492953538894653
img_780 0.022450292482972145 0.0024031198117882013 0.07492953538894653
img_781 0.022450292482972145 0.0024031198117882013 0.07492953538894653
img_782 0.022450292482972145 0.0024031198117882013 0.07492953538894653
img_783 0.022450292482972145 0.0024031198117882013 0.07492953538894653
img_784 0.022450292482972145 0.0024031198117882013 0.07492953538894653
