img_0 0.0 0.0 0.0
img_1 0.0 0.0 0.0
img_2 3.534377901814878e-05 6.121720070950687e-05 -0.0002677558222785592
img_3 0.005796656012535095 0.0011003668187186122 -0.0005355128087103368
img_4 0.005796656012535095 0.0011003668187186122 -0.0005355128087103368
img_5 0.012935522012412548 0.0014638069551438093 -0.0008032390614971517
img_6 0.020146381109952927 0.0015804599970579147 9.988434612751008e-08
img_7 0.027391012758016586 0.0016416709404438734 0.0005355508183129132
img_8 0.034777723252773285 0.001951713813468814 0.0016065794043242936
img_9 0.034777723252773285 0.001951713813468814 0.0016065794043242936
img_10 0.042199619114398956 0.0020860701333731413 0.0024098351132124667
img_11 0.049515318125486374 0.002164914272725582 0.002409836975857616
img_12 0.056900754570961 0.002488771453499794 0.0034807687625288968
img_13 0.06413968652486801 0.0026369006372988224 0.0034807715564966206
img_14 0.07139115035533905 0.0025402060709893703 0.004547419026494027
img_15 0.07139115035533905 0.0025402060709893703 0.004547419026494027
img_16 0.07895245403051376 0.0029418724589049816 0.005886108614504338
img_17 0.08616245537996292 0.0031067607924342155 0.005886109545826913
img_18 0.09354902803897858 0.003089024918153882 0.006957059260457755
img_19 0.1009686216711998 0.00338549492880702 0.007760251406580211
img_20 0.1009686216711998 0.00338549492880702 0.007760251406580211
img_21 0.1081789955496788 0.0034414499532431364 0.007760253269225361
img_22 0.1153881847858429 0.0034973956644535065 0.008563441224396229
img_23 0.12284369766712189 0.003744895337149501 0.00829569436609745
img_24 0.1299096643924713 0.004048373084515333 0.008563431911170481
img_25 0.1299096643924713 0.004048373084515333 0.008563431911170481
img_26 0.13740622997283936 0.003745214082300663 0.008831220678985119
img_27 0.14479243755340576 0.003749232506379485 0.009098945185542107
img_28 0.15217794477939606 0.0038776500150561333 0.008563467301428318
img_29 0.15935344994068146 0.0038778744637966156 0.008831242099404335
img_30 0.15935344994068146 0.0038778744637966156 0.008831242099404335
img_31 0.16677722334861755 0.0036985683254897594 0.008831243962049486
img_32 0.17398418486118317 0.004007069859653711 0.008028058335185054
img_33 0.18137288093566895 0.004005155060440302 0.008295872248709204
img_34 0.18844327330589294 0.0036965555045753717 0.0077604497782886046
img_35 0.18844327330589294 0.0036965555045753717 0.0077604497782886046
img_36 0.19600658118724823 0.003755250945687294 0.006689431611448527
img_37 0.20339378714561462 0.003621029667556286 0.00695716217160225
img_38 0.2108915150165558 0.0031833378598093987 0.0072249770164489755
img_39 0.21813352406024933 0.003419268876314163 0.00615424057468772
img_40 0.22541512548923492 0.0032192282378673553 0.004815569147467613
img_41 0.24793098866939545 0.0028848624788224697 0.0029412514995783567
img_42 0.2551416754722595 0.0025387906935065985 0.00294125429354608
img_43 0.2551416754722595 0.0025387906935065985 0.00294125429354608
img_44 0.2551416754722595 0.0025387906935065985 0.00294125429354608
img_45 0.2551416754722595 0.0025387906935065985 0.00294125429354608
img_46 0.2551416754722595 0.0025387906935065985 0.00294125429354608
img_47 0.2626339793205261 0.002560826949775219 0.0016025730874389408
img_48 0.2700217068195343 0.0023889995645731688 0.0010670199990272522
img_49 0.27762091159820557 0.0019685958977788687 0.0013347688363865018
img_50 0.28497210144996643 0.0021008397452533245 0.00026376964524388313
img_51 0.28497210144996643 0.0021008397452533245 0.00026376964524388313
img_52 0.2925353944301605 0.0018579764291644096 -0.0008072075434029103
img_53 0.30023935437202454 0.0014844865072518587 0.0002637224970385432
img_54 0.30769649147987366 0.0013028120156377554 -4.017521860077977e-06
img_55 0.3149770200252533 0.001425212132744491 -0.0021459776908159256
img_56 0.3149770200252533 0.001425212132744491 -0.0021459776908159256
img_57 0.32261040806770325 0.001041529467329383 -0.0013427112717181449
img_58 0.3301030993461609 0.0009090345120057464 -0.0018782194238156082
img_59 0.3376314640045166 0.000956111412961036 -0.0026814881712198266
img_60 0.3451938331127167 0.0006909797666594386 -0.002949225949123502
img_61 0.3451938331127167 0.0006909797666594386 -0.002949225949123502
img_62 0.3524737060070038 0.00042464633588679135 -0.0034847212955355653
img_63 0.35996755957603455 0.0005209765513427556 -0.004020274616777897
img_64 0.3674587309360504 0.0003684431139845401 -0.0045557073317468175
img_65 0.37477436661720276 0.0001514515170129016 -0.004555710125714541
img_66 0.37477436661720276 0.0001514515170129016 -0.004555710125714541
img_67 0.3822677731513977 0.00023974977375473827 -0.005091228522360326
img_68 0.38958263397216797 0.00014129740884527564 -0.005894395522773267
img_69 0.396862268447876 -2.4043722078204155e-05 -0.007233113981783392
img_70 0.4042865037918091 0.00016714545199647546 -0.006429793313145638
img_71 0.4042865037918091 0.00016714545199647546 -0.006429793313145638
img_72 0.41170790791511536 0.00011942618584726006 -0.0072329943068325546
img_73 0.41891685128211975 -5.5153024732135236e-05 -0.0072329952381551274
img_74 0.42641130089759827 0.0001355137792415917 -0.006965240929275752
img_75 0.43344515562057495 0.0001477405894547701 -0.008036294020712376
img_76 0.4407956898212433 8.866780262906104e-05 -0.008304022252559662
img_77 0.4407956898212433 8.866780262906104e-05 -0.008304022252559662
img_78 0.4482888877391815 0.00014887354336678982 -0.007233062293380501
img_79 0.45550188422203064 0.00034161933581344783 -0.008036474697291855
img_80 0.46288663148880005 0.00022106262622401118 -0.007768767885863783
img_81 0.47020262479782104 0.0002254403952974826 -0.006965543609112502
img_82 0.47020262479782104 0.0002254403952974826 -0.006965543609112502
img_83 0.47745227813720703 0.0006035527912899852 -0.00803676899522543
img_84 0.4848729968070984 0.0006663145031780005 -0.007233740761876107
img_85 0.4919436275959015 0.0008600513101555407 -0.0069659729488194
img_86 0.49919116497039795 0.0011156622786074877 -0.007233733311295512
img_87 0.49919116497039795 0.0011156622786074877 -0.007233733311295512
img_88 0.5066487193107605 0.001122932182624936 -0.005894993897527457
img_89 0.5138229727745056 0.0011418506037443876 -0.005627262871712447
img_90 0.5213891267776489 0.0015890143113210797 -0.004288492258638144
img_91 0.5287052392959595 0.0014964184956625104 -0.0034851951058954005
img_92 0.5287052392959595 0.0014964184956625104 -0.0034851951058954005
img_93 0.5359867215156555 0.0017159057315438986 -0.0032174442894756803
img_94 0.5431621670722961 0.002121299970895052 -0.002949712099507451
img_95 0.5504783391952515 0.002160935429856181 -0.0021464568562805657
img_96 0.5577942728996277 0.0022064463701099157 -0.002146455924957991
img_97 0.5577942728996277 0.0022064463701099157 -0.002146455924957991
img_98 0.5654292106628418 0.0024349333252757788 0.0002634075935930014
img_99 0.5727102756500244 0.0025592902675271034 0.0005311743589118124
img_100 0.5798516869544983 0.0024406160227954388 0.001066829776391387
img_101 0.5873767733573914 0.003121814923360944 0.0026728468947112565
img_102 0.5873767733573914 0.003121814923360944 0.0026728468947112565
img_103 0.5946217179298401 0.0033248316030949354 0.0024050944484770302
img_104 0.6019371151924133 0.003281215438619256 0.0032082654070109138
img_105 0.6093937158584595 0.003488782327622175 0.0037437521386891616
img_106 0.6165685057640076 0.0035768626257777214 0.004011519718915225
img_107 0.6165685057640076 0.0035768626257777214 0.004011519718915225
img_108 0.6239914298057556 0.003361775539815426 0.004814768210053444
img_109 0.6313065886497498 0.0035806482192128897 0.004011509008705616
img_110 0.6385157704353333 0.00385444238781929 0.004814791027456524
img_111 0.6457965970039368 0.0036446622107177973 0.0050825085490942
img_112 0.6532534956932068 0.0037437777500599623 0.004814764019101857
img_113 0.6532534956932068 0.0037437777500599623 0.004814764019101857
img_114 0.6606397032737732 0.0038405561354011297 0.004279273096472026
img_115 0.6678508520126343 0.0037489696405828 0.005082602612674237
img_116 0.6753084063529968 0.0036032400093972683 0.004814878571778538
img_117 0.682694137096405 0.0038224514573812485 0.004279378801584243
img_118 0.682694137096405 0.0038224514573812485 0.004279378801584243
img_119 0.6892381906509399 0.0025648779701441526 0.010170030407607557
img_120 0.6892381906509399 0.0025648779701441526 0.010170030407607557
img_121 0.691076934337616 0.002460916992276907 0.016328470781445507
img_122 0.691113293170929 0.002400284865871072 0.016060713678598404
img_123 0.691113293170929 0.002400284865871072 0.016060713678598404
img_124 0.692416787147522 0.004870138131082058 0.00588635914027691
img_125 0.6927270293235779 0.012218711897730827 0.004815257154405117
img_126 0.6924808025360107 0.019318178296089172 0.005618457682430745
img_127 0.6923688650131226 0.02666378766298294 0.006153976079076529
img_128 0.6923688650131226 0.02666378766298294 0.006153976079076529
img_129 0.6921108365058899 0.03413033112883568 0.005350767169147728
img_130 0.6922512054443359 0.040925879031419754 0.005618507973849774
img_131 0.6922792196273804 0.04851708933711052 0.005082995630800724
img_132 0.6922087073326111 0.05543474853038788 0.004547452554106713
img_133 0.6922087073326111 0.05543474853038788 0.004547452554106713
img_134 0.6922810673713684 0.06284163892269135 0.0029410934075713158
img_135 0.6926143765449524 0.06969922035932541 0.0018700342625379562
img_136 0.6927774548530579 0.07698406279087067 -0.00027192011475563055
img_137 0.6927793025970459 0.08384060859680176 -0.00027192011475563055
img_138 0.6929579973220825 0.09112508594989777 -0.0016106397379189732
img_139 0.6929579973220825 0.09112508594989777 -0.0016106397379189732
img_140 0.6930397152900696 0.09798052161931992 -0.0021460892166942362
img_141 0.6933022141456604 0.10502026230096817 -0.0032171569764614105
img_142 0.6932555437088013 0.11248841136693954 -0.004288099706172943
img_143 0.6936393976211548 0.1195874884724617 -0.005359038710594178
img_144 0.6936393976211548 0.1195874884724617 -0.005359038710594178
img_145 0.6936768293380737 0.126566544175148 -0.006965659558773042
img_146 0.6940456628799438 0.13384902477264404 -0.006965657696127892
img_147 0.6942015886306763 0.14101015031337738 -0.008572109043598179
img_148 0.6941590309143066 0.14841783046722412 -0.007768864743411543
img_149 0.6941590309143066 0.14841783046722412 -0.007768864743411543
img_150 0.6941762566566467 0.16317012906074524 -0.007776859216392041
img_151 0.6941762566566467 0.16317012906074524 -0.007776859216392041
img_152 0.6942333579063416 0.17051570117473602 -0.0069736200384795674
img_153 0.6940044164657593 0.17823053896427155 -0.006438125390559435
img_154 0.6940044164657593 0.17823053896427155 -0.006438125390559435
img_155 0.694263756275177 0.18557550013065338 -0.006438123527914287
img_156 0.6942070126533508 0.19322767853736877 -0.006438121665269138
img_157 0.6940787434577942 0.20075960457324982 -0.005099119618535043
img_158 0.6941530704498291 0.20840992033481598 -0.005366818979382516
img_159 0.6941530704498291 0.20840992033481598 -0.005366818979382516
img_160 0.6939811110496521 0.21587924659252167 -0.003760328516364098
img_161 0.6940812468528748 0.22371472418308258 -0.0026893024332821374
img_162 0.6937829852104187 0.2311248779296875 -0.0010823216289281845
img_163 0.6934381127357483 0.23895932734012604 0.0015946466010063889
img_164 0.6934381127357483 0.23895932734012604 0.0015946466010063889
img_165 0.6931428909301758 0.24679385125637054 0.002130104927346111
img_166 0.6933035254478455 0.25432315468788147 0.0032010215800255546
img_167 0.693032443523407 0.2617294490337372 0.004272023681551218
img_168 0.6928936839103699 0.2693817615509033 0.005075364373624325
img_169 0.6927850842475891 0.27684926986694336 0.004004418849945068
img_170 0.6927850842475891 0.27684926986694336 0.004004418849945068
img_171 0.6926138401031494 0.2843162417411804 0.005878483876585961
img_172 0.6924992203712463 0.29178503155708313 0.006414057686924935
img_173 0.6925926804542542 0.29925328493118286 0.006146340630948545
img_174 0.6926539540290833 0.3065391480922699 0.006146340630948545
img_175 0.6926539540290833 0.3065391480922699 0.006146340630948545
img_176 0.6922188997268677 0.3140660226345062 0.007485065609216692
img_177 0.6923419833183289 0.3212294578552246 0.006949562579393388
img_178 0.6922900676727295 0.3286968171596527 0.006146399304270745
img_179 0.6923893094062805 0.3355537950992584 0.005075387656688691
img_180 0.6923893094062805 0.3355537950992584 0.005075387656688691
img_181 0.6924577355384827 0.34296151995658875 0.004272123333066703
img_182 0.6923572421073914 0.3499400317668915 0.0040043648332357415
img_183 0.6925754547119141 0.35722506046295166 0.0029334528371691712
img_184 0.6928025484085083 0.3641434609889984 0.001862408476881683
img_185 0.6928025484085083 0.3641434609889984 0.001862408476881683
img_186 0.6930011510848999 0.37136709690093994 0.0002559565473347903
img_187 0.6928933262825012 0.3784070611000061 -0.0005473116762004793
img_188 0.6932153105735779 0.3855685591697693 -0.00215367740020156
img_189 0.693195104598999 0.3926086723804474 -0.0026891941670328383
img_190 0.693195104598999 0.3926086723804474 -0.0026891941670328383
img_191 0.6934607625007629 0.3994032144546509 -0.0037602391093969345
img_192 0.6935239434242249 0.40680965781211853 -0.0048311674036085606
img_193 0.6937702894210815 0.41390952467918396 -0.0048311674036085606
img_194 0.6940178275108337 0.421254426240921 -0.007240950129926206
img_195 0.6940178275108337 0.421254426240921 -0.007240950129926206
img_196 0.6942804455757141 0.42823147773742676 -0.008044215850532053
img_197 0.6944460272789001 0.43563735485076904 -0.008044212125241756
img_198 0.6941865682601929 0.4429241716861725 -0.008044211193919184
img_199 0.6944916844367981 0.45008620619773865 -0.008312033489346504
img_200 0.6942721009254456 0.4576769173145294 -0.007776684127748013
img_201 0.6942721009254456 0.4576769173145294 -0.007776684127748013
img_202 0.6944696307182312 0.4648992121219635 -0.00724117225036025
img_203 0.6944897174835205 0.4725518524646759 -0.007776714395731688
img_204 0.6944413185119629 0.4799598753452301 -0.006170144770294428
img_205 0.6944182515144348 0.4876730144023895 -0.005634669214487076
img_206 0.6944182515144348 0.4876730144023895 -0.005634669214487076
img_207 0.6942489743232727 0.4952648878097534 -0.004831413738429547
img_208 0.6942862272262573 0.5029772520065308 -0.004831411875784398
img_209 0.6939694881439209 0.51056969165802 -0.0029571503400802612
img_210 0.694098174571991 0.5182214975357056 -0.00215387879870832
img_211 0.694098174571991 0.5182214975357056 -0.00215387879870832
img_212 0.6937256455421448 0.5257518887519836 -1.1863652616739276e-05
img_213 0.6935843825340271 0.5334643721580505 0.0010590389138087632
img_214 0.6934346556663513 0.5411856770515442 0.0021311917807906866
img_215 0.6934187412261963 0.5486466288566589 0.002933648880571127
img_216 0.6934187412261963 0.5486466288566589 0.002933648880571127
img_217 0.6932547688484192 0.5563588738441467 0.004004580900073052
img_218 0.6930834650993347 0.5638267993927002 0.005075611174106599
img_219 0.693079948425293 0.5714786648750305 0.004807869903743268
img_220 0.692902684211731 0.5789464116096497 0.005075625143945218
img_221 0.692902684211731 0.5789464116096497 0.005075625143945218
img_222 0.6927947402000427 0.5862917304039001 0.005611119791865348
img_223 0.692682147026062 0.5937596559524536 0.006146627943962814
img_224 0.6926369667053223 0.6011056900024414 0.006949903909116985
img_225 0.6924088001251221 0.6085103750228882 0.007485332433134319
img_226 0.6924088001251221 0.6085103750228882 0.007485332433134319
img_227 0.6925668120384216 0.6157359480857849 0.006682001985609532
img_228 0.6922707557678223 0.6230182647705078 0.00694973161444068
img_229 0.6925041675567627 0.6301212310791016 0.005610960535705091
img_230 0.6926742792129517 0.6375901103019714 0.004004582762718201
img_231 0.6926742792129517 0.6375901103019714 0.004004582762718201
img_232 0.6927170157432556 0.6445690393447876 0.003469077870249748
img_233 0.6928333044052124 0.6517930626869202 0.002398064825683832
img_234 0.6929580569267273 0.6587786674499512 0.002130059059709311
img_235 0.6929783821105957 0.6658124923706055 0.001059978152625263
img_236 0.6930059790611267 0.673096239566803 0.000792266509961337
img_237 0.6930059790611267 0.673096239566803 0.000792266509961337
img_238 0.69324791431427 0.6800142526626587 -0.001082106726244092
img_239 0.6929367780685425 0.6864417791366577 0.0021306585986167197
img_240 0.692121684551239 0.6874807476997375 0.007485775277018546
img_241 0.692121684551239 0.6874807476997375 0.007485775277018546
img_242 0.692121684551239 0.6874807476997375 0.007485775277018546
img_243 0.692121684551239 0.6874807476997375 0.007485775277018546
img_244 0.6920170187950134 0.6872963309288025 0.008288985118269924
img_245 0.6876426935195923 0.6862805485725403 0.012573062442243101
img_246 0.6803277134895325 0.6861273646354675 0.012573062442243101
img_247 0.6803277134895325 0.6861273646354675 0.012573062442243101
img_248 0.6729786992073059 0.685912549495697 0.012840804643929006
img_249 0.6660192608833313 0.685639500617981 0.012573062442243101
img_250 0.6588442325592041 0.6856105327606201 0.012305303476750854
img_251 0.6513085961341858 0.6855790615081787 0.011501262895762922
img_252 0.6513085961341858 0.6855790615081787 0.011501262895762922
img_253 0.6441797614097595 0.6852524280548096 0.01096630282700062
img_254 0.6367870569229126 0.6853551268577576 0.01069838833063841
img_255 0.6296175718307495 0.6852172613143921 0.010430788621306423
img_256 0.622337818145752 0.6851413249969482 0.01016305573284626
img_257 0.622337818145752 0.6851413249969482 0.01016305573284626
img_258 0.6148089170455933 0.685126006603241 0.00935974158346653
img_259 0.6075611114501953 0.6853642463684082 0.009627486579120161
img_260 0.6001410484313965 0.6851703524589539 0.009627483785152437
img_261 0.5925780534744263 0.6850975155830383 0.00828874297440052
img_262 0.5925780534744263 0.6850975155830383 0.00828874297440052
img_263 0.5852248072624207 0.6852814555168152 0.009359756484627727
img_264 0.5779110193252563 0.6850293278694153 0.00935975369066
img_265 0.5705225467681885 0.6851438283920288 0.00828869454562664
img_266 0.5630620121955872 0.685510516166687 0.010162915103137497
img_267 0.555429995059967 0.6854329705238342 0.010162913240492346
img_268 0.555429995059967 0.6854329705238342 0.010162913240492346
img_269 0.5481824278831482 0.685420572757721 0.009627263993024828
img_270 0.5406167507171631 0.6857150197029114 0.009894978255033495
img_271 0.5330151319503784 0.6859459280967712 0.010430491529405119
img_272 0.5258412957191467 0.685809850692749 0.010966009460389616
img_273 0.5258412957191467 0.685809850692749 0.010966009460389616
img_274 0.518450140953064 0.6861573457717896 0.011501525528728962
img_275 0.5107434988021851 0.6863135695457458 0.012036993168294433
img_276 0.5031793713569641 0.6863449811935425 0.012304736301302912
img_277 0.4958588778972626 0.6866834163665771 0.013107958249747753
img_278 0.4958588778972626 0.6866834163665771 0.013107958249747753
img_279 0.48808223009109497 0.6867039203643799 0.014178993180394176
img_280 0.481012761592865 0.6867260932922363 0.014714481309056284
img_281 0.47358617186546326 0.686984121799469 0.015517726540565492
img_282 0.465876966714859 0.6872317790985107 0.016053203493356708
img_283 0.465876966714859 0.6872317790985107 0.016053203493356708
img_284 0.45109790563583374 0.6873558163642883 0.017927642911672596
img_285 0.45109790563583374 0.6873558163642883 0.017927642911672596
img_286 0.44399017095565796 0.687534511089325 0.018730830401182178
img_287 0.436568021774292 0.6875179409980774 0.020337138324975967
img_288 0.4290623664855957 0.687732994556427 0.02006913535296917
img_289 0.4290623664855957 0.687732994556427 0.02006913535296917
img_290 0.4217461943626404 0.6880143284797668 0.021674109622836113
img_291 0.4142158627510071 0.6880347728729248 0.02167410776019097
img_292 0.4068611264228821 0.6881202459335327 0.022745076566934586
img_293 0.4068611264228821 0.6881202459335327 0.022745076566934586
img_294 0.3994261622428894 0.6881963610649109 0.02354933135211468
img_295 0.3921869993209839 0.6882093548774719 0.023816766217350956
img_296 0.38469013571739197 0.6882756948471069 0.024352295324206356
img_297 0.3772623836994171 0.6884621381759644 0.024352295324206356
img_298 0.3695933520793915 0.6883365511894226 0.024620058014988903
img_299 0.3623794615268707 0.688403844833374 0.025423312559723858
img_300 0.3623794615268707 0.688403844833374 0.025423312559723858
img_301 0.3548737168312073 0.6885806918144226 0.025959247723221782
img_302 0.34756147861480713 0.6885743737220764 0.0251566655933857
img_303 0.34014448523521423 0.6882652640342712 0.025959957391023636
img_304 0.34014448523521423 0.6882652640342712 0.025959957391023636
img_305 0.3328600823879242 0.688321053981781 0.0264954436570406
img_306 0.3252224624156952 0.6883636116981506 0.024888997897505764
img_307 0.3180176019668579 0.6880617737770081 0.025692265480756763
img_308 0.31059226393699646 0.6881158947944641 0.025692265480756763
img_309 0.31059226393699646 0.6881158947944641 0.025692265480756763
img_310 0.30316978693008423 0.6880476474761963 0.024085821583867077
img_311 0.2960326075553894 0.6878756880760193 0.024353569373488433
img_312 0.28832677006721497 0.687810480594635 0.024085806682705883
img_313 0.2810114324092865 0.6876955032348633 0.02247931063175201
img_314 0.2810114324092865 0.6876955032348633 0.02247931063175201
img_315 0.2738739848136902 0.6875350475311279 0.022747058421373374
img_316 0.26627716422080994 0.687300980091095 0.02247925661504269
img_317 0.25917181372642517 0.6873248815536499 0.02087296545505524
img_318 0.25185659527778625 0.6872333884239197 0.02087296545505524
img_319 0.24433134496212006 0.6870150566101074 0.02006970345973969
img_320 0.24433134496212006 0.6870150566101074 0.02006970345973969
img_321 0.23743616044521332 0.6868153810501099 0.02006970159709454
img_322 0.23002208769321442 0.6866665482521057 0.019267149269580845
img_323 0.2226380556821823 0.6864630579948425 0.018999399617314342
img_324 0.2226380556821823 0.6864630579948425 0.018999399617314342
img_325 0.21564441919326782 0.6862077116966248 0.018196225166320804
img_326 0.208255797624588 0.6861345171928406 0.01712492667138577
img_327 0.201046884059906 0.6861334443092346 0.017124924808740612
img_328 0.1938052475452423 0.6858257055282593 0.01658938452601433
img_329 0.1864185482263565 0.6857643723487854 0.01551838219165802
img_330 0.1864185482263565 0.6857643723487854 0.01551838219165802
img_331 0.1864185482263565 0.6857643723487854 0.01551838219165802
img_332 0.1864185482263565 0.6857643723487854 0.01551838219165802
img_333 0.1648920625448227 0.6853652596473694 0.014714077115058899
img_334 0.15775816142559052 0.685382604598999 0.014981585554778578
img_335 0.15775816142559052 0.685382604598999 0.014981585554778578
img_336 0.15030361711978912 0.6850872039794922 0.014446030370891096
img_337 0.1430230438709259 0.6851044297218323 0.01337519008666277
img_338 0.13566400110721588 0.6851285696029663 0.013643183745443824
img_339 0.12835747003555298 0.6848453879356384 0.013643182814121248
img_340 0.12835747003555298 0.6848453879356384 0.013643182814121248
img_341 0.12118300795555115 0.6846862435340881 0.013375381007790564
img_342 0.11400511860847473 0.6850186586380005 0.013107695616781713
img_343 0.10640969127416611 0.6847354173660278 0.012839953415095806
img_344 0.09920193254947662 0.684520423412323 0.013643197715282442
img_345 0.09920193254947662 0.684520423412323 0.013643197715282442
img_346 0.09184610098600388 0.684787392616272 0.013107685372233394
img_347 0.08449330180883408 0.6848134398460388 0.012572148814797403
img_348 0.07703416794538498 0.6849033236503601 0.013643154874444011
img_349 0.06950310617685318 0.685106635093689 0.012839953415095806
img_350 0.06950310617685318 0.685106635093689 0.012839953415095806
img_351 0.062080249190330505 0.6851337552070618 0.012839952483773233
img_352 0.05469369888305664 0.6851001381874084 0.013375429436564445
img_353 0.04697722569108009 0.6853646039962769 0.013107419013977054
img_354 0.0398089699447155 0.6853318214416504 0.013642429374158384
img_355 0.0398089699447155 0.6853318214416504 0.013642429374158384
img_356 0.03245680406689644 0.6853539347648621 0.014713404700160028
img_357 0.024852868169546127 0.6856706142425537 0.014445662498474121
img_358 0.017750084400177002 0.6855067610740662 0.015248963609337807
img_359 0.010113564319908619 0.6856352090835571 0.015248962678015234
img_360 0.003483711276203394 0.6869422197341919 0.00909070111811161
img_361 0.003483711276203394 0.6869422197341919 0.00909070111811161
img_362 0.002248370321467519 0.6867473125457764 0.004003218375146388
img_363 0.002319058170542121 0.6867476105690002 0.004270977340638638
img_364 0.002319058170542121 0.6867476105690002 0.004270977340638638
img_365 0.0008466776926070452 0.6839253306388855 0.015516587533056736
img_366 0.0008466776926070452 0.6839253306388855 0.015516587533056736
img_367 0.0011439897352829576 0.6761547923088074 0.013374643400311474
img_368 0.0014197670388966799 0.6687502861022949 0.011232528835535051
img_369 0.0014703733613714576 0.6610985398292542 0.012303504161536695
img_370 0.0016344559844583273 0.6535086631774902 0.010964658111333845
img_371 0.0016344559844583273 0.6535086631774902 0.010964658111333845
img_372 0.001681667985394597 0.6459797024726868 0.012035580351948736
img_373 0.0018046894110739231 0.638695478439331 0.01096450351178646
img_374 0.0017452090978622437 0.6312258839607239 0.011232255026698114
img_375 0.0017210099613294005 0.6239410638809204 0.01203543692827225
img_376 0.0017210099613294005 0.6239410638809204 0.01203543692827225
img_377 0.0018440147396177053 0.6166577339172363 0.011767701245844368
img_378 0.0018958410946652293 0.609250009059906 0.012035476043820385
img_379 0.001910620485432446 0.6021491289138794 0.01257093995809555
img_380 0.001910620485432446 0.6021491289138794 0.01257093995809555
img_381 0.001910620485432446 0.6021491289138794 0.01257093995809555
img_382 0.0018270250875502825 0.5947399139404297 0.013909773901104929
img_383 0.001714859390631318 0.5803512334823608 0.017122864723205566
img_384 0.0015880409628152847 0.5733088254928589 0.018193768337368965
img_385 0.001502975239418447 0.5663273930549622 0.019800296053290367
img_386 0.001502975239418447 0.5663273930549622 0.019800296053290367
img_387 0.0015046480111777782 0.5591021776199341 0.02087134122848511
img_388 0.0014433229807764292 0.5518682599067688 0.022479534149169922
img_389 0.0013570704031735659 0.5447102189064026 0.024351701140403748
img_390 0.0012810684274882078 0.5376582741737366 0.02622813358902932
img_391 0.0011879706289619207 0.5304386615753174 0.02836752496659756
img_392 0.0011879706289619207 0.5304386615753174 0.02836752496659756
img_393 0.0011773997684940696 0.523328423500061 0.02917145751416684
img_394 0.001142605789937079 0.5160454511642456 0.03104421310126782
img_395 0.00132579798810184 0.5090075731277466 0.03211526200175286
img_396 0.0014125044690445065 0.501906156539917 0.032382991164922714
img_397 0.0014125044690445065 0.501906156539917 0.032382991164922714
img_398 0.0017546522431075573 0.49462199211120605 0.03238298743963242
img_399 0.001884418074041605 0.487344354391098 0.03318550065159798
img_400 0.002028436865657568 0.4798068404197693 0.03398966789245606
img_401 0.0021615433506667614 0.4727759063243866 0.033989664167165756
img_402 0.0021615433506667614 0.4727759063243866 0.033989664167165756
img_403 0.0024155876599252224 0.46530458331108093 0.0347936972975731
img_404 0.0026751519180834293 0.4578474760055542 0.03479369357228279
img_405 0.0029392088763415813 0.45026129484176636 0.035596940666437156
img_406 0.0031674783676862717 0.44285839796066284 0.03506149351596833
img_407 0.0031674783676862717 0.44285839796066284 0.03506149351596833
img_408 0.003462444758042693 0.4354571998119354 0.034793749451637275
img_409 0.0038346117362380028 0.42781323194503784 0.03399046510457993
img_410 0.00412583164870739 0.4202888607978821 0.033722702413797385
img_411 0.0045645530335605145 0.41252511739730835 0.03318722173571587
img_412 0.0045645530335605145 0.41252511739730835 0.03318722173571587
img_413 0.00487487530335784 0.4053081274032593 0.03184850141406059
img_414 0.005191120784729719 0.39760148525238037 0.030509818345308307
img_415 0.0054599023424088955 0.38995322585105896 0.031045384705066684
img_416 0.005840618629008532 0.38224828243255615 0.03077763691544533
img_417 0.005840618629008532 0.38224828243255615 0.03077763691544533
img_418 0.006003533490002155 0.3746598958969116 0.030509917065501217
img_419 0.0063726818189024925 0.3671989440917969 0.02943885885179043
img_420 0.006562701426446438 0.359544575214386 0.029706772416830066
img_421 0.006784392986446619 0.35208410024642944 0.029706770554184914
img_422 0.0070397937670350075 0.34467941522598267 0.02943895198404789
img_423 0.0070397937670350075 0.34467941522598267 0.02943895198404789
img_424 0.0071482048369944096 0.3373965919017792 0.029438950121402744
img_425 0.0074386680498719215 0.3299340605735779 0.029706681147217747
img_426 0.007482037879526615 0.3225250542163849 0.031045410782098777
img_427 0.00757644372060895 0.3149263262748718 0.032117430120706565
img_428 0.00757644372060895 0.3149263262748718 0.032117430120706565
img_429 0.007555251941084862 0.3078888952732086 0.03318740427494049
img_430 0.007724486757069826 0.30065858364105225 0.033723533153533936
img_431 0.007756068836897612 0.29343995451927185 0.03532828018069267
img_432 0.007982366718351841 0.2860364317893982 0.0363992489874363
img_433 0.007982366718351841 0.2860364317893982 0.0363992489874363
img_434 0.007920677773654461 0.2789897322654724 0.03880898281931877
img_435 0.007956101559102535 0.2717011272907257 0.040683183819055564
img_436 0.007909663952887058 0.26502150297164917 0.04309280961751939
img_437 0.007976311258971691 0.25773298740386963 0.0441637970507145
img_438 0.007976311258971691 0.25773298740386963 0.0441637970507145
img_439 0.008159401826560497 0.25038766860961914 0.04603813216090203
img_440 0.008029934950172901 0.2432055026292801 0.048718001693487174
img_441 0.008093278855085373 0.23610563576221466 0.051660545170307166
img_442 0.007991615682840347 0.22917282581329346 0.05433840304613113
img_443 0.007991615682840347 0.22917282581329346 0.05433840304613113
img_444 0.00846113171428442 0.22184212505817413 0.054606132209300995
img_445 0.00870754849165678 0.21474362909793854 0.0556771792471409
img_446 0.008865905925631523 0.20745673775672913 0.057551357895135886
img_447 0.008985030464828014 0.20047371089458466 0.058890048414468765
img_448 0.008985030464828014 0.20047371089458466 0.058890048414468765
img_449 0.009266168810427189 0.1927030086517334 0.061031870543956764
img_450 0.00948017556220293 0.18572388589382172 0.061835180968046174
img_451 0.009824490174651146 0.17844702303409576 0.06344157457351685
img_452 0.010211893357336521 0.17123384773731232 0.06397705525159836
img_453 0.010211893357336521 0.17123384773731232 0.06397705525159836
img_454 0.010587501339614391 0.1637123078107834 0.06397705525159836
img_455 0.011081153526902199 0.15600675344467163 0.06478115171194077
img_456 0.01140737533569336 0.14879633486270905 0.06585109978914262
img_457 0.011875657364726067 0.14115826785564423 0.06611885875463486
img_458 0.01221181359142065 0.13394209742546082 0.06638657301664354
img_459 0.01221181359142065 0.13394209742546082 0.06638657301664354
img_460 0.012887620367109776 0.12644098699092865 0.06585108488798141
img_461 0.013512024655938148 0.11912085115909576 0.06478016078472136
img_462 0.01597413793206215 0.08106310665607452 0.06504752486944199
img_463 0.01597413793206215 0.08106310665607452 0.06504752486944199
img_464 0.01597413793206215 0.08106310665607452 0.06504752486944199
img_465 0.01597413793206215 0.08106310665607452 0.06504752486944199
img_466 0.016255948692560196 0.07347437739372253 0.06665407121181488
img_467 0.016255948692560196 0.07347437739372253 0.06665407121181488
img_468 0.016255948692560196 0.07347437739372253 0.06665407121181488
img_469 0.016255948692560196 0.07347437739372253 0.06665407121181488
img_470 0.016823897138237953 0.06602741032838821 0.06611857563257217
img_471 0.017136946320533752 0.05862508341670036 0.0666540563106537
img_472 0.01776045747101307 0.050876155495643616 0.0674571841955185
img_473 0.018044069409370422 0.043531857430934906 0.06826052069664001
img_474 0.018044069409370422 0.043531857430934906 0.06826052069664001
img_475 0.018232017755508423 0.036117345094680786 0.06986765563488008
img_476 0.018744664266705513 0.028791870921850204 0.06906467676162718
img_477 0.019088244065642357 0.02126234397292137 0.07201216369867325
img_478 0.019515102729201317 0.013872488401830196 0.07281479239463808
img_479 0.019515102729201317 0.013872488401830196 0.07281479239463808
img_480 0.019608711823821068 0.00675959512591362 0.07522448152303696
img_481 0.020654140040278435 0.0008833813481032848 0.0714758411049843
img_482 0.021399058401584625 -0.00010773411486297846 0.06557904183864594
img_483 0.021399058401584625 -0.00010773411486297846 0.06557904183864594
img_484 0.021399058401584625 -0.00010773411486297846 0.06557904183864594
img_485 0.021399058401584625 -0.00010773411486297846 0.06557904183864594
img_486 0.021649077534675598 0.00039941916475072503 0.06343725323677064
img_487 0.025820476934313774 0.001093895873054862 0.05647373571991921
img_488 0.03312281519174576 0.0014454566407948732 0.057276386767625816
img_489 0.047592680901288986 0.0016039670445024967 0.05781334638595583
img_490 0.047592680901288986 0.0016039670445024967 0.05781334638595583
img_491 0.06241590902209282 0.0017952279886230826 0.05968766659498216
img_492 0.06241590902209282 0.0017952279886230826 0.05968766659498216
img_493 0.06964480131864548 0.002288542687892914 0.060223177075386054
img_494 0.06964480131864548 0.002288542687892914 0.060223177075386054
img_495 0.07701307535171509 0.0022421523462980986 0.06156206876039507
img_496 0.07701307535171509 0.0022421523462980986 0.06156206876039507
img_497 0.08420807868242264 0.0022558732889592648 0.06263419985771179
img_498 0.09171713143587112 0.002665542298927903 0.0634365901350975
img_499 0.09878693521022797 0.002869275165721774 0.06450757384300232
img_500 0.09878693521022797 0.002869275165721774 0.06450757384300232
img_501 0.10618497431278229 0.002917815698310733 0.0655784457921982
img_502 0.11342675983905792 0.0032093587797135115 0.06691719591617584
img_503 0.12079467624425888 0.003212291980162263 0.06745271384716035
img_504 0.1279429793357849 0.003327038837596774 0.0671849474310875
img_505 0.1279429793357849 0.003327038837596774 0.0671849474310875
img_506 0.13525444269180298 0.003634945023804903 0.06879136711359024
img_507 0.14275500178337097 0.0037835524417459965 0.0690591335296631
img_508 0.14989429712295532 0.004031917545944452 0.06879138201475145
img_509 0.15739424526691437 0.004180512856692076 0.06986234337091446
img_510 0.164611354470253 0.0043173921294510365 0.06986234337091446
img_511 0.164611354470253 0.0043173921294510365 0.06986234337091446
img_512 0.17190828919410706 0.004704842809587717 0.06771283596754075
img_513 0.1793913096189499 0.004723140504211187 0.06958068162202834
img_514 0.1793913096189499 0.004723140504211187 0.06958068162202834
img_515 0.1793913096189499 0.004723140504211187 0.06958068162202834
img_516 0.19370317459106445 0.0047406768426299095 0.06904521584510805
img_517 0.20088991522789001 0.004808163270354271 0.06931295245885849
img_518 0.20844624936580658 0.0046577854081988335 0.06850973516702653
img_519 0.21553225815296173 0.004653095733374357 0.06877750158309938
img_520 0.22305788099765778 0.004435162525624037 0.06904526054859161
img_521 0.22305788099765778 0.004435162525624037 0.06904526054859161
img_522 0.23024512827396393 0.004502654075622559 0.06850975006818771
img_523 0.23758983612060547 0.004331689327955246 0.06850975006818771
img_524 0.24508415162563324 0.00404825434088707 0.06743875890970231
img_525 0.2522711157798767 0.004104196093976498 0.06770650297403338
img_526 0.2599543333053589 0.003643447533249855 0.0685097873210907
img_527 0.26695504784584045 0.003326139412820339 0.067974291741848
img_528 0.26695504784584045 0.003326139412820339 0.067974291741848
img_529 0.2744792401790619 0.003224216401576996 0.06743828207254407
img_530 0.2822537422180176 0.003381558693945408 0.06717081367969514
img_531 0.2822537422180176 0.003381558693945408 0.06717081367969514
img_532 0.2896251976490021 0.0029558471869677305 0.06636644154787064
img_533 0.29692018032073975 0.0028280518017709255 0.06663381308317186
img_534 0.3044145703315735 0.0025305338203907013 0.06636604666709903
img_535 0.31180617213249207 0.00216293940320611 0.06449189782142642
img_536 0.31180617213249207 0.00216293940320611 0.06449189782142642
img_537 0.3196687698364258 0.0023022303357720375 0.06529607623815538
img_538 0.3273486793041229 0.002252947771921754 0.06422635167837143
img_539 0.33462268114089966 0.0020459694787859917 0.062351994216442115
img_540 0.34224802255630493 0.0018474084790796041 0.06342291086912155
img_541 0.34224802255630493 0.0018474084790796041 0.06342291086912155
img_542 0.3498041033744812 0.0016525069950148463 0.061816312372684486
img_543 0.35721033811569214 0.001558947958983481 0.06208404898643494
img_544 0.36467546224594116 0.0011638469295576215 0.06369145959615709
img_545 0.3718663454055786 0.0005189618677832186 0.06262106448411943
img_546 0.3718663454055786 0.0005189618677832186 0.06262106448411943
img_547 0.37954846024513245 0.0005712509737350047 0.06154993921518327
img_548 0.3870721459388733 0.0008509578183293343 0.06154993921518327
img_549 0.3945258855819702 0.0005742735229432583 0.0599433146417141
img_550 0.4020029902458191 0.00047107020509429276 0.05967555940151216
img_551 0.4020029902458191 0.00047107020509429276 0.05967555940151216
img_552 0.4094083905220032 0.0004838754248339683 0.05913960188627244
img_553 0.41677600145339966 0.0003074582782573998 0.058069631457328796
img_554 0.424174427986145 0.0004307028139010072 0.05914156138896943
img_555 0.4315044581890106 0.0003132422571070492 0.058338940143585205
img_556 0.4387623071670532 0.00030790423625148833 0.057267960160970695
img_557 0.4387623071670532 0.00030790423625148833 0.057267960160970695
img_558 0.44594311714172363 0.0004129838780499995 0.058339022099971785
img_559 0.4532473087310791 0.00022636647918261588 0.05700023472309113
img_560 0.46067067980766296 0.0004047154216095805 0.057803425937891006
img_561 0.46067067980766296 0.0004047154216095805 0.057803425937891006
img_562 0.46806982159614563 0.000403657671995461 0.058071181178092963
img_563 0.47522610425949097 0.0003291032917331904 0.05780340731143953
img_564 0.4824042022228241 0.00043798802653327584 0.05887407809495927
img_565 0.48968786001205444 0.0006219734204933047 0.059141874313354506
img_566 0.49673447012901306 0.0006099285092204809 0.058874111622571945
img_567 0.49673447012901306 0.0006099285092204809 0.058874111622571945
img_568 0.5042032599449158 0.0006209511193446815 0.06021270900964737
img_569 0.5114706158638 0.0010590676683932543 0.05967721715569497
img_570 0.5187292695045471 0.0010634432546794415 0.06021277233958246
img_571 0.5260819792747498 0.0012613983126357198 0.06155150756239891
img_572 0.5260819792747498 0.0012613983126357198 0.06155150756239891
img_573 0.5329408645629883 0.0014387693954631686 0.06181927025318147
img_574 0.5406454801559448 0.001670357189141214 0.0628901943564415
img_575 0.5479656457901001 0.0018246715189889073 0.0636933743953705
img_576 0.555035412311554 0.0020302198827266693 0.06476435810327531
img_577 0.555035412311554 0.0020302198827266693 0.06476435810327531
img_578 0.5626382231712341 0.0022165696136653423 0.06422884762287141
img_579 0.5698414444923401 0.0025571726728230715 0.06583540886640551
img_580 0.5769975781440735 0.002538184402510524 0.06717417389154434
img_581 0.5845610499382019 0.002801580121740699 0.06770972162485124
img_582 0.5918943285942078 0.0032988761086016893 0.06824513524770735
img_583 0.5918943285942078 0.0032988761086016893 0.06824513524770735
img_584 0.5992003679275513 0.0031846165657043457 0.06851290166378023
img_585 0.6064180135726929 0.003311763284727931 0.07011928409337999
img_586 0.6137686371803284 0.003582557663321495 0.06985152512788774
img_587 0.621269166469574 0.0037391195073723793 0.07011929154396059
img_588 0.621269166469574 0.0037391195073723793 0.07011929154396059
img_589 0.6284728050231934 0.003570080501958728 0.07119020819664003
img_590 0.6356819272041321 0.0038386820815503597 0.07119021564722061
img_591 0.6434948444366455 0.004088964778929949 0.07145796716213226
img_592 0.6506902575492859 0.004051676951348782 0.07172570377588272
img_593 0.6506902575492859 0.004051676951348782 0.07172570377588272
img_594 0.6579031944274902 0.0037720901891589165 0.07199344784021379
img_595 0.6654646992683411 0.004071909002959728 0.07011917978525163
img_596 0.6725725531578064 0.004264294169843197 0.07092242687940599
img_597 0.679966390132904 0.003930354490876198 0.07065466791391373
img_598 0.679966390132904 0.003930354490876198 0.07065466791391373
img_599 0.6873736381530762 0.003902255091816187 0.07011916488409044
img_600 0.6948032379150391 0.004055864177644253 0.06931590288877489
img_601 0.7023995518684387 0.0039689200930297375 0.06985201686620712
img_602 0.7096342444419861 0.0037396259140223265 0.06904976069927217
img_603 0.7096342444419861 0.0037396259140223265 0.06904976069927217
img_604 0.7096937298774719 0.0044209156185388565 0.06743804365396501
img_605 0.7097330093383789 0.004362411331385374 0.06797180324792862
img_606 0.7097330093383789 0.004362411331385374 0.06797180324792862
img_607 0.7094969153404236 0.004713843576610088 0.0695755109190941
img_608 0.7094969153404236 0.004713843576610088 0.0695755109190941
img_609 0.708743691444397 0.01196351833641529 0.07064647972583771
img_610 0.7082956433296204 0.019296392798423767 0.07091424614191057
img_611 0.7078679203987122 0.026814155280590057 0.07011103630065918
img_612 0.7077058553695679 0.03416657820343971 0.0682368353009224
img_613 0.7077058553695679 0.03416657820343971 0.0682368353009224
img_614 0.7073222994804382 0.04133797809481621 0.06662616133689882
img_615 0.707146942615509 0.04873194545507431 0.06422223150730133
img_616 0.7068949937820435 0.05595342442393303 0.06261589378118516
img_617 0.7067328095436096 0.06305819749832153 0.06127715483307839
img_618 0.7062889933586121 0.07029186189174652 0.060471259057521834
img_619 0.7062889933586121 0.07029186189174652 0.060471259057521834
img_620 0.7060019373893738 0.0773644670844078 0.05860335007309914
img_621 0.7058365941047668 0.08440682291984558 0.055925801396369934
img_622 0.705439567565918 0.09149901568889618 0.05512229725718499
img_623 0.7056061625480652 0.09874045103788376 0.052445616573095315
img_624 0.7056061625480652 0.09874045103788376 0.052445616573095315
img_625 0.7054905891418457 0.10566142946481705 0.05057133361697198
img_626 0.7055169343948364 0.11286007612943649 0.046809304505586624
img_627 0.7052562236785889 0.11993082612752914 0.04627575352787972
img_628 0.7052596211433411 0.12673328816890717 0.043062724173069014
img_629 0.7052637934684753 0.1340274065732956 0.04225920140743256
img_630 0.7051705121994019 0.14125077426433563 0.039850324392318726
img_631 0.7051705121994019 0.14125077426433563 0.039850324392318726
img_632 0.7050995230674744 0.14835472404956818 0.038243804126977934
img_633 0.7051105499267578 0.15546125173568726 0.036905080080032356
img_634 0.7051105499267578 0.15546125173568726 0.036905080080032356
img_635 0.7050183415412903 0.1627480685710907 0.035566225647926324
img_636 0.7047946453094482 0.17002840340137482 0.03529851511120796
img_637 0.7047848105430603 0.17731741070747375 0.03342423588037491
img_638 0.7045685052871704 0.18484419584274292 0.032353200018405914
img_639 0.7045685052871704 0.18484419584274292 0.032353200018405914
img_640 0.7041935324668884 0.19205965101718903 0.03342425078153611
img_641 0.7040811777114868 0.19965043663978577 0.03315651789307594
img_642 0.7038668990135193 0.20717619359493256 0.03208563849329949
img_643 0.7036901116371155 0.21488848328590393 0.032353416085243225
img_644 0.7033445239067078 0.22228845953941345 0.032353416085243225
img_645 0.7029537558555603 0.2299928218126297 0.031817935407161727
img_646 0.7029537558555603 0.2299928218126297 0.031817935407161727
img_647 0.7028241157531738 0.23739904165267944 0.031817935407161727
img_648 0.7026121616363525 0.2451699674129486 0.03315657004714013
img_649 0.7021525502204895 0.2526284158229828 0.03315657377243043
img_650 0.7021525502204895 0.2526284158229828 0.03315657377243043
img_651 0.7016308307647705 0.2681676149368286 0.03476297855377198
img_652 0.7016308307647705 0.2681676149368286 0.03476297855377198
img_653 0.7013006210327148 0.275628924369812 0.03449523076415062
img_654 0.7010303735733032 0.2834598422050476 0.034495234489440925
img_655 0.7010303735733032 0.2834598422050476 0.034495234489440925
img_656 0.7007021307945251 0.2909216284751892 0.03503075987100601
img_657 0.7005443572998047 0.2984514832496643 0.03503076359629632
img_658 0.7000752091407776 0.3057841360569 0.03583387285470963
img_659 0.6997701525688171 0.31330788135528564 0.03610163554549218
img_660 0.6997701525688171 0.31330788135528564 0.03610163554549218
img_661 0.699604332447052 0.3208364248275757 0.03529837727546691
img_662 0.6993076205253601 0.32823729515075684 0.035566113889217384
img_663 0.6992871165275574 0.3357711732387543 0.033691797405481345
img_664 0.6991518139839172 0.3429323136806488 0.03288861736655235
img_665 0.6991518139839172 0.3429323136806488 0.03288861736655235
img_666 0.699159562587738 0.35022249817848206 0.03181742876768112
img_667 0.6987923979759216 0.3573145866394043 0.032085146754980094
img_668 0.6987353563308716 0.3646014928817749 0.030746344476938248
img_669 0.6986545920372009 0.3718249499797821 0.029675483703613288
img_670 0.6986545920372009 0.3718249499797821 0.029675483703613288
img_671 0.6984103918075562 0.3788606822490692 0.028336724266409867
img_672 0.6986331343650818 0.3859713077545166 0.02753343060612679
img_673 0.698578953742981 0.3930738866329193 0.02565908804535866
img_674 0.698746919631958 0.40030330419540405 0.022981861606240273
img_675 0.6986232995986938 0.40721970796585083 0.02271411009132862
img_676 0.6986232995986938 0.40721970796585083 0.02271411009132862
img_677 0.6987786293029785 0.4143869876861572 0.020304484292864803
img_678 0.6987417340278625 0.42142772674560547 0.01950121298432351
img_679 0.698885977268219 0.42853406071662903 0.01735887676477433
img_680 0.6989404559135437 0.43557536602020264 0.016020229086279873
img_681 0.6989404559135437 0.43557536602020264 0.016020229086279873
img_682 0.6989660859107971 0.442799836397171 0.01414606906473637
img_683 0.699253499507904 0.44996705651283264 0.012807287275791173
img_684 0.6991609930992126 0.45718929171562195 0.012807289138436321
img_685 0.6992428302764893 0.46459800004959106 0.011468553915619854
img_686 0.6992428302764893 0.46459800004959106 0.011468553915619854
img_687 0.6990185976028442 0.47182026505470276 0.011736336164176466
img_688 0.6990362405776978 0.47935011982917786 0.010933129116892816
img_689 0.6989226341247559 0.4865110218524933 0.011200861074030403
img_690 0.698839008808136 0.4939788281917572 0.010397618636488914
img_691 0.698839008808136 0.4939788281917572 0.010397618636488914
img_692 0.6987279057502747 0.5012636780738831 0.011468755081295969
img_693 0.6987462043762207 0.5089186429977417 0.01066527236253023
img_694 0.6985239386558533 0.5165049433708191 0.010932935401797293
img_695 0.6984755992889404 0.5241562128067017 0.012271576561033727
img_696 0.6984755992889404 0.5241562128067017 0.012271576561033727
img_697 0.6983463764190674 0.5318076014518738 0.011736046522855762
img_698 0.6980438232421875 0.5395177602767944 0.014145793393254284
img_699 0.6977950930595398 0.5471048951148987 0.014413515105843544
img_700 0.6976494789123535 0.5547561049461365 0.015484587289392953
img_701 0.6976494789123535 0.5547561049461365 0.015484587289392953
img_702 0.6972492337226868 0.5623413324356079 0.01602006889879704
img_703 0.697160005569458 0.5701160430908203 0.01735894195735455
img_704 0.6968504786491394 0.577763557434082 0.017894428223371506
img_705 0.6968560218811035 0.5853553414344788 0.01842990517616272
img_706 0.6968560218811035 0.5853553414344788 0.01842990517616272
img_707 0.6964699029922485 0.5928788185119629 0.01869764737784863
img_708 0.6963644623756409 0.6004078984260559 0.019233163446187973
img_709 0.6960111856460571 0.6077483296394348 0.020036414265632633
img_710 0.695966362953186 0.6152788996696472 0.019233120605349544
img_711 0.6957862377166748 0.6228062510490417 0.020304108038544655
img_712 0.6957862377166748 0.6228062510490417 0.020304108038544655
img_713 0.6957493424415588 0.6298465132713318 0.01950088702142239
img_714 0.69553542137146 0.6371889710426331 0.019233163446187973
img_715 0.6955354809761047 0.6445368528366089 0.018965395167469982
img_716 0.6954963803291321 0.652188777923584 0.018162220716476444
img_717 0.6954963803291321 0.652188777923584 0.018162220716476444
img_718 0.6953696608543396 0.6591666340827942 0.017358923330903057
img_719 0.6953834891319275 0.6665135622024536 0.015484761446714401
img_720 0.6954168081283569 0.6734939813613892 0.015216994099318978
img_721 0.695625901222229 0.6806610822677612 0.013610309921205047
img_722 0.695625901222229 0.6806610822677612 0.013610309921205047
img_723 0.6956015825271606 0.6876391172409058 0.013074878603219988
img_724 0.6962337493896484 0.6906469464302063 0.007988047786056997
img_725 0.6962337493896484 0.6906469464302063 0.007988047786056997
img_726 0.6962337493896484 0.6906469464302063 0.007988047786056997
img_727 0.6946774125099182 0.6906344890594482 0.002092706505209208
img_728 0.6946774125099182 0.6906344890594482 0.002092706505209208
img_729 0.6664782762527466 0.6908851861953735 -0.007540914695709945
img_730 0.6664782762527466 0.6908851861953735 -0.007540914695709945
img_731 0.6664782762527466 0.6908851861953735 -0.007540914695709945
img_732 0.659195065498352 0.6905727982521057 -0.008611916564404964
img_733 0.6520905494689941 0.6905727386474609 -0.009415202774107458
img_734 0.6520905494689941 0.6905727386474609 -0.009415202774107458
img_735 0.644808828830719 0.6903964281082153 -0.008879770524799824
img_736 0.644808828830719 0.6903964281082153 -0.008879770524799824
img_737 0.637311577796936 0.6899732351303101 -0.01075414288789034
img_738 0.630101203918457 0.6899283528327942 -0.011557340621948244
img_739 0.6226417422294617 0.6898308992385864 -0.012092875316739084
img_740 0.6155346035957336 0.6896107196807861 -0.012092877179384233
img_741 0.6085546612739563 0.6896337866783142 -0.012361289933323862
img_742 0.6085546612739563 0.6896337866783142 -0.012361289933323862
img_743 0.6010117530822754 0.6898491978645325 -0.012895487248897554
img_744 0.5936189293861389 0.6893935799598694 -0.013966433703899384
img_745 0.5863005518913269 0.6894345283508301 -0.014769926667213443
img_746 0.5787733197212219 0.689362108707428 -0.015572885051369669
img_747 0.5787733197212219 0.689362108707428 -0.015572885051369669
img_748 0.5713123083114624 0.6891722083091736 -0.015305141918361189
img_749 0.5642420053482056 0.6891579627990723 -0.01637624576687813
img_750 0.5566065907478333 0.689283013343811 -0.01717974990606308
img_751 0.5493212938308716 0.6891632080078125 -0.016644138842821125
img_752 0.5493212938308716 0.6891632080078125 -0.016644138842821125
img_753 0.5419056415557861 0.6894090175628662 -0.016644140705466274
img_754 0.5346245169639587 0.6894077658653259 -0.017715064808726314
img_755 0.5271667242050171 0.6894786357879639 -0.015840694308280945
img_756 0.519710123538971 0.6895355582237244 -0.017179304733872417
img_757 0.519710123538971 0.6895355582237244 -0.017179304733872417
img_758 0.5124989151954651 0.689536988735199 -0.017179306596517566
img_759 0.5050056576728821 0.6895433068275452 -0.01584063842892647
img_760 0.49744361639022827 0.6896631121635437 -0.016376109793782234
img_761 0.49026647210121155 0.689596951007843 -0.016643879935145378
img_762 0.49026647210121155 0.689596951007843 -0.016643879935145378
img_763 0.4828451871871948 0.6897204518318176 -0.013430759310722351
img_764 0.47538796067237854 0.689759373664856 -0.013966237194836141
img_765 0.4679674208164215 0.6898630261421204 -0.013163069263100624
img_766 0.4604388475418091 0.6899009346961975 -0.012359778396785263
img_767 0.4604388475418091 0.6899009346961975 -0.012359778396785263
img_768 0.45294511318206787 0.6901160478591919 -0.011824055574834347
img_769 0.4458089768886566 0.6902004480361938 -0.011556402780115604
img_770 0.43824389576911926 0.6904103755950928 -0.010484890080988407
img_771 0.43086329102516174 0.6906713247299194 -0.008343972265720367
img_772 0.4235125184059143 0.690855085849762 -0.00807619467377663
img_773 0.4235125184059143 0.690855085849762 -0.00807619467377663
img_774 0.4160905182361603 0.6907926201820374 -0.008076195605099201
img_775 0.4085635244846344 0.6909146308898926 -0.006469763815402986
img_776 0.401496022939682 0.6912052631378174 -0.003524251282215119
img_777 0.39386218786239624 0.6912321448326111 -0.0035242531448602685
img_778 0.39386218786239624 0.6912321448326111 -0.0035242531448602685
img_779 0.38622811436653137 0.6912590265274048 -0.0027210004627704625
img_780 0.37877124547958374 0.6913405060768127 -0.003256477415561676
img_781 0.37138476967811584 0.691548228263855 -0.0019176544155925508
img_782 0.36388593912124634 0.6915625929832458 0.00022609368897974497
img_783 0.36388593912124634 0.6915625929832458 0.00022609368897974497
img_784 0.3565045893192291 0.6917444467544556 -4.146117134951056e-05
img_785 0.34915435314178467 0.6914999485015869 -0.0005768821574747562
img_786 0.3413790166378021 0.6917492747306824 0.0012973728589713578
img_787 0.3337778151035309 0.6918006539344788 0.0010295376414433124
img_788 0.3337778151035309 0.6918006539344788 0.0010295376414433124
img_789 0.32649946212768555 0.6919155716896057 0.0007618750096298754
img_790 0.319074422121048 0.6920323967933655 0.0015654402086511256
img_791 0.3115141689777374 0.6921429634094238 0.0010301765287294984
img_792 0.3041631877422333 0.6921353936195374 0.001297911396250129
img_793 0.3041631877422333 0.6921353936195374 0.001297911396250129
img_794 0.2966352701187134 0.6920644044876099 0.0012979104649275541
img_795 0.28910642862319946 0.6923607587814331 0.0012979086022824051
img_796 0.2819320261478424 0.6921678185462952 0.0018334081396460535
img_797 0.27443960309028625 0.6920316219329834 0.0015656586037948728
img_798 0.27443960309028625 0.6920316219329834 0.0015656586037948728
img_799 0.2670884132385254 0.6921425461769104 0.001833396498113871
img_800 0.25977271795272827 0.6920679211616516 0.0010301659349352124
img_801 0.25224441289901733 0.6918765306472778 0.001030164072290063
img_802 0.24503442645072937 0.6919915080070496 0.0010301603469997647
img_803 0.23782333731651306 0.6921065449714661 0.001030156621709466
img_804 0.23782333731651306 0.6921065449714661 0.001030156621709466
img_805 0.23022648692131042 0.6917927265167236 -4.062533844262362e-05
img_806 0.22294528782367706 0.6917930245399475 0.0004949127906002105
img_807 0.2158416211605072 0.6917282938957214 0.0004949109279550613
img_808 0.20852485299110413 0.6915410161018372 -0.0003084353520534933
img_809 0.20852485299110413 0.6915410161018372 -0.0003084353520534933
img_810 0.20120933651924133 0.6913596391677856 -0.0003084334894083441
img_811 0.18714280426502228 0.6912528872489929 -0.0021826701704412703
img_812 0.17982664704322815 0.6910852193832397 -0.0013794456608593468
img_813 0.17236930131912231 0.6911567449569702 -0.002718209987506271
img_814 0.17236930131912231 0.6911567449569702 -0.002718209987506271
img_815 0.16526490449905396 0.6908699870109558 -0.003521422157064081
img_816 0.16526490449905396 0.6908699870109558 -0.003521422157064081
img_817 0.15794751048088074 0.6905896663665771 -0.0035214230883866553
img_818 0.150560200214386 0.6905544400215149 -0.004592491313815117
img_819 0.150560200214386 0.6905544400215149 -0.004592491313815117
img_820 0.14359718561172485 0.6904028058052063 -0.004860230255872013
img_821 0.13631540536880493 0.6901933550834656 -0.005127981770783663
img_822 0.12889373302459717 0.690231442451477 -0.0059312060475349435
img_823 0.12189406156539917 0.6900280714035034 -0.0067345062270760545
img_824 0.12189406156539917 0.6900280714035034 -0.0067345062270760545
img_825 0.11443585902452469 0.6897722482681274 -0.007269928697496653
img_826 0.10722479969263077 0.6897022128105164 -0.008073223754763603
img_827 0.09983653575181961 0.6895781755447388 -0.008340988308191298
img_828 0.09244754165410995 0.6893337368965149 -0.009411992505192758
img_829 0.09244754165410995 0.6893337368965149 -0.009411992505192758
img_830 0.0850926861166954 0.6894029378890991 -0.00994777213782072
img_831 0.07799247652292252 0.6894124150276184 -0.010750571265816689
img_832 0.07042521983385086 0.6891264319419861 -0.01128609757870436
img_833 0.06318038702011108 0.6891469955444336 -0.011821541003882887
img_834 0.055899787694215775 0.6892330646514893 -0.012892608530819418
img_835 0.055899787694215775 0.6892330646514893 -0.012892608530819418
img_836 0.048685189336538315 0.6892035603523254 -0.013696264475584032
img_837 0.04115982726216316 0.6891230940818787 -0.012893497012555603
img_838 0.03366560488939285 0.6890972852706909 -0.013964574784040453
img_839 0.026485564187169075 0.6887689828872681 -0.014232331886887547
img_840 0.026485564187169075 0.6887689828872681 -0.014232331886887547
img_841 0.019099213182926178 0.6888129115104675 -0.013696864247322088
img_842 0.011502522975206375 0.6889781951904297 -0.014767793007195
img_843 0.008771230466663837 0.6883450150489807 0.00022749416530132296
img_844 0.00880658533424139 0.6882838010787964 -4.024239024147392e-05
img_845 0.00880658533424139 0.6882838010787964 -4.024239024147392e-05
img_846 0.00880658533424139 0.6882838010787964 -4.024239024147392e-05
img_847 0.00880658533424139 0.6882838010787964 -4.024239024147392e-05
img_848 0.009230699390172958 0.6875491738319397 -0.0024501511361449957
img_849 0.00928278174251318 0.6799588203430176 -0.004591995850205422
img_850 0.00928278174251318 0.6799588203430176 -0.004591995850205422
img_851 0.008937968872487545 0.6651460528373718 -0.003253255505114794
img_852 0.008667241781949997 0.6579839587211609 -0.001378825167194009
img_853 0.008667241781949997 0.6579839587211609 -0.001378825167194009
img_854 0.0087279649451375 0.6507605910301208 -0.0019143122481182218
img_855 0.00853754486888647 0.6435989141464233 -0.0005756070604547858
img_856 0.00853754486888647 0.6435989141464233 -0.0005756070604547858
img_857 0.00839201919734478 0.6363757848739624 0.0004953511524945498
img_858 0.00828947126865387 0.6293355822563171 0.0012986358487978578
img_859 0.008157329633831978 0.6222348809242249 0.002369558904320002
img_860 0.008157329633831978 0.6222348809242249 0.002369558904320002
img_861 0.007926900871098042 0.6150721311569214 0.0034405495971441273
img_862 0.0078099630773067474 0.6079708337783813 0.006117988843470812
img_863 0.007747750263661146 0.6008077263832092 0.005314702168107033
img_864 0.007747750263661146 0.6008077263832092 0.005314702168107033
img_865 0.007351892068982124 0.5864802002906799 0.00906329415738583
img_866 0.007201413623988628 0.5578897595405579 0.013346988707780838
img_867 0.007263327948749065 0.5506017208099365 0.013614867813885212
img_868 0.007263327948749065 0.5506017208099365 0.013614867813885212
img_869 0.007263327948749065 0.5506017208099365 0.013614867813885212
img_870 0.007263327948749065 0.5506017208099365 0.013614867813885212
img_871 0.007263327948749065 0.5506017208099365 0.013614867813885212
img_872 0.007151346653699875 0.5432567596435547 0.014417775906622412
img_873 0.007295225281268358 0.5357292890548706 0.014150052331387997
img_874 0.007185391150414944 0.5285031795501709 0.01575662195682526
img_875 0.007185391150414944 0.5285031795501709 0.01575662195682526
img_876 0.007549485191702843 0.5211005210876465 0.014685564674437048
img_877 0.007410882972180843 0.5136905312538147 0.01575656421482563
img_878 0.007740539498627186 0.5062274932861328 0.014150281436741352
img_879 0.007666913326829672 0.4989405572414398 0.013882509432733057
img_880 0.008056703954935074 0.4912320375442505 0.013347011990845203
img_881 0.008056703954935074 0.4912320375442505 0.013347011990845203
img_882 0.008228684775531292 0.4836433231830597 0.012811538763344291
img_883 0.00860549882054329 0.47630196809768677 0.01147284358739853
img_884 0.008835370652377605 0.46859022974967957 0.009598431177437307
img_885 0.008835370652377605 0.46859022974967957 0.009598431177437307
img_886 0.008697344921529293 0.4608748257160187 0.010401737876236442
img_887 0.009200343862175941 0.45328962802886963 0.007992223836481571
img_888 0.009261008352041245 0.4456992447376251 0.007992221973836424
img_889 0.009604424238204956 0.4381106197834015 0.005850122310221194
img_890 0.009718788787722588 0.4306434988975525 0.005314668174833059
img_891 0.009718788787722588 0.4306434988975525 0.005314668174833059
img_892 0.009901802986860275 0.4228086471557617 0.004243658855557442
img_893 0.009932978078722954 0.41546228528022766 0.004243658855557442
img_894 0.010141645558178425 0.40793347358703613 0.0029048963915556674
img_895 0.010198499076068401 0.4005271792411804 0.0018339945236220956
img_896 0.010198499076068401 0.4005271792411804 0.0018339945236220956
img_897 0.01014173123985529 0.39293593168258667 0.003172808792442084
img_898 0.010270862840116024 0.3856520652770996 0.0023696071002632384
img_899 0.010253360494971275 0.3781224489212036 0.003440606407821179
img_900 0.010172390379011631 0.3708370327949524 0.002637308789417148
img_901 0.010172390379011631 0.3708370327949524 0.002637308789417148
img_902 0.0100855752825737 0.3635522425174713 0.0034405379556119446
img_903 0.010145136155188084 0.35651272535324097 0.003976027481257915
img_904 0.010032967664301395 0.34916606545448303 0.005850342568010093
img_905 0.00989743322134018 0.34212496876716614 0.0063858660869300365
img_906 0.00989743322134018 0.34212496876716614 0.0063858660869300365
img_907 0.009943554177880287 0.3349025845527649 0.0071890093386173266
img_908 0.009572225622832775 0.3275531828403473 0.008795647881925106
img_909 0.009634681046009064 0.3204525113105774 0.010402124375104904
img_910 0.009391137398779392 0.3132880926132202 0.012008449062705042
img_911 0.009391137398779392 0.3132880926132202 0.012008449062705042
img_912 0.00936964899301529 0.3062470555305481 0.012811749242246151
img_913 0.009141774848103523 0.29920366406440735 0.014418262057006359
img_914 0.00924591813236475 0.2919810712337494 0.015221494249999528
img_915 0.00910570751875639 0.284938782453537 0.01709560863673687
img_916 0.00910570751875639 0.284938782453537 0.01709560863673687
img_917 0.009122132323682308 0.2777751088142395 0.017898928374052044
img_918 0.009142118506133556 0.2707344591617584 0.018702186644077298
img_919 0.009106244891881943 0.26320305466651917 0.02004091069102287
img_920 0.009041442535817623 0.2558549642562866 0.021647283807396892
img_921 0.008951731957495213 0.2485627382993698 0.022718856111168865
img_922 0.008951731957495213 0.2485627382993698 0.022718856111168865
img_923 0.009220287203788757 0.24140870571136475 0.022718854248523716
img_924 0.009313717484474182 0.23418515920639038 0.022451087832450874
img_925 0.00973005872219801 0.22666358947753906 0.02218335494399071
img_926 0.009791073389351368 0.2191333770751953 0.02218335494399071
img_927 0.009791073389351368 0.2191333770751953 0.02218335494399071
img_928 0.010030110366642475 0.21154621243476868 0.02245109900832177
img_929 0.010048187337815762 0.20444320142269135 0.02191555127501488
img_930 0.010253870859742165 0.19667206704616547 0.022451004013419155
img_931 0.010630819015204906 0.18933208286762238 0.02164767496287823
img_932 0.010630819015204906 0.18933208286762238 0.02164767496287823
img_933 0.010834423825144768 0.18156079947948456 0.02057674713432789
img_934 0.011095363646745682 0.17403468489646912 0.019773457199335102
img_935 0.011279577389359474 0.16650719940662384 0.018702438101172447
img_936 0.011633545160293579 0.15892192721366882 0.017899207770824436
img_937 0.011633545160293579 0.15892192721366882 0.017899207770824436
img_938 0.011805834248661995 0.1512719690799713 0.017631461843848232
img_939 0.012081015855073929 0.14368480443954468 0.016560450196266178
img_940 0.012570150196552277 0.12844756245613098 0.013882885687053205
img_941 0.012673811987042427 0.12098109722137451 0.01468601264059544
img_942 0.012673811987042427 0.12098109722137451 0.01468601264059544
img_943 0.012930260971188545 0.11314768344163895 0.013614915311336517
img_944 0.012930260971188545 0.11314768344163895 0.013614915311336517
img_945 0.012957924976944923 0.10592375695705414 0.013347155414521698
img_946 0.013092116452753544 0.09851823002099991 0.013079419732093815
img_947 0.013092116452753544 0.09851823002099991 0.013079419732093815
img_948 0.013186593540012836 0.09129519015550613 0.013882689177989961
img_949 0.013504034839570522 0.08370744436979294 0.013882687315344812
img_950 0.013393986970186234 0.07636011391878128 0.013882685452699661
img_951 0.013318315148353577 0.06906387209892273 0.014418902806937693
img_952 0.013246751390397549 0.06178763881325722 0.015755770727992058
img_953 0.013246751390397549 0.06178763881325722 0.015755770727992058
img_954 0.01339494064450264 0.05462641268968582 0.016291296109557155
img_955 0.013340909965336323 0.04709517955780029 0.016826782375574112
img_956 0.013173560611903667 0.04023495689034462 0.019772142171859748
img_957 0.013175029307603836 0.033010609447956085 0.020039869472384456
img_958 0.013175029307603836 0.033010609447956085 0.020039869472384456
img_959 0.013276037760078907 0.026203926652669907 0.021917531266808513
img_960 0.013120649382472038 0.01880542002618313 0.023521037772297863
img_961 0.012934310361742973 0.011697450652718544 0.026198754087090496
img_962 0.012874618172645569 0.004531589336693287 0.028072891756892208
img_963 0.012874618172645569 0.004531589336693287 0.028072891756892208
img_964 0.012572874315083027 0.0026859058998525143 0.02994715236127377
img_965 0.012572874315083027 0.0026859058998525143 0.02994715236127377
