img_0 0.0 0.0 0.0
img_1 0.0 0.0 0.0
img_2 0.0 0.0 0.0
img_3 0.0 0.0 0.0
img_4 -0.00013962469529360533 0.0002418368821963668 0.016254017129540443
img_5 -0.00038098852382972836 5.65109949093312e-05 0.05648953467607498
img_6 -5.0259841373190284e-05 -0.00022757190163247287 0.09645922482013705
img_7 -9.692223102319986e-06 -0.0002843902329914272 0.13616260886192322
img_8 0.00019780651200562716 -0.00025596056366339326 0.1745327413082123
img_9 0.00019204600539524108 -0.0006253349129110575 0.21263718605041507
img_10 0.000520205358043313 -0.0009874580428004265 0.25234025716781616
img_11 0.0006179871270433068 -0.0010871074628084898 0.2917724549770356
img_12 0.0007356614805757999 -0.0011148869525641203 0.3309388458728791
img_13 0.0008802722441032529 -0.0013209263561293483 0.3695771396160126
img_14 0.00131538650020957 -0.001671077567152679 0.40821436047554005
img_15 0.001603603595867753 -0.0018098969012498856 0.44738215208053594
img_16 0.0017242030007764697 -0.0018191062845289707 0.48656201362609874
img_17 0.001847615814767778 -0.0017538233660161495 0.5254627466201782
img_18 0.0019086605170741677 -0.0020678669679909945 0.5638330578804017
img_19 0.0021558781154453754 -0.0021976304706186056 0.6035291552543641
img_20 0.002218939596787095 -0.0022276011295616627 0.643236517906189
img_21 0.002210607985034585 -0.002158291870728135 0.6821372509002688
img_22 0.002145393518730998 -0.0021333673503249884 0.7215747833251955
img_23 0.002437438815832138 -0.002359602600336075 0.7610118389129639
img_24 0.0023540540132671595 -0.0022720491979271173 0.8017765283584597
img_25 0.002199436305090785 -0.0021709927823394537 0.842013478279114
img_26 0.0020627323538064957 -0.0021425427403301 0.8817182779312135
img_27 0.0021805204451084137 -0.002284795278683305 0.9219497442245483
img_28 0.0022800080478191376 -0.0020535471849143505 0.9616568088531496
img_29 0.001862665405496955 -0.00201776041649282 1.0024250745773315
img_30 0.001589102204889059 -0.0018844621954485774 1.042661190032959
img_31 0.001484107575379312 -0.0019444479839876294 1.0826313495635989
img_32 0.00151684763841331 -0.0018827950116246939 1.1236629486083987
img_33 0.0010991677409037948 -0.001914795720949769 1.165233612060547
img_34 0.0006831863429397345 -0.0019641255494207144 1.2060040235519411
img_35 0.0003883468743879348 -0.001888893311843276 1.2462369203567505
img_36 0.0004122569225728512 -0.0020074292551726103 1.2870068550109866
img_37 0.00011228807852603495 -0.001956299878656864 1.3280402421951296
img_38 -0.00029020156944170594 -0.002072405070066452 1.3688111305236819
img_39 -0.0005551191279664636 -0.0021606707014143467 1.4090443849563599
img_40 -0.0005776011967100203 -0.002298446837812662 1.449272155761719
img_41 -0.0005606694612652063 -0.002159804105758667 1.4897879362106325
img_42 -0.0009448692435398698 -0.0024088071659207344 1.530293583869934
img_43 -0.001135964528657496 -0.00264557171612978 1.5697238445281985
img_44 -0.0011965372832491994 -0.002750227926298976 1.6096936464309692
img_45 -0.001013942644931376 -0.002778053982183337 1.6491290330886845
img_46 -0.0011865794658660889 -0.002896651392802596 1.689899563789368
img_47 -0.0013066401006653905 -0.002911018906161189 1.7298679351806638
img_48 -0.0013276331592351198 -0.0031618692446500063 1.7685068845748904
img_49 -0.0010768005158752203 -0.003182818414643407 1.8082083463668823
img_50 -0.001008530962280929 -0.0029508185107260942 1.8481770753860474
img_51 -0.0010085307294502854 -0.002950818743556738 1.8881434202194216
img_52 -0.0011234197299927473 -0.0029885531403124332 1.9265162944793701
img_53 -0.0008036002982407808 -0.002981436438858509 1.9656831026077268
img_54 -0.0005761821521446109 -0.0025841104798018932 2.0051205158233643
img_55 -0.0006055622361600399 -0.0025207726284861565 2.0445609092712402
img_56 -0.0005298179457895458 -0.00240348931401968 2.0831949710845947
img_57 -0.0004928823909722269 -0.0022225116845220327 2.122098445892334
img_58 -0.0001539852237328887 -0.0018502071034163237 2.1602041721344
img_59 -6.142509664641693e-05 -0.0016623435076326132 2.1993720531463627
img_60 3.639749775175005e-05 -0.0015912329545244575 2.2385480403900146
img_61 -6.8280241976026446e-06 -0.0015364205464720726 2.2763814926147465
img_62 0.00020217488054186106 -0.0011290819384157658 2.3158206939697266
img_63 0.00023216205590870231 -0.0006266169948503375 2.3547186851501465
img_64 0.0002684969804249704 -0.0004918092163279653 2.3949522972106934
img_65 0.0001660171546973288 -0.0003969804965890944 2.4330556392669678
img_66 0.0003105610376223922 -0.000281962042208761 2.472495079040527
img_67 0.0003814203373622149 0.00020160488202236593 2.511401653289795
img_68 0.0003250182489864528 0.0002427449362585321 2.551636934280396
img_69 0.00026237903512082994 0.00021192508575040847 2.5905392169952393
img_70 0.0002009799936786294 0.00017868966097012162 2.6294450759887695
img_71 0.0003795320517383516 0.0004250722413416952 2.668877601623535
img_72 0.00018950531375594437 0.0005901576951146126 2.7085814476013184
img_73 0.00022108409029897302 0.00024251386639662087 2.749084949493408
img_74 0.00016570754814893007 0.00020000523363705724 2.7887866497039795
img_75 0.00037411096855066717 5.884113488718867e-05 2.829022169113159
img_76 0.0003448663919698447 0.00019535853061825037 2.8692545890808105
img_77 0.0003644136304501444 -0.0001239818229805678 2.910025119781494
img_78 0.00041706758202053607 -0.0005091681960038841 2.950267791748047
img_79 0.0003940746537409723 -0.0006278751534409821 2.9902350902557373
img_80 0.0003686817944981158 -0.0005628390936180949 3.03153920173645
img_81 0.0003982296329922974 -0.0009310697205364704 3.072840452194214
img_82 -2.7966860216110945e-05 -0.0010229278123006225 3.079235553741455
img_83 -0.00012871218496002257 -0.0009560617036186159 3.079235553741455
img_84 -0.00012871218496002257 -0.0009560617036186159 3.079235553741455
img_85 -0.000392449350329116 -0.0051800343208014965 3.0800349712371826
img_86 -0.0005864787381142378 -0.011165210977196693 3.0805678367614746
img_87 -0.0009625870152376592 -0.017320746555924416 3.081367254257202
img_88 -0.0011559291742742062 -0.023427151143550873 3.082699775695801
img_89 -0.001393723301589489 -0.02983209304511547 3.0837655067443848
img_90 -0.0016734579112380743 -0.035872068256139755 3.0850977897644043
img_91 -0.0018576609436422586 -0.04222014173865318 3.0856306552886963
img_92 -0.0020946539007127285 -0.04832282289862633 3.086430072784424
img_93 -0.002333433600142598 -0.054546378552913666 3.0872294902801514
img_94 -0.002522537484765053 -0.0605911985039711 3.087496042251587
img_95 -0.002741607604548335 -0.06657354533672333 3.0882954597473145
img_96 -0.0031462558545172215 -0.07284823060035706 3.08856201171875
img_97 -0.0033589983358979225 -0.07883219420909882 3.0893616676330566
img_98 -0.003712681820616126 -0.08492889255285263 3.089095115661621
img_99 -0.003947490826249123 -0.09072776138782501 3.089627981185913
img_100 -0.0043375249952077866 -0.09688267856836319 3.089095115661621
img_101 -0.004673775751143694 -0.10261663049459457 3.0888285636901855
img_102 -0.005075118504464626 -0.10889215767383575 3.089095115661621
img_103 -0.005335296504199505 -0.11450879275798798 3.088562250137329
img_104 -0.005763561464846134 -0.12060133367776871 3.0877628326416016
img_105 -0.006183636840432882 -0.12645137310028076 3.086963415145874
img_106 -0.006563673727214336 -0.1321224868297577 3.086430549621582
img_107 -0.006998233962804079 -0.1380930244922638 3.0856311321258545
img_108 -0.007354352157562971 -0.14382588863372803 3.0845651626586914
img_109 -0.007807049434632063 -0.14991779625415802 3.0837655067443848
img_110 -0.008236492052674294 -0.15552420914173126 3.0829663276672363
img_111 -0.008862477727234364 -0.16142317652702332 3.0816338062286377
img_112 -0.009373614564538002 -0.16702520847320557 3.0811009407043457
img_113 -0.009840037673711777 -0.1729939728975296 3.080301523208618
img_114 -0.010118425823748112 -0.17866989970207214 3.0784366130828857
img_115 -0.010755796916782856 -0.18432402610778809 3.0779037475585938
img_116 -0.011264510452747345 -0.190107062458992 3.0768380165100098
img_117 -0.011764224618673325 -0.19619476795196533 3.0760385990142822
img_118 -0.01222205813974142 -0.20210298895835876 3.0755057334899902
img_119 -0.012651056051254272 -0.20752781629562378 3.0749728679656982
img_120 -0.01313123106956482 -0.21367615461349487 3.0744400024414062
img_121 -0.013489973731338978 -0.21953058242797852 3.073906898498535
img_122 -0.013923350721597672 -0.2259235680103302 3.073906898498535
img_123 -0.014438890852034092 -0.23146404325962067 3.0736403465270996
img_124 -0.014896556735038757 -0.23767468333244324 3.0741732120513916
img_125 -0.015070454217493534 -0.24335877597332 3.0741732120513916
img_126 -0.015580030158162117 -0.24986925721168518 3.074439764022827
img_127 -0.015838297083973885 -0.2557901442050934 3.0747063159942627
img_128 -0.01618080772459507 -0.26194778084754944 3.0760385990142822
img_129 -0.016545984894037247 -0.26804324984550476 3.0763051509857178
img_130 -0.01694834604859352 -0.27419739961624146 3.0771045684814453
img_131 -0.017144538462162018 -0.28048521280288696 3.0771045684814453
img_132 -0.01749543659389019 -0.28646063804626465 3.078969717025757
img_133 -0.01766398921608925 -0.2930529713630676 3.080035448074341
img_134 -0.017997387796640396 -0.2990296185016632 3.0803020000457764
img_135 -0.01825057342648506 -0.3054348826408386 3.0813677310943604
img_136 -0.018398143351078033 -0.3113621473312378 3.0829665660858154
img_137 -0.018564550206065178 -0.31777143478393555 3.083765745162964
img_138 -0.018889615312218666 -0.32399049401283264 3.0840322971343994
img_139 -0.019174687564373016 -0.3301510810852051 3.085364580154419
img_140 -0.019521305337548256 -0.3363090753555298 3.0861639976501465
img_141 -0.019615627825260162 -0.34241923689842224 3.0872297286987305
img_142 -0.019811294972896576 -0.3485846221446991 3.087496280670166
img_143 -0.020093530416488647 -0.3544423282146454 3.08856201171875
img_144 -0.020464850589632988 -0.3607792556285858 3.0882954597473145
img_145 -0.020679151639342308 -0.3667621314525604 3.089094877243042
img_146 -0.02140839956700802 -0.3726573586463928 3.085897207260132
img_147 -0.021783851087093353 -0.37312087416648865 3.0832326412200928
img_148 -0.021745482459664345 -0.3730625510215759 3.083498954772949
img_149 -0.021783843636512756 -0.37312087416648865 3.0832324028015137
img_150 -0.022721223533153534 -0.37300553917884827 3.0712411403656006
img_151 -0.022381499409675598 -0.37315070629119873 3.0315358638763428
img_152 -0.022604402154684067 -0.372943639755249 2.9913077354431152
img_153 -0.02261911705136299 -0.37257447838783264 2.950801372528076
img_154 -0.022687669843435287 -0.3725612461566925 2.909496545791626
img_155 -0.02277567610144615 -0.37247830629348755 2.8703255653381348
img_156 -0.02281053364276886 -0.37234312295913696 2.8298258781433105
img_157 -0.022846831008791924 -0.3718867897987366 2.7893261909484863
img_158 -0.022870637476444244 -0.37174922227859497 2.7480244636535645
img_159 -0.022944165393710136 -0.3716532289981842 2.7072558403015137
img_160 -0.02301371470093727 -0.37155431509017944 2.6664905548095708
img_161 -0.023034021258354187 -0.3711359202861786 2.6257202625274663
img_162 -0.022977067157626152 -0.37068167328834534 2.585216522216797
img_163 -0.023036353290081024 -0.37064480781555176 2.5439124107360844
img_164 -0.023020852357149124 -0.3704359531402588 2.503145456314087
img_165 -0.022996848449110985 -0.3702278733253479 2.463970184326172
img_166 -0.022867491468787193 -0.3697887659072876 2.422670364379883
img_167 -0.0228810403496027 -0.3698572516441345 2.3813681602478027
img_168 -0.022864675149321556 -0.36978939175605774 2.341132402420044
img_169 -0.02293236367404461 -0.3698064386844635 2.3009021282196045
img_170 -0.022708605974912643 -0.3695124387741089 2.2611947059631348
img_171 -0.022570906206965446 -0.36948925256729126 2.2209556102752686
img_172 -0.022640159353613853 -0.369498074054718 2.179921627044678
img_173 -0.022838503122329712 -0.3696364462375641 2.1407518386840825
img_174 -0.02280644327402115 -0.3695744574069977 2.1013240814208984
img_175 -0.022667651996016502 -0.369452565908432 2.0618858337402344
img_176 -0.022815076634287834 -0.3696897625923157 2.021380424499512
img_177 -0.02297196537256241 -0.3699207603931427 1.9832782745361328
img_178 -0.023068172857165337 -0.37015336751937866 1.9438393115997314
img_179 -0.022999154403805733 -0.37016382813453674 1.9057383537292478
img_180 -0.02313603088259697 -0.3703223466873169 1.8657692670822144
img_181 -0.023415127769112587 -0.3704436421394348 1.8268655538558962
img_182 -0.023730698972940445 -0.3706705868244171 1.788760781288147
img_183 -0.023649027571082115 -0.3707597553730011 1.7503913640975952
img_184 -0.023808777332305908 -0.3708951771259308 1.7120223045349123
img_185 -0.024158114567399025 -0.37101536989212036 1.672584176063538
img_186 -0.02439161390066147 -0.37110939621925354 1.6347455978393557
img_187 -0.02450782246887684 -0.3711867928504944 1.5961096286773686
img_188 -0.02438870631158352 -0.37111392617225647 1.557205677032471
img_189 -0.024752378463745117 -0.3711788058280945 1.5177695751190186
img_190 -0.024942753836512566 -0.3713434934616089 1.4791325330734253
img_191 -0.025189975276589394 -0.3713908791542053 1.4404945373535156
img_192 -0.024996528401970863 -0.37131062150001526 1.402124285697937
img_193 -0.025192903354763985 -0.371383398771286 1.3629562854766848
img_194 -0.025443941354751587 -0.3714018166065216 1.3227208852767944
img_195 -0.025561168789863586 -0.37137213349342346 1.283547639846802
img_196 -0.025445206090807915 -0.3714063763618469 1.2443788051605225
img_197 -0.025238502770662308 -0.371550053358078 1.2041394710540774
img_198 -0.02546422928571701 -0.3714633584022522 1.1641768217086794
img_199 -0.02556118182837963 -0.37153562903404236 1.124205470085144
img_200 -0.025421960279345512 -0.3715249001979828 1.0845001935958862
img_201 -0.02506864070892334 -0.37163272500038147 1.0439993143081665
img_202 -0.0249286238104105 -0.371512234210968 1.0026962757110596
img_203 -0.024960806593298912 -0.371450275182724 0.9624607563018799
img_204 -0.024851346388459206 -0.3713988959789276 0.9216923117637635
img_205 -0.02446604333817959 -0.3716912567615509 0.8817237615585327
img_206 -0.024121733382344246 -0.37174874544143677 0.8412200212478639
img_207 -0.02402867004275322 -0.37164467573165894 0.8001871109008791
img_208 -0.023980040103197098 -0.3715945780277252 0.759684681892395
img_209 -0.023746542632579803 -0.37178972363471985 0.718649983406067
img_210 -0.02328396402299404 -0.37194740772247314 0.678411900997162
img_211 -0.023164493963122368 -0.37192875146865845 0.6368455886840821
img_212 -0.022980332374572754 -0.371942937374115 0.5966098904609681
img_213 -0.022849543020129204 -0.37207338213920593 0.5563719868659974
img_214 -0.022480139508843422 -0.3722708225250244 0.5156058073043823
img_215 -0.022299040108919144 -0.3723071813583374 0.4745695888996125
img_216 -0.022350873798131943 -0.372129887342453 0.43353468179702764
img_217 -0.022230448201298714 -0.3721407651901245 0.3935667276382447
img_218 -0.02214675210416317 -0.3724333643913269 0.35386079549789434
img_219 -0.021943792700767517 -0.3726806044578552 0.3138965368270874
img_220 -0.022033004090189934 -0.3725188374519348 0.272591382265091
img_221 -0.022182689979672432 -0.3723723590373993 0.23342154920101169
img_222 -0.022298552095890045 -0.3723377585411072 0.1942521929740906
img_223 -0.022137444466352463 -0.37261417508125305 0.155081108212471
img_224 -0.02231275849044323 -0.3723967969417572 0.11457653343677521
img_225 -0.022548450157046318 -0.3721805214881897 0.07541030645370485
img_226 -0.022705914452672005 -0.37194985151290894 0.03650305047631264
img_227 -0.022668829187750816 -0.3720089793205261 -0.002130299806594849
img_228 -0.022703608497977257 -0.3719484508037567 -0.041835747659206404
img_229 -0.022827934473752975 -0.37158018350601196 -0.08073724806308748
img_230 -0.02300744503736496 -0.37120169401168823 -0.11910983920097354
img_231 -0.023936012759804726 -0.37102967500686646 -0.14309021830558777
img_232 -0.023936012759804726 -0.37102967500686646 -0.14229081571102145
img_233 -0.02387573942542076 -0.37085509300231934 -0.1425572782754898
img_234 -0.022982073947787285 -0.36512014269828796 -0.14468882977962494
img_235 -0.02195471152663231 -0.3590376675128937 -0.14495529234409335
img_236 -0.02107289992272854 -0.35323870182037354 -0.14602130651473996
img_237 -0.02020273357629776 -0.3475618362426758 -0.146287739276886
img_238 -0.019175199791789055 -0.3417853116989136 -0.14682066440582278
img_239 -0.01838718354701996 -0.3362181484699249 -0.14735357463359833
img_240 -0.017404669895768166 -0.3303121030330658 -0.14815306663513186
img_241 -0.016512198373675346 -0.32433226704597473 -0.14815306663513186
img_242 -0.0157066248357296 -0.31846171617507935 -0.1484195291996002
img_243 -0.014692408964037895 -0.31262269616127014 -0.1486859768629074
img_244 -0.013691985048353672 -0.3064151406288147 -0.14841954410076144
img_245 -0.012946268543601036 -0.30071961879730225 -0.14841954410076144
img_246 -0.011998476460576057 -0.29438069462776184 -0.14762008190155032
img_247 -0.011221691966056824 -0.28844496607780457 -0.14762008190155032
img_248 -0.010358083993196487 -0.2824000120162964 -0.14655426144599917
img_249 -0.00956998486071825 -0.27634397149086 -0.14575490355491644
img_250 -0.00888153724372387 -0.2702121436595917 -0.1449555307626724
img_251 -0.008016510866582394 -0.2640448212623596 -0.1438896358013153
img_252 -0.007296310737729073 -0.257857084274292 -0.14335674047470096
img_253 -0.006510223262012005 -0.2516782283782959 -0.142557293176651
img_254 -0.005659925751388073 -0.2455083727836609 -0.14149132370948794
img_255 -0.004825259558856487 -0.2391536682844162 -0.14095838367938995
img_256 -0.00422626594081521 -0.23319321870803833 -0.13989254832267764
img_257 -0.0034017772413790226 -0.22683730721473694 -0.1385602355003357
img_258 -0.002688309643417597 -0.22071023285388947 -0.13749438524246216
img_259 -0.0019648198504000902 -0.21446280181407928 -0.1372279226779938
img_260 -0.0010258140973746777 -0.20842857658863068 -0.1364286094903946
img_261 -0.00043738249223679304 -0.20234569907188416 -0.13536277413368225
img_262 0.00035213393857702613 -0.19629010558128357 -0.1350962966680527
img_263 0.0011400177609175444 -0.19023443758487701 -0.1348298341035843
img_264 0.001873331842944026 -0.1840496063232422 -0.1348298341035843
img_265 0.002685918938368559 -0.1780594140291214 -0.1340305656194687
img_266 0.0035263528116047382 -0.1718265563249588 -0.1340305656194687
img_267 0.004360758699476719 -0.1658996045589447 -0.13429701328277588
img_268 0.005196670535951853 -0.1599733978509903 -0.13456344604492188
img_269 0.0058635687455534935 -0.15426664054393768 -0.13456344604492188
img_270 0.006717286538332701 -0.14822079241275787 -0.1348298788070679
img_271 0.007662249729037285 -0.14255307614803314 -0.13536275923252106
img_272 0.008494514971971512 -0.13644227385520935 -0.1361621767282486
img_273 0.009420687332749367 -0.13071097433567047 -0.13642862439155581
img_274 0.010305625386536121 -0.12503479421138763 -0.13722802698612216
img_275 0.01109959278255701 -0.11928541213274002 -0.13802738487720492
img_276 0.012010238133370876 -0.11349090933799744 -0.13882678747177124
img_277 0.013028270564973354 -0.10746641457080841 -0.13935980200767517
img_278 0.01382741704583168 -0.10202056914567947 -0.14042606949806216
img_279 0.014820648357272148 -0.0962405800819397 -0.1417578160762787
img_280 0.015830963850021362 -0.09064378589391708 -0.14255721867084506
img_281 0.01671588607132435 -0.08472409099340439 -0.1436230391263962
img_282 0.01765010878443718 -0.079239621758461 -0.14388947188854218
img_283 0.018637897446751595 -0.07339587062597275 -0.14495530724525454
img_284 0.019458752125501633 -0.067772775888443 -0.14575462043285373
img_285 0.020388437435030937 -0.06192028895020485 -0.14628757536411285
img_286 0.021433597430586815 -0.05602412298321724 -0.14761988818645477
img_287 0.02232079580426216 -0.05053248256444931 -0.1473534256219864
img_288 0.023451142013072968 -0.04434358701109886 -0.1481528133153916
img_289 0.02418532781302929 -0.038951341062784195 -0.14841927587985995
img_290 0.025089560076594353 -0.032667674124240875 -0.1481528133153916
img_291 0.025744546204805374 -0.027569659054279327 -0.1481528133153916
img_292 0.025716600939631462 -0.02799336612224579 -0.14841926097869873
img_293 0.025716600939631462 -0.02799336612224579 -0.14841926097869873
img_294 0.025716600939631462 -0.02799336612224579 -0.14841926097869873
img_295 0.026944102719426155 -0.02781008370220661 -0.1638751327991486
img_296 0.027263913303613663 -0.02780168689787388 -0.20544295012950903
img_297 0.027080712839961052 -0.02782527171075344 -0.24328137934207916
img_298 0.027022775262594223 -0.02762402594089508 -0.2832470834255219
img_299 0.0269557386636734 -0.027604512870311737 -0.32108718156814575
img_300 0.027084272354841232 -0.027328666299581528 -0.3597261011600495
img_301 0.02711545303463936 -0.027146589010953903 -0.3994333148002625
img_302 0.027025194838643074 -0.026911605149507523 -0.4380714595317841
img_303 0.026956012472510338 -0.026812434196472168 -0.4764412939548492
img_304 0.02693627029657364 -0.026394084095954895 -0.514806091785431
img_305 0.0271762628108263 -0.026182524859905243 -0.5547759532928467
img_306 0.027123447507619858 -0.02593640424311161 -0.5934144258499147
img_307 0.02720080502331257 -0.025696873664855957 -0.632850408554077
img_308 0.027159729972481728 -0.025516768917441368 -0.6701592206954956
img_309 0.02743973210453987 -0.02527584880590439 -0.7098584771156312
img_310 0.027412638068199158 -0.025093136355280876 -0.7487624883651736
img_311 0.02735712006688118 -0.024793948978185654 -0.7884634733200074
img_312 0.02725869230926037 -0.024694915860891342 -0.8265677690505981
img_313 0.027410129085183144 -0.024413103237748146 -0.8649383783340453
img_314 0.027502158656716347 -0.024334661662578583 -0.9057082533836364
img_315 0.027537167072296143 -0.02408542111515999 -0.945140302181244
img_316 0.027385955676436424 -0.023979362100362778 -0.984574556350708
img_317 0.0273783877491951 -0.023858672007918358 -1.0237466096878054
img_318 0.027618424966931343 -0.023671602830290794 -1.06505024433136
img_319 0.0275442972779274 -0.023912183940410614 -1.10475754737854
img_320 0.027558209374547005 -0.023670751601457596 -1.144725799560547
img_321 0.027615919709205627 -0.02379790134727955 -1.1841646432876587
img_322 0.02766856737434864 -0.023927217349410057 -1.2251985073089597
img_323 0.027419596910476685 -0.02412816882133484 -1.2651710510253908
img_324 0.02725715935230255 -0.02421601489186287 -1.305398464202881
img_325 0.027060383930802345 -0.02441421151161194 -1.344839930534363
img_326 0.027009280398488045 -0.02446177788078785 -1.3850768804550173
img_327 0.026903335005044937 -0.024552715942263603 -1.4271762371063235
img_328 0.026738807559013367 -0.024682320654392242 -1.4671465158462527
img_329 0.026498297229409218 -0.024707339704036713 -1.5071105957031252
img_330 0.026261409744620323 -0.024792395532131195 -1.5476094484329226
img_331 0.026201771572232246 -0.024828696623444557 -1.5894467830657961
img_332 0.025893695652484894 -0.02513713389635086 -1.6310108900070193
img_333 0.025727352127432823 -0.024882320314645767 -1.6715123653411865
img_334 0.02540198713541031 -0.025095053017139435 -1.710952281951904
img_335 0.025262746959924698 -0.025216419249773026 -1.7527872323989868
img_336 0.024999620392918587 -0.0253099724650383 -1.793824076652527
img_337 0.02472798340022564 -0.025140991434454918 -1.8329921960830688
img_338 0.0245075561106205 -0.02526254951953888 -1.8734958171844487
img_339 0.024303225800395012 -0.025308433920145035 -1.9126620292663579
img_340 0.024279821664094925 -0.02537420578300953 -1.9539630413055422
img_341 0.024236775934696198 -0.02531920000910759 -1.9928851127624514
img_342 0.024097902700304985 -0.025333346799016 -2.032578468322754
img_343 0.024066802114248276 -0.025395836681127548 -2.0714755058288574
img_344 0.024276189506053925 -0.02539103664457798 -2.111445426940918
img_345 0.024206386879086494 -0.02538984641432762 -2.1516816616058354
img_346 0.024384113028645515 -0.02533947303891182 -2.1905891895294194
img_347 0.024441983550786972 -0.02546652778983116 -2.229489326477051
img_348 0.024675942957401276 -0.02555933967232704 -2.2681236267089844
img_349 0.024655040353536606 -0.025678442791104317 -2.3080945014953618
img_350 0.024838410317897797 -0.02565637417137623 -2.346195459365845
img_351 0.024954890832304955 -0.02562391199171543 -2.3853650093078613
img_352 0.024987084791064262 -0.025759799405932426 -2.422675848007202
img_353 0.02531748265028 -0.025872334837913513 -2.462109088897705
img_354 0.025643298402428627 -0.02599785104393959 -2.50075626373291
img_355 0.025843799114227295 -0.026149932295084 -2.5401830673217773
img_356 0.026084929704666138 -0.026131130754947662 -2.576958417892456
img_357 0.026456009596586227 -0.02632552944123745 -2.616931200027466
img_358 0.026577142998576164 -0.026534823700785637 -2.6568973064422607
img_359 0.026877861469984055 -0.02658146247267723 -2.6958014965057373
img_360 0.027055954560637474 -0.026630355045199394 -2.7346997261047363
img_361 0.027223903685808182 -0.026755480095744133 -2.7730696201324463
img_362 0.02731102518737316 -0.026981087401509285 -2.814638614654541
img_363 0.027338305488228798 -0.026844147592782974 -2.852477550506592
img_364 0.027674876153469086 -0.026996314525604248 -2.8927083015441895
img_365 0.027490822598338127 -0.02698070928454399 -2.9324123859405518
img_366 0.027469230815768242 -0.02704710140824318 -2.9718499183654785
img_367 0.027469230815768242 -0.02704710140824318 -3.0118203163146973
img_368 0.02758089266717434 -0.02709350176155567 -3.0517890453338623
img_369 0.027430986985564232 -0.026985593140125275 -3.090425491333008
img_370 0.027462756261229515 -0.026923425495624542 -3.1301286220550537
img_371 0.027392953634262085 -0.02692422643303871 3.1109598318683074
img_372 0.027326874434947968 -0.026801221072673798 3.071255509053366
img_373 0.027173999696969986 -0.026487361639738083 3.031547609959738
img_374 0.025313837453722954 -0.02616018056869507 2.9987745920764373
img_375 0.025348257273435593 -0.025920812040567398 2.9987745920764373
img_376 0.025348257273435593 -0.025920812040567398 2.9987745920764373
img_377 0.025348257273435593 -0.025920812040567398 2.9987745920764373
img_378 0.025261949747800827 -0.026030557230114937 2.998241726552145
img_379 0.024259837344288826 -0.03199569135904312 2.9963761011706755
img_380 0.023549078032374382 -0.03806150704622269 2.997708145772116
img_381 0.022655954584479332 -0.04446928948163986 2.9971752802478235
img_382 0.022036388516426086 -0.050427231937646866 2.9990404287921355
img_383 0.021013077348470688 -0.056328319013118744 2.9985073248492644
img_384 0.020228620618581772 -0.0625077560544014 2.999306742344992
img_385 0.019207149744033813 -0.0684075579047203 2.9987738768207
img_386 0.01843293197453022 -0.07428210973739624 2.9985073248492644
img_387 0.017639869824051857 -0.08027639985084534 2.9990401903735564
img_388 0.016919197514653206 -0.08628027886152267 2.999306742344992
img_389 0.016096077859401703 -0.09202615171670914 2.999306742344992
img_390 0.01504850760102272 -0.09786184132099152 2.9985073248492644
img_391 0.014263988472521305 -0.10355204343795776 2.9987738768207
img_392 0.01342068612575531 -0.10941653698682785 2.9963758627520964
img_393 0.012537604197859764 -0.11521365493535995 2.9969087282763884
img_394 0.011398483999073505 -0.12085263431072235 2.9953098932849334
img_395 0.01053491048514843 -0.12671391665935516 2.9953098932849334
img_396 0.009412598796188831 -0.13241547346115112 2.993977610264914
img_397 0.008620145730674267 -0.13798213005065918 2.993444744740622
img_398 0.0075383540242910385 -0.14381174743175507 2.9918459097491668
img_399 0.006585463881492615 -0.14965954422950745 2.9913130442248743
img_400 0.005658226553350687 -0.15508364140987396 2.9905136267291472
img_401 0.004577586892992258 -0.1607903242111206 2.988914791737692
img_402 0.0035638241097331047 -0.16669000685214996 2.988914791737692
img_403 0.002586746122688055 -0.17235121130943298 2.987315956746237
img_404 0.0017452733591198921 -0.17821648716926575 2.987848822270529
img_405 0.0005989571800455451 -0.18379008769989014 2.985717121754782
img_406 -0.0002957928809337318 -0.18970851600170135 2.986783091221945
img_407 -0.0013473364524543285 -0.1955411285161972 2.985717360173361
img_408 -0.0022232879418879747 -0.2013399451971054 2.985983912144796
img_409 -0.00323563814163208 -0.20711740851402283 2.985184494649069
img_410 -0.004215114749968052 -0.21332857012748718 2.9843850771533416
img_411 -0.005048847757279873 -0.21925711631774902 2.985184494649069
img_412 -0.006053282879292965 -0.22540247440338135 2.9849179426776336
img_413 -0.006858774460852146 -0.2313963770866394 2.986783329640524
img_414 -0.007791051175445318 -0.23737028241157532 2.985184494649069
img_415 -0.008676375262439251 -0.24365657567977905 2.986783091221945
img_416 -0.009714996442198753 -0.24985909461975098 2.9870496431933806
img_417 -0.010294179432094097 -0.25607144832611084 2.9891813437091277
img_418 -0.01130643766373396 -0.2619718015193939 2.9891813437091277
img_419 -0.012028677389025688 -0.26828309893608093 2.9902470747577117
img_420 -0.012889539822936058 -0.2743907570838928 2.9907801787005828
img_421 -0.013703299686312675 -0.2804425060749054 2.991579357777731
img_422 -0.014505069702863693 -0.2866813838481903 2.9926453272448943
img_423 -0.015325612388551235 -0.2928551733493805 2.993444744740622
img_424 -0.01615901105105877 -0.2991487979888916 2.995043341313498
img_425 -0.01704186573624611 -0.30512988567352295 2.9942439238177703
img_426 -0.01773226447403431 -0.31144583225250244 2.996109310780661
img_427 -0.01866959035396576 -0.31760236620903015 2.9958427588092253
img_428 -0.019297156482934952 -0.32356005907058716 2.997708145772116
img_429 -0.020224589854478836 -0.329717755317688 2.9974415938006804
img_430 -0.02092910371720791 -0.33578619360923767 2.9987738768207
img_431 -0.021789612248539925 -0.34177035093307495 2.9987738768207
img_432 -0.022581152617931366 -0.34776541590690613 2.999306980763571
img_433 -0.023533517494797707 -0.35367509722709656 2.999306980763571
img_434 -0.02447715401649475 -0.35976994037628174 2.998774115239279
img_435 -0.025346381589770317 -0.36556950211524963 3.0001063982592986
img_436 -0.024849029257893562 -0.36826643347740173 3.0051694552050994
img_437 -0.024822669103741646 -0.36833107471466064 3.005436007176535
img_438 -0.024822669103741646 -0.36833107471466064 3.005436007176535
img_439 -0.024822669103741646 -0.36833107471466064 3.005436007176535
img_440 -0.024822669103741646 -0.36833107471466064 3.005436007176535
img_441 -0.02592933364212513 -0.36817947030067444 3.009699408208029
img_442 -0.02632870525121689 -0.3680045008659363 3.044076029454367
img_443 -0.0263981893658638 -0.3679977059364319 3.083514038716452
img_444 -0.026523523032665253 -0.3677482008934021 3.123210970555441
img_445 -0.026485281065106392 -0.3675674498081207 -3.1213297843933105
img_446 -0.026451608166098595 -0.3675062954425812 -3.0826947689056396
img_447 -0.026691962033510208 -0.3675810396671295 -3.0429935455322266
img_448 -0.026825927197933197 -0.36729052662849426 -3.0038249492645264
img_449 -0.026902012526988983 -0.3669959008693695 -2.9649243354797363
img_450 -0.027079489082098007 -0.36659765243530273 -2.9265527725219727
img_451 -0.027190107852220535 -0.36674559116363525 -2.8876452445983887
img_452 -0.027453547343611717 -0.36656415462493896 -2.8484811782836914
img_453 -0.027657123282551765 -0.3663729429244995 -2.8095719814300537
img_454 -0.027960071340203285 -0.3660297393798828 -2.7717347145080566
img_455 -0.028079569339752197 -0.36601123213768005 -2.7325637340545654
img_456 -0.02833574078977108 -0.3661222755908966 -2.693134069442749
img_457 -0.028503527864813805 -0.3659345805644989 -2.6536924839019775
img_458 -0.028673585504293442 -0.3656141459941864 -2.614521026611328
img_459 -0.028855323791503906 -0.3655100464820862 -2.57535195350647
img_460 -0.02890828065574169 -0.36568698287010193 -2.5356547832489014
img_461 -0.02903454564511776 -0.36562734842300415 -2.4962141513824463
img_462 -0.029107283800840378 -0.36553072929382324 -2.456242322921753
img_463 -0.02926035411655903 -0.36534351110458374 -2.4178719520568848
img_464 -0.029047934338450432 -0.3654784858226776 -2.378175735473633
img_465 -0.028947731480002403 -0.36563369631767273 -2.3376669883728027
img_466 -0.028986360877752304 -0.3654995262622833 -2.2979650497436523
img_467 -0.02891550585627556 -0.36532893776893616 -2.2582619190216064
img_468 -0.02866457775235176 -0.3653091490268707 -2.218560218811035
img_469 -0.028333228081464767 -0.36547234654426575 -2.177265167236328
img_470 -0.028213845565915108 -0.3653002381324768 -2.1372928619384766
img_471 -0.028069159016013145 -0.365185409784317 -2.0975892543792725
img_472 -0.02775481529533863 -0.36512595415115356 -2.056821584701538
img_473 -0.027401428669691086 -0.3652336895465851 -2.015516996383667
img_474 -0.027192650362849236 -0.3652171790599823 -1.9747501611709593
img_475 -0.027261964976787567 -0.36522552371025085 -1.9342473745346072
img_476 -0.026842938736081123 -0.36497411131858826 -1.8937480449676516
img_477 -0.026454614475369453 -0.3649568259716034 -1.8535115718841553
img_478 -0.026106255128979683 -0.365058034658432 -1.8127428293228152
img_479 -0.026022467762231827 -0.364970862865448 -1.7719745635986328
img_480 -0.025994567200541496 -0.3648340404033661 -1.7317374944686892
img_481 -0.02573348768055439 -0.3647349774837494 -1.6915030479431155
img_482 -0.025364957749843597 -0.36470934748649597 -1.6510003805160525
img_483 -0.02542242594063282 -0.36466971039772034 -1.6107648611068726
img_484 -0.025425216183066368 -0.36473947763442993 -1.5705255270004272
img_485 -0.025546187534928322 -0.3645998537540436 -1.530285120010376
img_486 -0.025124788284301758 -0.36454784870147705 -1.4900550842285156
img_487 -0.024929936975240707 -0.36470717191696167 -1.4498221874237063
img_488 -0.025002596899867058 -0.3646105229854584 -1.4098505973815918
img_489 -0.02509957365691662 -0.3647677004337311 -1.370149850845337
img_490 -0.025165777653455734 -0.364745557308197 -1.3315129280090334
img_491 -0.024864615872502327 -0.36495956778526306 -1.291273355484009
img_492 -0.02521326392889023 -0.36505964398384094 -1.2521070241928103
img_493 -0.025215994566679 -0.3652443587779999 -1.2134637832641604
img_494 -0.025422515347599983 -0.365209698677063 -1.1750990152359009
img_495 -0.025299442932009697 -0.3653474450111389 -1.1356595754623413
img_496 -0.02545987255871296 -0.36557596921920776 -1.0959606170654297
img_497 -0.025712791830301285 -0.3657452464103699 -1.0570535659790037
img_498 -0.02599439024925232 -0.3659842908382416 -1.0192190408706667
img_499 -0.026093991473317146 -0.3661685287952423 -0.980050325393677
img_500 -0.025860672816634178 -0.36651644110679626 -0.9408784508705139
img_501 -0.026043271645903587 -0.3667791485786438 -0.9017070531845095
img_502 -0.026215437799692154 -0.36704879999160767 -0.8633361458778384
img_503 -0.026308489963412285 -0.36731207370758057 -0.8244352936744692
img_504 -0.026145583018660545 -0.3673991560935974 -0.785794496536255
img_505 -0.026150522753596306 -0.3676507771015167 -0.7455635070800781
img_506 -0.026345327496528625 -0.36796465516090393 -0.706925392150879
img_507 -0.026515129953622818 -0.36821720004081726 -0.6680216789245607
img_508 -0.026330603286623955 -0.36820876598358154 -0.6283160448074341
img_509 -0.02627412974834442 -0.3682498037815094 -0.5888835191726685
img_510 -0.02641759254038334 -0.3685902953147888 -0.5494391918182374
img_511 -0.026477118954062462 -0.36855384707450867 -0.5105435848236084
img_512 -0.02653711847960949 -0.3685895502567291 -0.47110712528228765
img_513 -0.02636881172657013 -0.368336021900177 -0.43060532212257385
img_514 -0.02653968520462513 -0.3684571385383606 -0.39063563942909246
img_515 -0.02665952779352665 -0.3684731721878052 -0.35066947340965277
img_516 -0.02682669274508953 -0.36821889877319336 -0.310434103012085
img_517 -0.026782352477312088 -0.367852121591568 -0.2699283957481385
img_518 -0.02688468061387539 -0.3676983416080475 -0.2296917587518692
img_519 -0.027088603004813194 -0.3676506578922272 -0.18972574174404147
img_520 -0.027134360745549202 -0.36751872301101685 -0.1492219865322113
img_521 -0.027331052348017693 -0.3671834468841553 -0.10898551344871524
img_522 -0.027319716289639473 -0.3667588531970978 -0.06794241070747378
img_523 -0.02739756554365158 -0.36687472462654114 -0.02744642645120621
img_524 -0.02767336182296276 -0.366746187210083 0.013051174581050878
img_525 -0.027920080348849297 -0.366567999124527 0.0532912015914917
img_526 -0.027977481484413147 -0.3661472201347351 0.09432707726955415
img_527 -0.02823781967163086 -0.36598965525627136 0.13536131381988525
img_528 -0.02823781967163086 -0.36598965525627136 0.17533341050148013
img_529 -0.02834874577820301 -0.36576369404792786 0.21583506464958194
img_530 -0.028426432982087135 -0.36540937423706055 0.25660187005996704
img_531 -0.02850622870028019 -0.3652428090572357 0.2968372106552124
img_532 -0.028455160558223724 -0.36529040336608887 0.3373422622680664
img_533 -0.02858690917491913 -0.3653366267681122 0.37677603960037237
img_534 -0.028621185570955276 -0.3651551306247711 0.41727784276008606
img_535 -0.02864796482026577 -0.36483633518218994 0.4572451412677766
img_536 -0.028666483238339424 -0.3651150166988373 0.49748533964157116
img_537 -0.02854742854833603 -0.36518797278404236 0.5369213223457338
img_538 -0.02848651260137558 -0.3652220666408539 0.5758223533630372
img_539 -0.02855600044131279 -0.36505094170570374 0.615525245666504
img_540 -0.02823895774781704 -0.36519697308540344 0.654961347579956
img_541 -0.028045425191521645 -0.3652770221233368 0.694130837917328
img_542 -0.02800988033413887 -0.36548343300819397 0.7325023412704469
img_543 -0.027986930683255196 -0.36530014872550964 0.7722049355506898
img_544 -0.027836930006742477 -0.36515405774116516 0.8113656640052797
img_545 -0.02752567268908024 -0.3653532564640045 0.8508156538009645
img_546 -0.02713843621313572 -0.3655535876750946 0.8891865611076356
img_547 -0.02700055204331875 -0.36557555198669434 0.9278230071067811
img_548 -0.02684617042541504 -0.3651677966117859 0.9669944047927859
img_549 -0.02637844905257225 -0.365447998046875 1.0058958530426028
img_550 -0.0260994303971529 -0.36545953154563904 1.0447998046875
img_551 -0.025820450857281685 -0.36558112502098083 1.0829063653945923
img_552 -0.025792043656110764 -0.3653986155986786 1.1223405599594118
img_553 -0.025522658601403236 -0.3652570843696594 1.162043333053589
img_554 -0.02521752566099167 -0.36546534299850464 1.2009476423263552
img_555 -0.02474132925271988 -0.36557507514953613 1.2395836114883423
img_556 -0.02487877756357193 -0.36541709303855896 1.278748154640198
img_557 -0.02500222995877266 -0.36519771814346313 1.3189849853515625
img_558 -0.024668294936418533 -0.3653557300567627 1.3586890697479248
img_559 -0.02463890239596367 -0.36521923542022705 1.3975909948349
img_560 -0.024597393348813057 -0.36533281207084656 1.4367614984512331
img_561 -0.02490164339542389 -0.36532700061798096 1.476996898651123
img_562 -0.024660849943757057 -0.3653496503829956 1.5169692039489748
img_563 -0.024664605036377907 -0.3654193580150604 1.556669592857361
img_564 -0.02472851239144802 -0.3656628429889679 1.5969069004058842
img_565 -0.025026116520166397 -0.3658451735973358 1.636604905128479
img_566 -0.025262869894504547 -0.3659307360649109 1.6771118640899656
img_567 -0.025184234604239464 -0.3660978674888611 1.7176122665405273
img_568 -0.025273213163018227 -0.36632272601127625 1.7575805187225344
img_569 -0.025458987802267075 -0.366642028093338 1.7980823516845703
img_570 -0.025981269776821136 -0.36679863929748535 1.839117765426636
img_571 -0.02589520998299122 -0.3668835759162903 1.8798872232437134
img_572 -0.02592094987630844 -0.3670017123222351 1.920656204223633
img_573 -0.02605242282152176 -0.36734694242477417 1.961159348487854
img_574 -0.026473142206668854 -0.3675955533981323 2.0016608238220215
img_575 -0.026634562760591507 -0.36782342195510864 2.042695999145508
img_576 -0.026533106341958046 -0.3678892254829407 2.082665920257569
img_577 -0.026743942871689796 -0.36800768971443176 2.1234333515167236
img_578 -0.026876486837863922 -0.3682534694671631 2.163668632507324
img_579 -0.02710767835378647 -0.368451327085495 2.203902006149292
img_580 -0.02701018750667572 -0.36837977170944214 2.2446734905242924
img_581 -0.026897596195340157 -0.3684238791465759 2.283843517303467
img_582 -0.026966281235218048 -0.36862170696258545 2.3238101005554204
img_583 -0.027326490730047226 -0.3687679171562195 2.3643176555633545
img_584 -0.02719194069504738 -0.36873069405555725 2.404813528060913
img_585 -0.027280589565634727 -0.36856862902641296 2.4442527294158936
img_586 -0.027215002104640007 -0.36854469776153564 2.4836905002593994
img_587 -0.02735353447496891 -0.3686668872833252 2.52339506149292
img_588 -0.027340348809957504 -0.36852791905403137 2.5628254413604736
img_589 -0.02738339640200138 -0.36821088194847107 2.6019983291625977
img_590 -0.027320144698023796 -0.36803731322288513 2.640907049179077
img_591 -0.02738298662006855 -0.3679340183734894 2.6792774200439453
img_592 -0.027507945895195007 -0.3678717613220215 2.718977212905884
img_593 -0.0274228323251009 -0.3675122857093811 2.758413314819336
img_594 -0.02735196240246296 -0.3671497404575348 2.797048330307007
img_595 -0.02734842151403427 -0.36682984232902527 2.8354179859161377
img_596 -0.027584552764892578 -0.36688199639320374 2.8745856285095215
img_597 -0.027705051004886627 -0.3666609823703766 2.913224935531616
img_598 -0.02769092656672001 -0.3662918210029602 2.9526636600494385
img_599 -0.027691369876265526 -0.36592239141464233 2.9913036823272705
img_600 -0.02778584696352482 -0.3658469319343567 3.0304691791534424
img_601 -0.028132807463407516 -0.3658082187175751 3.069378137588501
img_602 -0.02811535820364952 -0.36556699872016907 3.108548164367676
img_603 -0.02780248410999775 -0.3666660487651825 3.1327927112579346
img_604 -0.027661804109811783 -0.3665463626384735 3.13305926322937
img_605 -0.02773161605000496 -0.36654576659202576 3.1333258152008057
img_606 -0.02773161605000496 -0.36654576659202576 3.1333258152008057
img_607 -0.027187548577785492 -0.3640713393688202 3.1373226642608643
img_608 -0.027302391827106476 -0.35826653242111206 3.1378555297851562
img_609 -0.027071265503764153 -0.3524633049964905 3.1378555297851562
img_610 -0.02697930485010147 -0.3465383052825928 3.139187812805176
img_611 -0.026686370372772217 -0.3408554792404175 3.1405200958251953
img_612 -0.026540396735072136 -0.3349308967590332 3.1415858268737793
img_613 -0.02657526358962059 -0.3293082118034363 -3.1410666147815154
img_614 -0.026473619043827057 -0.3234429657459259 -3.1394677797900603
img_615 -0.026206986978650093 -0.3175179958343506 -3.1389349142657683
img_616 -0.026187025010585785 -0.3118952214717865 -3.1378691832171843
img_617 -0.026034777984023094 -0.30590903759002686 -3.1373363176928923
img_618 -0.025884170085191727 -0.30028530955314636 -3.136004034672873
img_619 -0.02605823427438736 -0.29412010312080383 -3.135471169148581
img_620 -0.025882836431264877 -0.2885562479496002 -3.1346717516528533
img_621 -0.02575056627392769 -0.28244858980178833 -3.1341388861285613
img_622 -0.0257929265499115 -0.27676552534103394 -3.1341388861285613
img_623 -0.02573462761938572 -0.27053776383399963 -3.1333394686328337
img_624 -0.025957558304071426 -0.26467469334602356 -3.133072916661398
img_625 -0.02583402581512928 -0.2586878538131714 -3.132540051137106
img_626 -0.025887662544846535 -0.252763032913208 -3.1333394686328337
img_627 -0.02597198076546192 -0.2467769980430603 -3.1336060206042693
img_628 -0.026126429438591003 -0.24055078625679016 -3.1336060206042693
img_629 -0.026278944686055183 -0.23456646502017975 -3.1336060206042693
img_630 -0.026469755917787552 -0.2281588464975357 -3.1346719900714324
img_631 -0.026439277455210686 -0.22247572243213654 -3.134938542042868
img_632 -0.026412110775709152 -0.21606695652008057 -3.1352050940143035
img_633 -0.026696229353547096 -0.20984123647212982 -3.137070242558615
img_634 -0.026759298518300056 -0.2036140263080597 -3.1373367945300505
img_635 -0.02709943987429142 -0.1975090056657791 -3.138136212025778
img_636 -0.02712075412273407 -0.1913420557975769 -3.1389356295215056
img_637 -0.02717156521975994 -0.18535636365413666 -3.1400015989886687
img_638 -0.027321182191371918 -0.17906928062438965 -3.1410673300372527
img_639 -0.027464108541607857 -0.1727815866470337 3.14105224609375
img_640 -0.027670199051499367 -0.16661499440670013 3.1402528285980225
img_641 -0.027905890718102455 -0.16014507412910461 3.1391868591308594
img_642 -0.027926398441195488 -0.15415923297405243 3.1381208896636963
img_643 -0.027974378317594528 -0.14787141978740692 3.1375880241394043
img_644 -0.028055604547262192 -0.14200682938098907 3.1359894275665283
img_645 -0.02798444591462612 -0.1355375200510025 3.136255979537964
img_646 -0.028161609545350075 -0.1294907033443451 3.136255979537964
img_647 -0.028094112873077393 -0.12338442355394363 3.135723114013672
img_648 -0.028093885630369186 -0.11739909648895264 3.134657382965088
img_649 -0.02808644063770771 -0.11129213124513626 3.1343908309936523
img_650 -0.028112711384892464 -0.10524556785821915 3.134657382965088
img_651 -0.02796732261776924 -0.09938188642263412 3.1354568004608154
img_652 -0.0279647596180439 -0.09327550232410431 3.1359896659851074
img_653 -0.027756694704294205 -0.08729110658168793 3.135723114013672
img_654 -0.027826279401779175 -0.08130503445863724 3.135723114013672
img_655 -0.027723820880055428 -0.07574331015348434 3.136255979537964
img_656 -0.02748148888349533 -0.06957799196243286 3.13785457611084
img_657 -0.027529606595635414 -0.06377331167459488 3.1381211280822754
img_658 -0.02719508484005928 -0.05790972709655762 3.138920545578003
img_659 -0.02717989683151245 -0.05222639441490173 3.1397199630737305
img_660 -0.026854733005166054 -0.046361975371837616 3.1413187980651855
img_661 -0.026783334091305733 -0.04055827856063843 -3.141333643590109
img_662 -0.027028916403651237 -0.03578200191259384 3.139986515045166
img_663 -0.027029110118746758 -0.03590292111039162 3.139986515045166
img_664 -0.027029110118746758 -0.03590292111039162 3.139986515045166
img_665 -0.026296719908714294 -0.036327335983514786 3.1231987476348877
img_666 -0.02588234841823578 -0.03657684475183487 3.084827184677124
img_667 -0.02590978890657425 -0.03705973923206329 3.0456576347351074
img_668 -0.02590978890657425 -0.03705973923206329 3.006484031677246
img_669 -0.02587319165468216 -0.03730875253677368 2.9670517444610596
img_670 -0.02561916969716549 -0.03747633844614029 2.928412914276123
img_671 -0.025559455156326294 -0.03786041587591171 2.8895106315612793
img_672 -0.025675956159830093 -0.03789284825325012 2.8495376110076904
img_673 -0.02569197677075863 -0.03782489895820618 2.8108999729156494
img_674 -0.025533167645335197 -0.03800724819302559 2.7709357738494873
img_675 -0.025337940081954002 -0.038083117455244064 2.7317636013031006
img_676 -0.02545807510614395 -0.038096845149993896 2.6917951107025146
img_677 -0.02565186284482479 -0.03793613612651825 2.6523520946502686
img_678 -0.02553342469036579 -0.03786221891641617 2.6121203899383545
img_679 -0.025291990488767624 -0.03793345391750336 2.572416305541992
img_680 -0.025419145822525024 -0.03806742653250694 2.5321805477142334
img_681 -0.02556694857776165 -0.03766931965947151 2.4919447898864746
img_682 -0.025604987516999245 -0.03748856857419014 2.4517080783843994
img_683 -0.025420326739549637 -0.03748416528105736 2.410405397415161
img_684 -0.02538274973630905 -0.03759909048676491 2.37043833732605
img_685 -0.02549872361123562 -0.037317752838134766 2.3299367427825928
img_686 -0.0252241063863039 -0.036816585808992386 2.2894322872161865
img_687 -0.025064602494239807 -0.03672344982624054 2.2489304542541504
img_688 -0.024857694283127785 -0.03669121861457825 2.2081685066223145
img_689 -0.024857332929968834 -0.0363868772983551 2.1671290397644043
img_690 -0.02468360774219036 -0.035889290273189545 2.1263630390167236
img_691 -0.024580858647823334 -0.03582550585269928 2.086388111114502
img_692 -0.024231860414147377 -0.035828299820423126 2.045359611511231
img_693 -0.024188101291656494 -0.035648833960294724 2.0043208599090576
img_694 -0.024126151576638222 -0.03535094112157822 1.9640904664993288
img_695 -0.0241214819252491 -0.03504664823412895 1.9243847131729124
img_696 -0.02391134202480316 -0.03526676073670387 1.8833487033843994
img_697 -0.02383921854197979 -0.035096731036901474 1.8431158065795898
img_698 -0.02392561361193657 -0.035012137144804 1.8031480312347414
img_699 -0.023770643398165703 -0.03461674600839615 1.7637096643447878
img_700 -0.02363857999444008 -0.03466208279132843 1.7234728336334233
img_701 -0.023682408034801483 -0.0347747765481472 1.6843039989471438
img_702 -0.023746434599161148 -0.034746941179037094 1.6448659896850586
img_703 -0.02358880080282688 -0.03442022204399109 1.6056963205337527
img_704 -0.023591237142682076 -0.03435045853257179 1.5667965412139895
img_705 -0.02359207533299923 -0.034559909254312515 1.526824712753296
img_706 -0.02396373078227043 -0.0347532220184803 1.4884499311447144
img_707 -0.024262143298983574 -0.03469356521964073 1.4490123987197876
img_708 -0.024412494152784348 -0.03442899510264397 1.4103755950927734
img_709 -0.024576473981142044 -0.03468535467982292 1.3717372417449953
img_710 -0.025001002475619316 -0.03495573252439499 1.332842469215393
img_711 -0.02531948871910572 -0.03498624637722969 1.2936699390411381
img_712 -0.02534899115562439 -0.03486897796392441 1.255298733711243
img_713 -0.025553904473781586 -0.03491224721074104 1.216130256652832
img_714 -0.025833098217844963 -0.03514386713504791 1.1769599914550781
img_715 -0.026179278269410133 -0.03518904373049736 1.1383174657821657
img_716 -0.02643912099301815 -0.03503064811229706 1.0988802909851074
img_717 -0.026515081524848938 -0.03491350635886192 1.060778856277466
img_718 -0.026615679264068604 -0.03521718084812164 1.0208120346069338
img_719 -0.026897991076111794 -0.03533067926764488 0.9819132089614871
img_720 -0.027122121304273605 -0.035013046115636826 0.9424721598625184
img_721 -0.027134761214256287 -0.035133298486471176 0.9033035635948183
img_722 -0.02734203450381756 -0.035103265196084976 0.8641338944435121
img_723 -0.027683943510055542 -0.035224415361881256 0.824166774749756
img_724 -0.027861442416906357 -0.03506017103791237 0.7841988205909729
img_725 -0.0275783222168684 -0.03494854271411896 0.7444928884506226
img_726 -0.027408991008996964 -0.03487474098801613 0.7047883868217469
img_727 -0.027490200474858284 -0.035102568566799164 0.6648142337799074
img_728 -0.027454910799860954 -0.03492128476500511 0.6253821849822998
img_729 -0.027327515184879303 -0.03497845306992531 0.5848773121833802
img_730 -0.026902934536337852 -0.034987375140190125 0.5446398854255677
img_731 -0.026835881173610687 -0.03530018404126167 0.5038724541664124
img_732 -0.02701927162706852 -0.035401295870542526 0.46390739083290106
img_733 -0.026956839486956596 -0.03537005931138992 0.42340639233589183
img_734 -0.02655317820608616 -0.03558605909347534 0.3821025490760804
img_735 -0.026463009417057037 -0.0358104407787323 0.3421359062194824
img_736 -0.026566578075289726 -0.03603987395763397 0.3010985553264618
img_737 -0.026366567239165306 -0.03597776219248772 0.26033094525337225
img_738 -0.026003345847129822 -0.036256421357393265 0.21902891993522647
img_739 -0.02579357661306858 -0.036395542323589325 0.17932680249214175
img_740 -0.026025211438536644 -0.03668330982327461 0.13749286532402039
img_741 -0.025784602388739586 -0.03689416125416756 0.09752348810434341
img_742 -0.025454264134168625 -0.03704409673810005 0.056753262877464294
img_743 -0.02515489049255848 -0.03739042580127716 0.017051145434379578
img_744 -0.025294482707977295 -0.03739280626177788 -0.023447424173355103
img_745 -0.025403430685400963 -0.03757169097661972 -0.06341871619224548
img_746 -0.02526407316327095 -0.037580542266368866 -0.1036580950021744
img_747 -0.02497037872672081 -0.03779344633221626 -0.14362603425979617
img_748 -0.024849507957696915 -0.037933092564344406 -0.18305917084217077
img_749 -0.025146113708615303 -0.038001157343387604 -0.22329597175121313
img_750 -0.025113210082054138 -0.037698619067668915 -0.2630004882812501
img_751 -0.024910960346460342 -0.03775307163596153 -0.30217251181602484
img_752 -0.024711009114980698 -0.0378153994679451 -0.3413426578044892
img_753 -0.02490835450589657 -0.037745293229818344 -0.3813099563121797
img_754 -0.025087451562285423 -0.03734779730439186 -0.4196802377700806
img_755 -0.02492515929043293 -0.0371553972363472 -0.4585826694965363
img_756 -0.024741889908909798 -0.03717844560742378 -0.49748727679252636
img_757 -0.024626484140753746 -0.036965928971767426 -0.5358563661575318
img_758 -0.02498575486242771 -0.03668228164315224 -0.5747556686401368
img_759 -0.024788515642285347 -0.03637775778770447 -0.613132417201996
img_760 -0.02466183342039585 -0.036319032311439514 -0.6520375013351442
img_761 -0.024570578709244728 -0.036084454506635666 -0.691472053527832
img_762 -0.024762338027358055 -0.03576875478029251 -0.7303710579872132
img_763 -0.024780355393886566 -0.03526559844613075 -0.7692782878875735
img_764 -0.024511029943823814 -0.03493726626038551 -0.8081822991371157
img_765 -0.02442360855638981 -0.0348537415266037 -0.8473488092422484
img_766 -0.02454005926847458 -0.03463054075837135 -0.8870576024055482
img_767 -0.02450416050851345 -0.03419598564505577 -0.9262321591377259
img_768 -0.024226972833275795 -0.03416229039430618 -0.9648658037185669
img_769 -0.024256786331534386 -0.03422541171312332 -1.0050982236862183
img_770 -0.024154694750905037 -0.034160591661930084 -1.0434725284576418
img_771 -0.024225858971476555 -0.03379809483885765 -1.0831754207611084
img_772 -0.024188801646232605 -0.03373892977833748 -1.1228772401809695
img_773 -0.02413746900856495 -0.03398537263274193 -1.1631156206130981
img_774 -0.024068409577012062 -0.03429778665304184 -1.2022893428802492
img_775 -0.02428176999092102 -0.0340808741748333 -1.2425187826156616
img_776 -0.02414383925497532 -0.03392326831817627 -1.2824881076812744
img_777 -0.02417202852666378 -0.03404085710644722 -1.322457790374756
img_778 -0.024287773296236992 -0.034322258085012436 -1.3626894950866701
img_779 -0.02439166232943535 -0.03441555052995682 -1.4031922817230227
img_780 -0.024492040276527405 -0.03418470919132233 -1.4436956644058228
img_781 -0.02448319084942341 -0.034253958612680435 -1.4841985702514648
img_782 -0.024763213470578194 -0.03452352434396744 -1.525232315063477
img_783 -0.025060420855879784 -0.03464190289378166 -1.5652005672454834
img_784 -0.02536410093307495 -0.03439923748373985 -1.6065046787261963
img_785 -0.025492411106824875 -0.03460421413183212 -1.646471381187439
img_786 -0.02580702304840088 -0.03475538268685341 -1.6877706050872803
img_787 -0.026264041662216187 -0.035018015652894974 -1.7285416126251223
img_788 -0.026557093486189842 -0.03493605554103851 -1.7690424919128418
img_789 -0.02654334343969822 -0.034867607057094574 -1.8092793226242068
img_790 -0.0265763271600008 -0.03500328212976456 -1.8503143787384035
img_791 -0.027050524950027466 -0.0351213775575161 -1.890549421310425
img_792 -0.027050524950027466 -0.0351213775575161 -1.93052339553833
img_793 -0.02715885639190674 -0.03489416837692261 -1.9715585708618166
img_794 -0.027074763551354408 -0.035005610436201096 -2.011256456375122
img_795 -0.027412772178649902 -0.03515518456697464 -2.05178165435791
img_796 -0.027616742998361588 -0.03528483584523201 -2.090927362442017
img_797 -0.027722517028450966 -0.03498287871479988 -2.131698846817017
img_798 -0.027582962065935135 -0.03498808667063713 -2.170342922210694
img_799 -0.027592133730649948 -0.03510863333940506 -2.209505319595337
img_800 -0.027925094589591026 -0.03525274991989136 -2.248680830001831
img_801 -0.027856113389134407 -0.03526347875595093 -2.288381814956665
img_802 -0.027512872591614723 -0.03514605760574341 -2.3267533779144287
img_803 -0.027201030403375626 -0.03534410893917084 -2.366189956665039
img_804 -0.027315810322761536 -0.03562593832612038 -2.405093193054199
img_805 -0.02710164152085781 -0.035758208483457565 -2.4437310695648193
img_806 -0.026715096086263657 -0.03551294282078743 -2.4826340675354004
img_807 -0.026373181492090225 -0.035783421248197556 -2.5210030078887944
img_808 -0.0262960996478796 -0.03595128655433655 -2.560441732406616
img_809 -0.026284053921699524 -0.03616036847233772 -2.5996100902557377
img_810 -0.025862831622362137 -0.036047887057065964 -2.638779878616333
img_811 -0.025379247963428497 -0.03605794161558151 -2.6771512031555176
img_812 -0.02521674707531929 -0.03638229891657829 -2.7163240909576416
img_813 -0.02523045241832733 -0.03652122989296913 -2.7552223205566406
img_814 -0.02505553886294365 -0.03658062592148781 -2.794128894805908
img_815 -0.024739619344472885 -0.0365305058658123 -2.833292245864868
img_816 -0.024629533290863037 -0.03687619790434837 -2.8724660873413086
img_817 -0.024831445887684822 -0.03693188726902008 -2.912437915802002
img_818 -0.02468826435506344 -0.03708473592996597 -2.950807809829712
img_819 -0.024391310289502144 -0.03696581348776817 -2.990772008895874
img_820 -0.024260524660348892 -0.03712940216064453 -3.029942750930786
img_821 -0.024275004863739014 -0.0373135469853878 -3.0701799392700195
img_822 -0.024662280455231667 -0.03728064149618149 -3.109879493713379
img_823 -0.024456776678562164 -0.03715313971042633 3.1325362364398406
img_824 -0.024351518601179123 -0.0370936319231987 3.0933678785907195
img_825 -0.024389300495386124 -0.03715233877301216 3.053130690251486
img_826 -0.024675531312823296 -0.03682345896959305 3.0131602923022673
img_827 -0.02479851432144642 -0.03668565675616264 2.972925964985983
img_828 -0.024620281532406807 -0.036470700055360794 2.9324258009540007
img_829 -0.02459868974983692 -0.03653709217905998 2.89192253748049
img_830 -0.024877186864614487 -0.03621648997068405 2.850885931645529
img_831 -0.024957748129963875 -0.03587685152888298 2.8103843371020716
img_832 -0.024694392457604408 -0.03564773127436638 2.770147625599997
img_833 -0.024639921262860298 -0.03560406342148781 2.7296450773822234
img_834 -0.024647699669003487 -0.035534679889678955 2.68780762354006
img_835 -0.024870015680789948 -0.03495540842413902 2.6475749651538294
img_836 -0.02469593845307827 -0.03470579907298088 2.607071940098898
img_837 -0.024514179676771164 -0.034672874957323074 2.56656796136965
img_838 -0.024741340428590775 -0.03438156470656395 2.5255335013019007
img_839 -0.02470911294221878 -0.03403400257229805 2.4850328604327605
img_840 -0.024745898321270943 -0.03385300561785698 2.445598665867941
img_841 -0.024442071095108986 -0.03387047350406647 2.40429407755007
img_842 -0.024412458762526512 -0.03373401612043381 2.36538821855654
img_843 -0.024544449523091316 -0.03351971134543419 2.324357096348898
img_844 -0.024647334590554237 -0.03323334828019142 2.285456720982687
img_845 -0.024373171851038933 -0.033180318772792816 2.244955364857809
img_846 -0.02435503527522087 -0.033299870789051056 2.2057855764972136
img_847 -0.02454977110028267 -0.033443350344896317 2.16580850282778
img_848 -0.02460615709424019 -0.03314432129263878 2.126906220112936
img_849 -0.024643009528517723 -0.03308502957224846 2.0880039373980925
img_850 -0.02457551285624504 -0.03344825282692909 2.0482986609088347
img_851 -0.02486559748649597 -0.033676955848932266 2.0096634070025843
img_852 -0.02510395646095276 -0.03359603136777878 1.9699595610248013
img_853 -0.025200357660651207 -0.03352304548025131 1.931590859089987
img_854 -0.025190265849232674 -0.033892326056957245 1.8926871458636685
img_855 -0.025285031646490097 -0.034181512892246246 1.8545821348773404
img_856 -0.025633277371525764 -0.03428308293223381 1.815412823353903
img_857 -0.025734206661581993 -0.03412839025259018 1.7765095869647427
img_858 -0.02586185932159424 -0.03440465033054352 1.7376039663897915
img_859 -0.026042381301522255 -0.03478901833295822 1.6987012068377896
img_860 -0.02643987163901329 -0.03501610457897186 1.6600649992572232
img_861 -0.026515647768974304 -0.03484766557812691 1.6203640143023892
img_862 -0.026812411844730377 -0.034967243671417236 1.5819905439959925
img_863 -0.02686934918165207 -0.03528204932808876 1.5420225302325652
img_864 -0.02723393216729164 -0.03534139320254326 1.503389183674948
img_865 -0.027407852932810783 -0.03522469103336334 1.463418308888571
img_866 -0.027422819286584854 -0.035363536328077316 1.4245083967791958
img_867 -0.027572961524128914 -0.035553090274333954 1.3845432440387175
img_868 -0.027611741796135902 -0.035758886486291885 1.3453772703753875
img_869 -0.027847453951835632 -0.0357048325240612 1.3054097334491177
img_870 -0.027639200910925865 -0.03539968281984329 1.2659710089312954
img_871 -0.027529144659638405 -0.03525134176015854 1.2262676397906707
img_872 -0.027486072853207588 -0.035489294677972794 1.1863015333758755
img_873 -0.02764112502336502 -0.035388898104429245 1.1460636297809053
img_874 -0.02726496383547783 -0.03529082611203194 1.1058242956744597
img_875 -0.027062982320785522 -0.03515785187482834 1.0658577124225068
img_876 -0.02702469751238823 -0.035338547080755234 1.024556461964743
img_877 -0.02709997072815895 -0.03557875007390976 0.9848526159869595
img_878 -0.026914462447166443 -0.03540858253836632 0.943814102803366
img_879 -0.026456836611032486 -0.03539527580142021 0.9033096472369595
img_880 -0.026266930624842644 -0.03554495424032211 0.8625472227679655
img_881 -0.026288123801350594 -0.03584856912493706 0.8220389525042936
img_882 -0.02605697698891163 -0.035777460783720016 0.7804716269122526
img_883 -0.025635218247771263 -0.03595536947250366 0.7399738470660613
img_884 -0.025250954553484917 -0.036013856530189514 0.6997392813311979
img_885 -0.02520201914012432 -0.0362887941300869 0.6592362562762663
img_886 -0.024971837177872658 -0.03618691861629486 0.6182006041156216
img_887 -0.02461068518459797 -0.03615264967083931 0.577430073414938
img_888 -0.024357954040169716 -0.03634875267744064 0.5382640997516082
img_889 -0.02435590699315071 -0.036488380283117294 0.49722415605653975
img_890 -0.02435774728655815 -0.03655816614627838 0.45752412477602206
img_891 -0.024353137239813805 -0.036488499492406845 0.4172843138324185
img_892 -0.023999853059649467 -0.03659640625119209 0.3775838057147428
img_893 -0.023945117369294167 -0.0366397351026535 0.3373497168170377
img_894 -0.024089785292744637 -0.0367545448243618 0.29791719118227206
img_895 -0.024227529764175415 -0.036543820053339005 0.25847512880434237
img_896 -0.02397584170103073 -0.03653981536626816 0.2190378347979947
img_897 -0.023907702416181564 -0.03652464598417282 0.18013698259462557
img_898 -0.024045072495937347 -0.03654966130852699 0.14043313661684234
img_899 -0.024312399327754974 -0.03640427067875862 0.1015299002276822
img_900 -0.02426745928823948 -0.036156609654426575 0.06262809434999664
img_901 -0.02403494156897068 -0.03596029058098793 0.023990933095113822
img_902 -0.02421378716826439 -0.03578313812613487 -0.01464861234556001
img_903 -0.02455928921699524 -0.03553619980812073 -0.05355375608335299
img_904 -0.024641184136271477 -0.035108089447021484 -0.09271400770078464
img_905 -0.024461781606078148 -0.03506404161453247 -0.13162201246152683
img_906 -0.02469542808830738 -0.03576498478651047 -0.14174812635312836
img_907 -0.0248247180134058 -0.03592974692583084 -0.14174812635312836
img_908 -0.024781620129942894 -0.03587482497096062 -0.14201467832456385
img_909 -0.024781620129942894 -0.03587482497096062 -0.14201467832456385
